10 10.9571552276611
10.0372009367102 10.9640369368129
10.0745402643896 10.9444569150047
10.1120184978655 10.9031964308143
10.1496361538807 10.8619376484955
10.1873937510998 10.8209309048716
10.2252918101175 10.7808031449419
10.2633308534646 10.7406774189273
10.3015114056161 10.7005590388417
10.3398339929981 10.661104428615
10.3782991439948 10.621743763193
10.4169073889563 10.5823897529672
10.4556592602056 10.5436579142455
10.4945552920458 10.5054218163645
10.5335960207679 10.4671907601361
10.5727819846578 10.4292045415234
10.6121137240039 10.3920471439987
10.6515917811047 10.3548969901949
10.6912167002759 10.3177545325046
10.7309890278581 10.2812265507921
10.7709093122244 10.2447900746253
10.8109781037879 10.2083624294112
10.8511959550093 10.1725352396591
10.8915634204045 10.1371965365723
10.9320810565522 10.1018697275791
10.9727494221018 10.0667021376054
11.0135690777806 10.0320881108308
11.0545405864021 9.99748520108325
11.0956645128736 9.96289387656072
11.1369414242037 9.92920360711256
11.1783718895104 9.89563142051428
11.2199564800288 9.86228173456074
11.2616957691193 9.82938869138463
11.3035903322749 9.79692779412641
11.3456407471298 9.76448565878164
11.3878475934668 9.73228859429524
11.4302114532258 9.700854969417
11.4727329105113 9.66944190669878
11.515412551601 9.63804992029101
11.5582509649534 9.60727244643177
11.6012487412161 9.57658576960617
11.6444064732342 9.54592026489498
11.6877247560581 9.51595709343695
11.7312041869517 9.4866579932728
11.774845365401 9.45752223264868
11.818648893122 9.42869594071329
11.8626153740693 9.40054334791227
11.9067454144441 9.37254495417689
11.9510396227028 9.34469871739535
11.9954986095653 9.31757071536838
12.0401229880234 9.29065990317259
12.0849133733495 9.26389210451845
12.1298703831044 9.23790265954731
12.1749946371469 9.21252431999675
12.2202867576412 9.18728044168602
12.2657473690664 9.16236480131381
12.3113770982243 9.13821624429393
12.3571765742489 9.11419593174577
12.4031464286144 9.09029881617889
12.4492872951442 9.06707674302868
12.4955998100196 9.04403969498385
12.5420846117884 9.02112201917117
12.5887423413741 9.01586911406856
12.6355736420843 9.00130073351005
12.6825791596199 8.98689838686812
12.7297595420838 8.97291079092413
12.7771154399899 8.9598351577285
12.8246475062721 8.94692622460831
12.8723563962932 8.93418598668206
12.9202427678541 8.92214668433665
12.9683072812028 8.91033368589991
13.0165505990434 8.89869127822863
13.0649733865454 8.88767157164038
13.1135763113527 8.87716189992533
13.162360043593 8.86683371805177
13.2113252558868 8.85692699670003
13.260472623357 8.84791940573709
13.3098028236379 8.83909419509317
13.3593165368846 8.83045487668405
13.4090144457825 8.82251552850128
13.4588972355569 8.81481652961665
13.5089655939818 8.80730532202232
13.5592202113899 8.80041409943616
13.6096617806823 8.79402354860597
13.6602909973373 8.78782269152868
13.7111085594207 8.782035793424
13.7621151675953 8.77708342704372
13.8133115251301 8.77232456687074
13.8646983379105 8.76776028318873
13.9162763144479 8.7640294802416
13.9680461658894 8.76055336149098
14.0200086060276 8.75726797940537
14.0721643513105 8.75449372315928
14.1245141208514 8.75214388042485
14.1770586364386 8.74998949580371
14.2297986225456 8.74824809493618
14.2827348063412 8.74732399099326
14.3358679176991 8.7465963360069
14.3891986892083 8.7460660963935
14.442727856183 8.7464742646334
14.496456156673 8.74713706986961
14.5503843314737 8.74800109559415
14.6045131241361 8.74937248118207
14.6588432809775 8.75116825987005
14.7133755510915 8.75316717260323
14.7681106863584 8.75556852820484
14.8230494414556 8.75875281686893
14.8781925738679 8.76216218833109
14.9335408438982 8.76579567795287
14.9890950146774 8.77025797372454
15.0448558521758 8.77499959991697
15.1008241252129 8.77997014860214
15.1570006054682 8.7855196067417
15.2133860674922 8.79154391064598
15.2699812887167 8.79780005354304
15.3267870494654 8.80448723556588
15.3838041329651 8.8119725934252
15.4410333253564 8.81969260657967
15.498475415704 8.82764726075576
15.5561311960084 8.83635518418892
15.6140014612162 8.84534552691759
15.6720870092313 8.85457520676552
15.730388640926 8.86440849296936
15.7889071601517 8.87473775922765
15.8476433737505 8.8853083544104
15.9065980915658 8.89629554757265
15.9657721264536 8.90800771280577
16.0251662942941 8.91996589504414
16.0847814140026 8.93216891302139
16.1446183075405 8.94513687672072
16.2046777999274 8.95839314588331
16.2649607192518 8.97189796187639
16.3254678966828 8.98600192960535
16.3862001664817 9.00053983173114
16.447158366013 9.01525391288252
16.5083433357566 9.03027835668974
16.569755919319 9.04587278180875
16.6313969634448 9.06163113026188
16.6932673180286 9.07755361955846
16.7553678361271 9.09423843246738
16.8176993739698 9.11112688392449
16.880262790972 9.12818062015104
16.9430589497458 9.14570072071028
17.0060887161124 9.1635829330924
17.069352959114 9.18163200077551
17.1328525510256 9.20001792812466
17.1965883673671 9.21900172576115
17.2605612869157 9.23815640837013
17.3247721917173 9.25747976437322
17.3892219670996 9.27750897865471
17.4539115016833 9.29773638005715
17.5188416873952 9.31813459669114
17.5840134194801 9.33906664730542
17.649427596513 9.36039835244856
17.7150851204118 9.38190241262201
17.7809868964498 9.40370658796752
17.8471338332678 9.42602259638654
17.9135268428867 9.4485121822334
17.9801668407205 9.47117786870232
18.0470547455885 9.49454228187848
18.1141914797281 9.51811519349591
18.1815779688074 9.54186354406546
18.2492151419383 9.56605591672627
18.3171039316889 9.59058937617912
18.3852452740965 9.61528906596971
18.4536401086808 9.64030938015229
18.5222893784564 9.66580966936333
18.5911940299459 9.69135947447689
18.6603550131934 9.71692004846354
18.7297732817769 9.74288204152298
18.799449792822 9.76885123265628
18.8693855070149 9.79480580443134
18.9395813886156 9.82104986723901
19.0100384054711 9.84746266518912
19.0807575290291 9.87385955074862
19.151739734351 9.90038513474724
19.2229860001258 9.92723742747141
19.2944973086829 9.95407514882074
19.3662746460064 9.98089914772534
19.4383190017482 10.0081809015171
19.5106313692418 10.0354680291704
19.5832127455161 10.0627396925706
19.6560641313089 10.0902487390016
19.7291865310809 10.1178968522957
19.8025809530295 10.1455313408923
19.8762484091027 10.1732918199123
19.950189915013 10.2013770379657
20.0244064902514 10.2294483400448
20.0988991581017 10.2575051600251
20.1736689456542 10.2859198133397
20.2487168838201 10.3143360230548
20.3240440073458 10.3427374764783
20.3996513548271 10.3714049450001
20.4755399687231 10.4002236590625
20.5517108953714 10.4290278479259
20.6281651850019 10.457951886636
20.7049038917513 10.4871737815393
20.7819280736781 10.5163799533669
20.8592387927765 10.5455700775158
20.9368371149918 10.5751384259739
21.0147241102344 10.6048991695076
21.092900852395 10.6348722920716
21.1713684193594 10.6652796912287
21.2501278930231 10.6960306562629
21.3291803593062 10.7269947498088
21.4085269081689 10.7582939220126
21.4881686336258 10.7900972036282
21.5681066337615 10.8221134138447
21.6483420107456 10.8543433654621
21.7288758708478 10.8871296848677
21.8097093244533 10.9201411285808
21.8908434860779 10.9533659284839
21.9722794743837 10.9870466085602
22.0540184121942 11.0210763661395
22.1360614265099 11.0553219928611
22.2184096485239 11.0899006169577
22.3010642136375 11.124959280022
22.3840262614756 11.1602385597392
22.4672969359028 11.1957389373924
22.5508773850389 11.2317813383953
22.6347687612749 11.2680565766961
22.7189722212887 11.3045516722402
22.8034889260611 11.3414894607675
22.8883200408921 11.3787704413684
22.9734667354164 11.416274010178
23.0589301836202 11.4541152451829
23.1447115638567 11.4924283853896
23.230812058863 11.5309829649828
23.3172328557757 11.5696442998128
23.4039751461482 11.6085808637546
23.491040125966 11.6474861122115
23.5784289956642 11.6864045533148
23.6661429601435 11.7255437721926
23.754183228787 11.764816468283
23.8425510154766 11.8041127628692
23.9312475386102 11.8435305783566
24.0202740211181 11.8831838407661
24.1096316904802 11.922862651312
24.1993217787425 11.9625711583209
24.2893455225345 12.0025971815994
24.3797041630861 12.0426571825388
24.4703989462445 12.0827489650967
24.5614311224917 12.1230513065186
24.6528019469616 12.1634819038711
24.7445126794573 12.2039461672471
24.8365645844686 12.2445343018236
24.9289589311891 12.2853441407703
25.0216969935341 12.3261903921065
25.1147800501579 12.3670757553168
25.2082093844715 12.4082677077374
25.3019862846603 12.4495037188102
25.3961120437021 12.4907816097047
25.4905879593843 12.5322545376273
25.5854153343225 12.5738517813521
25.6805954759781 12.6154222828899
25.7761296966763 12.6570333715441
25.8720193136242 12.6988079337446
25.9682656489293 12.7406120801339
26.0648700296171 12.782448420757
26.1618337876502 12.8245101720352
26.2591582599459 12.8665262468232
26.356844788395 12.908505801209
26.4548947198803 12.9506167080911
26.5533094062951 12.9927829856713
26.6520902045621 13.0349197949763
26.7512384766515 13.0770819386579
26.8507555896003 13.1193341776907
26.9506429155313 13.161556934336
27.0509018316712 13.203750787007
27.1515337203705 13.2461292852624
27.2525399691221 13.288477638493
27.3539219705804 13.3307991363375
27.4556811225806 13.3732300952029
27.5578188281582 13.4157006890577
27.6603364955679 13.4581437942946
27.7632355383033 13.5006181651679
27.8665173751163 13.5431840148514
27.9701834300368 13.5857692858771
28.0742351323921 13.6284491191225
28.1786739168268 13.6713759078983
28.2835012233224 13.7143995643802
28.3887184972175 13.7575191160263
28.4943271892273 13.8008526297953
28.6003287554639 13.8443452200264
28.7067246574561 13.8879348859832
28.81351636217 13.9316576870713
28.9207053420286 13.9755714470358
29.0282930749329 14.0195558273453
29.1362810442814 14.0636097011113
29.2446707389912 14.1078547906081
29.3534636535184 14.1521699889342
29.4626612878783 14.1965539992496
29.5722651476666 14.2411230057213
29.6822767440801 14.2857948326783
29.7926975939372 14.330518596174
29.9035292196989 14.375343912638
30.0147731494902 14.420319853844
30.1264309171207 14.465343638783
30.2385040621058 14.5104158913155
30.3509941296883 14.5559558948245
30.4639026708593 14.6019064692206
30.5772312423796 14.6482671176803
30.6909814068016 14.695097175146
30.8051547324904 14.742365809028
30.9197527936455 14.7900441128467
31.0347771703225 14.8381712088786
31.1502294484553 14.8867849553418
31.2661112198773 14.9358062093783
31.3824240823437 14.9852526725082
31.4991696395536 15.0352074649071
31.616349501172 15.0856148692079
31.733965282852 15.1364728601918
31.852018606257 15.18784247865
31.9705110990833 15.2396929595266
32.0894443950822 15.291997482181
32.2088201340828 15.3447722466706
32.3286399620146 15.3980369469738
32.4489055309299 15.4517553391524
32.569618499027 15.5059262573593
32.6907805306726 15.5611819724887
32.8123932964254 15.6175442251572
32.9344584730584 15.6750644699477
33.0569777435824 15.733842592775
33.1799527972693 15.793847194397
33.3033853296751 15.8548758477845
33.4272770426635 15.9169132516394
33.5516296444293 15.9799640900199
33.6764448495218 16.0440119888773
33.8017243788689 16.109064575327
33.9274699598002 16.1751492875494
34.0536833260713 16.2423548637969
34.1803662178875 16.3107088390192
34.3075203819277 16.3802158138298
34.4351475713689 16.4508807469526
34.5632495459097 16.5227042317021
34.6918280717952 16.5957022128744
34.8208849218411 16.6698895762872
34.9504218754581 16.7450055235487
35.0804407186764 16.820453758959
35.2109432441705 16.8964317810526
35.3419312512837 16.9727483061396
35.4734065460531 17.0493977243472
35.6053709412345 17.1262863546817
35.7378262563273 17.2034639004726
35.8707743175993 17.2809892789349
36.0042169581128 17.3588324094065
36.1381560177486 17.4369597119859
36.2725933432325 17.5154717658402
36.40753078816 17.5943693338024
36.5429702130224 17.6736001041544
36.6789134852321 17.7534544264116
36.8153624791483 17.8339795187567
36.9523190761032 17.9152578017428
37.0897851644277 17.9974605041656
37.2277626394773 18.0806112862511
37.3662534036585 18.1664832481722
37.5052593664551 18.2552502289616
37.6447824444542 18.3469501534235
37.7848245613726 18.441587580301
37.9253876480839 18.5391764640775
38.0664736426444 18.6397295486745
38.2080844903204 18.7432559033585
38.3502221436146 18.8497418442654
38.4928885622931 18.9592202412973
38.6360857134129 19.0717031207151
38.7798155713483 19.1872042787619
38.9240801178185 19.3057329144524
39.068881341915 19.427302772345
39.2142212401288 19.5518182369075
39.3601018163781 19.6789992961388
39.5065250820358 19.8088686644791
39.6534930559574 19.9414835393082
39.8010077645086 20.0769247244459
39.9490712415935 20.2151882756389
40.0976855286824 20.3562667551831
40.2468526748401 20.500182912948
40.3965747367541 20.6469257147659
40.5468537787631 20.7965238289838
40.6976918728852 20.9490270077805
40.8490910988465 21.1045327878141
41.0010535441102 21.2629802364675
41.1535813039047 21.4243810612804
41.3066764812531 21.5887620387231
41.4603411870018 21.7561079112704
41.6145775398498 21.926436598369
41.7693876663778 22.0997711571865
41.9247737010778 22.2763056206766
42.080737786382 22.4534317643164
42.2372820726929 22.631155324986
42.3944087184125 22.8095449942423
42.5521198899724 22.9885593617452
42.7104177618635 23.1681984752181
42.869304516666 23.3483751616115
43.0287823450793 23.5290494347183
43.1888534459529 23.7102213725951
43.3495200263157 23.8919011056618
43.5107843014072 24.0741121106586
43.6726484947079 24.2568425653363
43.8351148379697 24.4401221791556
43.9981855712467 24.6239162613648
44.1618629429266 24.808273127867
44.3261492097609 24.9934122697605
44.4910466368967 25.1794087246699
44.6565574979076 25.3663389546029
44.822684074825 25.5542417703852
44.9894286581698 25.7431078271784
45.1567935469838 25.9329340168155
45.3247810488614 26.123761976926
45.4933934799815 26.3156019601932
45.6626331651395 26.5083917716779
45.8325024377791 26.7022169198628
46.0030036400248 26.897105950197
46.1741391227139 27.092691266997
46.345911245429 27.2890147980348
46.5183223765307 27.4861149390126
46.69137489319 27.6819162427586
46.8650711814213 27.8759488773996
47.0394136361151 28.0679685672346
47.2144046610712 28.2566276074082
47.3900466690317 28.441833141686
47.5663420817144 28.6236464709508
47.743293329846 28.8020606458055
47.9209028531959 28.9769960463683
48.0991731006096 29.1481939258101
48.2781065300423 29.3156183661338
48.4577056085935 29.4791843382111
48.63797281254 29.6388483983508
48.8189106273711 29.7946837486843
49.000521547822 29.9468603757646
49.1828080779086 30.095337037564
49.3657727309621 30.2403396533594
49.5494180296635 30.3821572207865
49.7337465060782 30.5207488217946
49.9187607016915 30.6562813242321
50.1044631674429 30.7888289381363
50.2908564637618 30.9182860842521
50.4779431606027 31.0446088947249
50.6657258374805 31.1679135196535
50.854207083506 31.2881742939773
51.043389497422 31.4051539555782
51.2332756876387 31.5193114971273
51.4238682722698 31.6319226054917
51.6151698791687 31.7427465538413
51.8071831459647 31.8513951149365
51.9999107200992 31.9578772624917
52.1933552588626 32.0620649624595
52.3875194294302 32.1627805509961
52.5824059089 32.2599414893929
52.7780173843286 32.3525650247289
52.9743565527689 32.4402918891288
53.1714261213071 32.5233388160847
53.3692288070999 32.6016809204887
53.5677673374123 32.6752583555252
53.7670444496548 32.7446099574956
53.9670628914213 32.8097530888602
54.1678254205271 32.8706250001994
54.3693348050468 32.9271696963093
54.5715938233525 32.9794043425037
54.7746052641521 33.0273171474075
54.9783719265278 33.0710146478465
55.1828966199745 33.1104737986452
55.3881821644389 33.1458852214326
55.594231390358 33.1779595444215
55.8010471386984 33.2065504408242
56.0086322609952 33.232204388048
56.2169896193917 33.255302229455
56.4261220866785 33.2758980926785
56.6360325463332 33.2937088328791
56.8467238925604 33.3087538552895
57.0581990303312 33.3214300982534
57.2704608754236 33.3312301100844
57.4835123544625 33.3382606333768
57.6973564049602 33.3436546131121
57.9119959753568 33.3471183843354
58.1274340250607 33.3484916679423
58.3436735244898 33.3478317266273
58.5607174551122 33.3451347485183
58.7785688094872 33.3400840576086
58.9972305913069 33.332702633718
59.2167058154372 33.3220176405191
59.4369975079597 33.3090171086684
59.6581087062134 33.2937010972361
59.8800424588363 33.2762718648238
60.1028018258077 33.2566528716611
60.3263898784903 33.2350463283915
60.5508096996726 33.2119520351504
60.7760643836113 33.1895143036082
61.0021570360742 33.1675833018435
61.2290907743825 33.1461716517493
61.4568687274545 33.1253622619796
61.685494035848 33.1050643431709
61.9149698518044 33.0852890484421
62.1452993392914 33.0660971516579
62.376485674047 33.0474546953599
62.6085320436233 33.0291786124196
62.8414416474305 33.0115242352972
63.0752176967808 32.9907303303826
63.3098634149326 32.9667778656287
63.5453820371355 32.939659281421
63.7817768106743 32.9093665536413
64.0190509949139 32.8759116515102
64.2572078613447 32.8392832837099
64.4962506936269 32.7994733530187
64.7361827876367 32.7564926824894
64.9770074515108 32.7103304581691
65.2187280056928 32.6605337011882
65.4613477829786 32.6053089199318
65.7048701285624 32.5446667880939
65.9492984000827 32.4798612707765
66.1946359676689 32.4111015669126
66.4408862139876 32.3390582836443
66.688052534289 32.2662229497198
66.9361383364543 32.1925212183993
67.1851470410421 32.1180200314018
67.4350820813359 32.0427702061771
67.6859469033913 31.967757205159
67.9377449660834 31.8936078584786
68.190479741155 31.8218564949418
68.4441547132637 31.7525057592542
68.6987733800307 31.6853835969065
68.9543392520884 31.6207520482621
69.2108558531293 31.5585359972784
69.4683267199542 31.4984482715676
69.7267554025213 31.440700073421
69.9861454639949 31.386045367775
70.2465004807944 31.3345008245495
70.5078240426442 31.2859217863377
70.7701197526224 31.2379014997636
71.0333912272113 31.1903996440483
71.2976420963466 31.1432196129802
71.5628760034677 31.0966011114377
71.8290966055681 31.0505633544423
72.0963075732454 31.0048729923756
72.3645125907524 30.9609217640042
72.6337153560475 30.9182964170169
72.903919580846 30.8769212279612
73.1751289906711 30.8364835614081
73.4473473249052 30.795915934373
73.7205783368417 30.7551941146385
73.9948257937363 30.7160856441612
74.2700934768597 30.6791137028878
74.5463851815488 30.6441804918486
74.82370471726 30.6109737003764
75.1020559076207 30.5794985735251
75.3814425904831 30.5497585721101
75.6618686179762 30.5216957781994
75.9433378565593 30.4957484052096
76.2258541870754 30.4721373594392
76.5094215048047 30.4508686662678
76.7940437195179 30.4319839990871
77.0797247555308 30.4142591066121
77.3664685517576 30.3976250728474
77.654279061766 30.3820287178797
77.9431602538311 30.3672981647453
78.2331161109905 30.3533878345049
78.524150631099 30.3408506959918
78.8162678268838 30.3299827981945
79.1094717259999 30.3202038628928
79.4037663710853 30.3100622816185
79.6991558198174 30.2995396334213
79.9956441449681 30.2884959968381
80.2932354344608 30.2769241466659
80.5919337914261 30.2649574444808
80.8917433342586 30.252487314919
81.192668196674 30.2402762045916
81.4947125277655 30.2274170050135
81.7978804920615 30.2130585467509
82.1021762695827 30.1970689720787
82.4076040558999 30.1795861865973
82.714168062192 30.1608293247484
83.0218725153037 30.1405907306718
83.3307216578039 30.1188695830491
83.6407197480444 30.0958173254749
83.9518710602185 30.072447026969
84.2641798844197 30.049999463769
84.5776505267013 30.028610328304
84.8922873091352 30.00821500872
85.2080945698721 29.9882009633032
85.525076663201 29.9683228263043
85.8432379596091 29.9472351650417
86.1625828458423 29.9248447088383
86.4831157249656 29.9013099981836
86.804841016424 29.8768309808125
87.1277631561029 29.8511866429688
87.4518865963899 29.8242895241458
87.7772158062356 29.7962454176707
88.103755271216 29.7670514044098
88.4315094935933 29.7365418810718
88.760482992379 29.7017783887414
89.0906803033954 29.6644728821798
89.4221059793388 29.624351230181
89.7547645898416 29.5814061269531
90.088660721536 29.535671298705
90.4237989781166 29.4871022986155
90.7601839804045 29.4356786745139
91.0978203664104 29.3833166174721
91.436712791399 29.3300039552461
91.7768659279529 29.2750296681108
92.1182844660374 29.2186701659893
92.4609731130645 29.1622032518364
92.8049365939585 29.1058582866762
93.1501796512209 29.0495620180525
93.4967070449956 28.9926161668527
93.8445235531347 28.9352240479901
94.1936339712644 28.8785820107631
94.5440431128511 28.8235609312855
94.8957558092676 28.7701593395419
95.2487769098601 28.7186149261274
95.6031112820147 28.6690711955148
95.9587638112245 28.6216200876884
96.3157394011573 28.574778008064
96.674042973723 28.5286901852331
97.0336794691412 28.4839092089049
97.39465384601 28.4407348029809
97.7569710813735 28.3992521875946
98.1206361707911 28.3562564624495
98.4856541284063 28.3117450076077
98.8520299870155 28.2654320812552
99.2197687981374 28.2169575581509
99.5888756320832 28.1641291394393
99.9593555780259 28.1107086162696
100.331213744071 28.058191463061
100.704455257326 28.0070930664521
101.079085263972 27.9575864255969
101.455108929334 27.909715617192
101.832531437955 27.8633751208937
102.211357993661 27.8190993296629
102.591593819639 27.7772900451934
102.973244158507 27.7385196272809
103.356314272386 27.7030450152571
103.74080944297 27.6725671781509
104.126734971605 27.6470869311742
104.514096179357 27.6263772626967
104.902898407086 27.6094399493713
105.293147015521 27.595355908458
105.684847385335 27.5842704275577
106.078004917216 27.576187108612
106.472625031943 27.5711975186061
106.868713170461 27.5692691813108
107.266274793956 27.57153704575
107.665315383931 27.5801239634836
108.065840442278 27.5950545806044
108.467855491361 27.6162241906785
108.871366074083 27.6447523377252
109.27637775397 27.680750171488
109.682896115245 27.7191979097494
110.090926762902 27.7553767838357
110.500475322789 27.7893297033114
110.911547441682 27.8204557302233
111.324148787363 27.8483714180745
111.738285048698 27.8730451650676
112.153961935718 27.8946075800504
112.571185179695 27.9145470995629
112.98996053322 27.933530842614
113.410293770289 27.9515781480687
113.832190686372 27.9687804857964
114.255657098502 27.9875108687526
114.680698845352 28.0089224077505
115.107321787315 28.0333175142325
115.535531806584 28.0621529953107
115.965334807235 28.0953390638791
116.396736715309 28.1329498854538
116.829743478891 28.1756573875615
117.264361068193 28.223387069071
117.700595475639 28.2754368382758
118.138452715943 28.3310320769173
118.577938826195 28.3892036198886
119.019059865945 28.448576197982
119.461821917283 28.5091246749865
119.906231084925 28.5709738420677
120.3522934963 28.6352517938557
120.800015301628 28.703221818834
121.24940267401 28.7741142571201
121.700461809513 28.8467215637251
122.15319892725 28.9211255272467
122.607620269474 28.9974384356606
123.063732101657 29.0708814467395
123.52154071258 29.1383918760643
123.981052414419 29.1980452383281
124.442273542832 29.2498433218591
124.905210457046 29.2936914512204
125.369869539945 29.3316761970031
125.836257198157 29.3661193304817
126.304379862144 29.4012601914971
126.774243986291 29.4370783063085
127.245856048992 29.4735449826358
127.719222552743 29.5106467833208
128.194350024229 29.5503787016082
128.671245014415 29.5928607865114
129.149914098635 29.6381527452449
129.630363876686 29.6870148008278
130.112600972915 29.7394435504933
130.596632036314 29.7944581765868
131.082463740608 29.8515650458203
131.570102784351 29.9108205019809
132.059555891015 29.972667804131
132.550829809082 30.0371116577507
133.043931312143 30.1035100741743
133.538867198985 30.1707252886594
134.035644293687 30.2386932048621
134.534269445714 30.3074281130715
135.034749530014 30.3758761756995
135.537091447108 30.4427658348282
136.041302123189 30.5071177895681
136.547388510214 30.5677502983503
137.055357586005 30.6236418249222
137.56521635434 30.6755676546725
138.076971845052 30.7244116156888
138.590631114126 30.7720331275786
139.106201243796 30.8164253292199
139.623689342642 30.8576031911194
140.14310254569 30.8958744279916
140.664448014507 30.9333212995615
141.187732937303 30.9721148959359
141.712964529029 31.015155596755
142.240150031474 31.0604216207372
142.769296713371 31.1066317397514
143.30041187049 31.1538197568454
143.833502825744 31.2016759980936
144.368576929286 31.247932506677
144.905641558614 31.2921811628047
145.444704118671 31.3338109487501
145.985772041946 31.3728651893695
146.528852788578 31.4081515240181
147.073953846458 31.4386021406067
147.621082731334 31.4643079558868
148.170246986912 31.4863950476935
148.721454184961 31.5058613872522
149.274711925419 31.5230043056885
149.830027836496 31.5377997152103
150.387409574779 31.5501366400334
150.946864825339 31.5600070236435
151.508401301835 31.5645102951025
152.072026746624 31.559961191705
152.637748930863 31.5463048814652
153.205575654619 31.5235617179513
153.775514746977 31.4925554880198
154.347574066145 31.4563011080558
154.921761499565 31.4210190107152
155.498084964022 31.3916355977704
156.076552405752 31.3689861664574
156.657171800551 31.3558520931151
157.239951153886 31.3527031736643
157.824898501005 31.3596076153047
158.412021907047 31.3764173093352
159.001329467157 31.3979168736596
159.592829306591 31.4220578950159
160.186529580835 31.447439479979
160.78243847571 31.4751547973331
161.380564207495 31.5050828218771
161.980915023028 31.5346509838967
162.583499199831 31.5635873323785
163.188325046216 31.5915089133965
163.795400901405 31.6186735849799
164.40473513564 31.6450517727834
165.016336150303 31.6700856613253
165.630212378031 31.6950566664801
166.246372282828 31.721471967237
166.864824360187 31.7502671266583
167.485577137204 31.7810037885769
168.108639172699 31.8089750671295
168.734019057329 31.8334215124329
169.36172541371 31.85431863244
169.991766896534 31.8696594982759
170.624152192691 31.8767337782973
171.258890021386 31.8765811934209
171.89598913426 31.8702545855841
172.535458315511 31.8592072069535
173.177306382017 31.8466377404295
173.821542183453 31.8371487586861
174.468174602416 31.8336983198438
175.117212554548 31.840581836089
175.768664988659 31.8613759942686
176.422540886846 31.8960797257315
177.078849264624 31.9434038244436
177.737599171045 31.9971450502646
178.398799688823 32.0478970307129
179.062459934462 32.0955738338319
179.728589058382 32.1431386816187
180.397196245039 32.192805851434
181.068290713059 32.2456048698176
181.741881715363 32.3005179863449
182.417978539291 32.3591723474219
183.096590506735 32.4217531628056
183.777726974264 32.4885713522074
184.461397333255 32.5606081455103
185.147611010021 32.6384999286341
185.836377465944 32.7238766389918
186.5277061976 32.8132700831251
187.221606736895 32.9016575215263
187.918088651195 32.9883725331706
188.617161543456 33.068779510036
189.318835052359 33.1483729478621
190.023118852442 33.2272035667215
190.730022654232 33.3052173473653
191.439556204381 33.3802257414418
192.151729285799 33.4526134133192
192.86655171779 33.52327395418
193.584033356187 33.5917170567805
194.304184093485 33.6568565480932
195.027013858983 33.7175259433048
195.752532618918 33.7750777928984
196.480750376599 33.8337026586759
197.211677172552 33.8935133256241
197.945323084652 33.9540897331851
198.681698228267 34.0138775905267
199.420812756393 34.0665667972926
200.162676859797 34.1081849438665
200.907300767158 34.1412428883741
201.654694745203 34.1712379880156
202.404869098855 34.1990849536265
203.157834171373 34.2270087180558
203.913600344492 34.2567480269651
204.672178038568 34.2898634932994
205.433577712722 34.3284606539691
206.197809864986 34.3731915369217
206.964885032443 34.4247319068614
207.734813791375 34.4850460963515
208.50760675741 34.5545609525192
209.283274585667 34.627490543724
210.061827970903 34.6951674857678
210.84327764766 34.7567787657799
211.627634390414 34.8137203132733
212.414909013722 34.8725248163624
213.205112372374 34.9326403686984
213.998255361539 34.9948344978711
214.794348916918 35.0606123230931
215.593404014895 35.1300053354272
216.395431672684 35.2029533521835
217.200442948486 35.2736475838976
218.008448941641 35.3372265199386
218.819460792778 35.392852948892
219.633489683968 35.441192920462
220.450546838885 35.4824829320141
221.270643522953 35.5136412960377
222.093791043505 35.536022057835
222.920000749938 35.5496711934474
223.749284033871 35.5561981263
224.5816523293 35.5604896679854
225.417117112757 35.5648880155294
226.255689903467 35.5692977819986
227.097382263509 35.5713005057835
227.942205797972 35.570285757232
228.790172155119 35.5647430696324
229.641293026544 35.5540581170566
230.495580147337 35.5404928916235
231.35304529624 35.5207518718585
232.213700295818 35.4948348668757
233.077557012612 35.4650155289435
233.944627357311 35.4311179438242
234.814923284911 35.3920136781867
235.688456794884 35.3468325081652
236.565239931339 35.2959178964747
237.44528478319 35.2456892504194
238.328603484325 35.2010915212444
239.215208213769 35.1613770312424
240.105111195857 35.1278803444792
240.998324700395 35.1067313864156
241.894861042839 35.0987129738176
242.794732584456 35.1003188976735
243.6979517325 35.1050491304884
244.60453094038 35.1087646197061
245.514482707834 35.1081771752701
246.427819581099 35.1039619738165
247.344554153085 35.0988960517785
248.264699063551 35.0930328121096
249.188266999274 35.0883178473766
250.11527069423 35.0829124433049
251.045722929764 35.0826302292924
251.979636534771 35.0914422463282
252.91702438587 35.1098633206026
253.85789940758 35.1318513006532
254.802274572504 35.1536635882504
255.750162901502 35.173339741289
256.701577463874 35.1860161034721
257.656531377538 35.1882437976498
258.615037809212 35.1785165242864
259.577109974596 35.149051909146
260.542761138553 35.1000438322268
261.512004615294 35.0327329334854
262.484853768559 34.9474953387587
263.461322011801 34.8514645170979
264.441422808376 34.75637189629
265.42516967172 34.6630936829953
266.412576165545 34.56961738185
267.403655904018 34.4772071933162
268.398422551953 34.3899701805228
269.396889825 34.3104966915336
270.39907148983 34.2425503617818
271.404981364328 34.1854699146881
272.414633317784 34.1342167654361
273.428041271082 34.0897902794733
274.445219196894 34.0515671432896
275.466181119869 34.0149652507339
276.490941116832 33.9794119400935
277.519513316975 33.9499623676652
278.551911902049 33.9296302624611
279.588151106566 33.9178659138217
280.628245217989 33.9113044928681
281.672208576933 33.9132156333398
282.720055577362 33.9257086912744
283.771800666785 33.9478457745292
284.827458346459 33.9777566674957
285.887043171586 34.0151286925322
286.950569751514 34.0554545587699
288.018052749942 34.0949015348649
289.089506885116 34.1305389015362
290.164946930037 34.1570625162462
291.244387712663 34.1700973491615
292.327844116112 34.1693954508031
293.41533107887 34.1540300317808
294.506863594997 34.1240464041028
295.602456714328 34.0860860302332
296.702125542688 34.0571135104235
297.805885242097 34.0373075631204
298.913751030978 34.0115319759809
300.025738184368 33.9760051508227
301.14186203413 33.938133720221
302.262137969162 33.9002497521417
303.386581435609 33.8619695121435
304.51520793708 33.8219829717704
305.648033034855 33.7813837911623
306.785072348107 33.7479818406783
307.926341554112 33.7205159842285
309.071856388467 33.6975596068881
310.221632645308 33.6780011866157
311.375686177524 33.6601216434707
312.534032896982 33.638683168697
313.69668877474 33.6085776452731
314.86366984127 33.5761759152124
316.03499218668 33.5450061031437
317.210671960934 33.5156819930196
318.390725374075 33.4863050329908
319.57516869645 33.4589881102544
320.764018258932 33.4348257003387
321.957290453147 33.4128911780018
323.1550017317 33.3962287679824
324.3571686084 33.387165138257
325.563807658489 33.3841590995665
326.774935518872 33.3854522766821
327.990568888343 33.3882713290557
329.210724527818 33.3916740434481
330.435419260565 33.3948669289322
331.664669972436 33.4007987837397
332.898493612101 33.4191169009216
334.136907191279 33.4489632952319
335.379927784974 33.4791795885715
336.627572531714 33.496948285215
337.879858633779 33.5028876884784
339.136803357447 33.4954948833027
340.398424033226 33.4793626596725
341.664738056097 33.4596785895507
342.935762885749 33.441314672059
344.211516046826 33.4278717176395
345.492015129163 33.4158324476804
346.777277788032 33.4072456688411
348.067321744384 33.4069328308185
349.362164785094 33.4048955724957
350.661824763204 33.3834230157076
351.966319598173 33.3404651682761
353.275667276122 33.2956466012957
354.58988585008 33.2520824063511
355.908993440238 33.2045251069564
357.233008234193 33.1472088311146
358.561948487204 33.0788308317955
359.895832522439 32.9990584254166
361.234678731231 32.9132348031212
362.578505573331 32.8273002068297
363.927331577162 32.7505687345215
365.281175340072 32.6889044280177
366.640055528597 32.641257951739
368.003990878711 32.6034204492944
369.373000196088 32.5715176570495
370.747102356362 32.5440711737156
372.126316305386 32.5226096524809
373.510661059493 32.5027464465224
374.900155705758 32.484718281894
376.294819402263 32.4785500054825
377.694671378358 32.4720993053606
379.099730934929 32.4570655877262
380.510017444665 32.432445379626
381.92555035232 32.4054907093533
383.346349174985 32.387725777568
384.772433502359 32.3732986040176
386.203822997013 32.3542938750235
387.640537394667 32.3312606170345
389.082596504459 32.3078806375496
390.530020209219 32.2980919497712
391.982828465741 32.2942008119201
393.441041305064 32.2816123825679
394.904678832742 32.2658349672773
396.373761229123 32.2579192560226
397.848308749629 32.2513579463037
399.328341725034 32.240444138037
400.813880561743 32.2187841603222
402.304945742077 32.1835857333557
403.801557824551 32.1425624547589
405.303737444161 32.097316862528
406.811505312667 32.0394892298283
408.324882218878 31.9765609212756
409.843889028939 31.9161286969988
411.368546686621 31.8793471871619
412.898876213606 31.8577536020713
414.434898709779 31.8374863631804
415.976635353518 31.8147600176083
417.524107401988 31.7898597955749
419.077336191431 31.7521150980085
420.636343137464 31.7013571933456
422.20114973537 31.6576745883851
423.771777560397 31.6200545316592
425.348248268055 31.5806138450516
426.930583594415 31.5488661081588
428.518805356409 31.5254382672333
430.112935452127 31.5153275175822
431.712995861126 31.49712528161
433.319008644725 31.4568249865698
434.930995946316 31.405153396423
436.548979991665 31.356521628083
438.172983089221 31.319906071728
439.803027630423 31.2918588778218
441.439136090005 31.2754689448743
443.081331026313 31.2693252468145
444.72963508161 31.2599926542711
446.384070982391 31.2521037809244
448.044661539696 31.2464847305251
449.711429649423 31.2434711419274
451.384398292646 31.241872788545
453.063590535931 31.250415760885
454.749029531652 31.2669525402146
456.440738518314 31.2740363876199
458.138740820871 31.2648314325249
459.843059851047 31.2410812193304
461.55371910766 31.2383995376484
463.270742176947 31.2451190566608
464.994152732887 31.2544880492077
466.723974537529 31.2627411098774
468.460231441319 31.2687778328726
470.202947383427 31.2673225067221
471.952146392082 31.2566471224454
473.707852584898 31.2424373839957
475.470090169211 31.2316112678002
477.238883442408 31.2233009721008
479.014256792265 31.2229557212386
480.796234697286 31.2290802018014
482.584841727032 31.2341422806516
484.38010254247 31.2198466133742
486.182041896305 31.1868342300819
487.990684633326 31.1450101677428
489.806055690746 31.1109715462595
491.628180098547 31.077167417713
493.457082979826 31.050012726406
495.292789551138 31.0348586748027
497.135325122848 31.0212953569996
498.984715099477 30.9867591178131
500.840984980053 30.9581736405535
502.704160358464 30.9410419669621
504.574266923808 30.9373150127665
506.451330460749 30.9514980903806
508.335376849875 30.9699229087779
510.226432068048 30.9923151935304
512.124522188771 31.015056657228
514.029673382538 31.0236148815913
515.941911917204 31.0232753128802
517.86126415834 31.0163898572987
519.787756569601 31.0006239006185
521.721415713088 30.9860002107539
523.662268249716 30.9795075271962
525.610340939583 30.9877471475342
527.565660642334 31.0034197706053
529.528254317536 31.0230502587099
531.498149025047 31.0391271875795
533.475371925393 31.0598111285979
535.459950280137 31.0920389355311
537.451911452257 31.1125011693704
539.451282906527 31.1194629285535
541.45809220989 31.0984950147817
543.472367031842 31.0581662384117
545.49413514481 31.0245915367614
547.523424424539 30.9986631153649
549.560262850475 30.9687781966081
551.604678506148 30.9288730233217
553.656699579562 30.9041326277364
555.716354363585 30.8843156373258
557.783671256334 30.8719044939142
559.858678761572 30.8563520383388
561.941405489097 30.8365860057431
564.03188015514 30.8210714908629
566.130131582757 30.8069114772599
568.236188702231 30.8108863503672
570.350080551465 30.8131446655985
572.471836276389 30.7989999628238
574.601485131357 30.789871285703
576.739056479551 30.7686502355528
578.88457979339 30.7486973061893
581.038084654929 30.7162685587066
583.199600756274 30.6785637060992
585.369157899988 30.6284462021193
587.5467859995 30.5810285924322
589.732515079524 30.5561545789839
591.926375276465 30.5520057986352
594.128396838839 30.5630644692755
596.338610127691 30.5747660907859
598.557045617011 30.5919988814058
600.783733894154 30.623288848128
603.018705660264 30.6336135447196
605.261991730696 30.6303822044603
607.513623035441 30.60440240666
609.773630619552 30.5793475670887
612.042045643573 30.5695381491689
614.318899383969 30.5746097357761
616.604223233554 30.5733299394072
618.898048701927 30.5756606826579
621.200407415909 30.5893805416091
623.51133111997 30.6114404544834
625.830851676678 30.6416528021209
628.159001067128 30.6807155976483
630.49581139139 30.6998197748209
632.841314868951 30.7213669204843
635.195543839153 30.7356566607227
637.558530761648 30.7380943278229
639.930308216838 30.7353495024443
642.310908906328 30.7003422396928
644.700365653376 30.690563254047
647.098711403346 30.6933765555332
649.505979224161 30.6953468304608
651.922202306761 30.6941414686402
654.347413965559 30.7029686043843
656.781647638899 30.7120951498212
659.224936889521 30.7206917079227
661.677315405021 30.7236519427823
664.138816998315 30.7405131654648
666.609475608108 30.7744843398446
669.089325299358 30.8082996076831
671.578400263749 30.8387733618834
674.076734820163 30.8708954811958
676.584363415148 30.8884259264328
679.101320623398 30.9078922548572
681.627641148229 30.9387267776288
684.163359822055 30.9923483805769
686.708511606871 31.0490001762024
689.263131594734 31.1130755013797
691.827255008246 31.1824775323076
694.400917201039 31.2703143956172
696.984153658268 31.3314443085301
699.576999997092 31.3906892484304
702.179491967171 31.4363897052732
704.791665451156 31.4779201900748
707.413556465187 31.5014494259343
710.045201159385 31.5532793677246
712.686635818355 31.6127164571783
715.337896861682 31.6274166142602
717.999020844436 31.6289253220189
720.670044457676 31.6209068302981
723.351004528956 31.6233310621349
726.041938022828 31.6594277422458
728.74288204136 31.6984408066421
731.453873824642 31.7282278322128
734.174950751298 31.7641358676218
736.906150339008 31.8217301791958
739.647510245018 31.8851220285046
742.399068266665 31.9195920498241
745.160862341893 31.939325144862
747.932930549781 31.9716798199501
750.715311111065 32.0166126693768
753.508042388666 32.0543668731187
756.311162888217 32.0810051551221
759.124711258597 32.1101151662988
761.948726292463 32.1298446364046
764.783246926784 32.1601560660536
767.628312243377 32.193973735552
770.483961469448 32.2278559312156
773.350233978131 32.2797624981281
776.227169289033 32.3261184119419
779.114807068777 32.37377166649
782.01318713155 32.3901062053315
784.92234943965 32.3935203390105
787.842334104041 32.3864631944425
790.773181384902 32.3865509029625
793.714931692182 32.3826331161714
796.667625586163 32.372440327703
799.63130377801 32.3711013220844
802.606007130343 32.3611832028988
805.591776657789 32.3344232460467
808.588653527558 32.3465347919728
811.596679060002 32.3527374254663
814.615894729193 32.3622283589381
817.646342163485 32.3698386641132
820.688063146098 32.3808174483003
823.741099615688 32.3885231233352
826.805493666926 32.3946494740303
829.881287551079 32.38702010874
832.968523676594 32.3792531198455
836.06724460968 32.3327982455545
839.177493074898 32.2860030768122
842.299311955746 32.246532496351
845.432744295255 32.2045058240422
848.577833296579 32.1444509816464
851.734622323592 32.1070975914367
854.903154901485 32.073020780114
858.083474717367 32.0452234225763
861.275625620868 32.007091631253
864.479651624742 31.9805662203606
867.695596905475 31.9610673254075
870.923505803893 31.9259721709292
874.163422825774 31.8799976687362
877.415392642464 31.8295366336207
880.679460091487 31.7724530413592
883.955670177168 31.7203200385757
887.244068071255 31.6752759600998
890.544699113535 31.6469148647693
893.857608812465 31.5585936495711
897.1828428458 31.471607690841
900.520447061216 31.4326667748117
903.870467476951 31.3884622763495
907.232950282432 31.3662034462606
910.607941838916 31.3512173999899
913.99548868013 31.3135127449065
917.395637512907 31.2767466668123
920.808435217838 31.239661829878
924.233928849912 31.1922800766708
927.672165639167 31.1289522936163
931.12319299134 31.0551411189592
934.587058488525 31.0076900713319
938.063809889823 30.9520619393127
941.553495132005 30.8694717037743
945.056162330171 30.7707765150271
948.571859778412 30.6886799835656
952.100635950479 30.579185827212
955.64253950045 30.488271304831
959.197619263401 30.4236013787937
962.765924256078 30.3686352686302
966.347503677575 30.322302258482
969.942406910009 30.2889592115814
973.550683519207 30.2453781287126
977.172383255382 30.1910854339019
980.807556053824 30.121778490034
984.456252035586 30.0308548668757
988.118521508177 29.9507886891995
991.794414966255 29.8833678794717
995.483983092322 29.8016019783317
999.187276757423 29.7354884375465
1002.90434702185 29.6548769446794
1006.63524513584 29.5754205660744
1010.3800225403 29.522296796727
1014.13873086747 29.4991817599752
1017.9114219417 29.4700013445875
1021.69814778013 29.4238486239535
1025.49896059337 29.357762951153
1029.31391278631 29.3359511485244
1033.14305695876 29.2992726275595
1036.98644590621 29.2560635094344
1040.84413262056 29.1895692673278
1044.71617029083 29.1410658004965
1048.60261230394 29.1091846649445
1052.50351224539 29.0966778690946
1056.41892390001 29.0696660562615
1060.34890125276 29.047283115833
1064.29349848938 29.0380837647938
1068.25276999721 29.0127890124815
1072.22677036593 28.9937536066601
1076.21555438826 28.9626619126483
1080.21917706079 28.9258131318712
1084.23769358469 28.890016342978
1088.27115936647 28.8522507245202
1092.31963001878 28.8200487968723
1096.38316136114 28.7803327345662
1100.46180942073 28.7247654773127
1104.55563043316 28.6543642094522
1108.66468084322 28.5910643270532
1112.7890173057 28.5261218498435
1116.92869668616 28.4539721107167
1121.08377606168 28.4068603333739
1125.25431272169 28.4047470356508
1129.44036416873 28.4074836828692
1133.64198811927 28.3799189431474
1137.85924250447 28.3573723395683
1142.09218547102 28.3563193729518
1146.34087538191 28.3459869623898
1150.60537081725 28.3183498493989
1154.88573057506 28.3203220314026
1159.18201367212 28.3222046112368
1163.49427934474 28.3356742961792
1167.8225870496 28.3383445463959
1172.16699646455 28.3545990201485
1176.52756748948 28.3760966250728
1180.90436024707 28.3892534402115
1185.2974350837 28.4142243394317
1189.70685257023 28.4334752476948
1194.13267350285 28.4234886550683
1198.5749589039 28.4497356719253
1203.03377002276 28.4672601902475
1207.50916833664 28.457475609929
1212.00121555147 28.4395237174492
1216.50997360271 28.4221307239603
1221.03550465623 28.3997879905717
1225.57787110919 28.3787880393775
1230.13713559085 28.3564925505591
1234.71336096344 28.3162862443877
1239.30661032308 28.3125534303407
1243.9169470006 28.3014165060482
1248.54443456241 28.2797698958513
1253.18913681141 28.272066296559
1257.85111778785 28.2888740115534
1262.53044177021 28.3252223599921
1267.22717327611 28.3601436589291
1271.94137706315 28.3316594930424
1276.67311812987 28.2923621859837
1281.42246171659 28.2866230296064
1286.18947330632 28.2968368877489
1290.97421862569 28.3050536688762
1295.77676364585 28.2881581913739
1300.59717458334 28.252307907844
1305.43551790105 28.2639884250551
1310.29186030912 28.2859324966565
1315.16626876584 28.3177032698841
1320.05881047861 28.3300818704708
1324.96955290485 28.3361472447514
1329.8985637529 28.3423385385176
1334.84591098301 28.3146001938936
1339.81166280824 28.2774925289241
1344.79588769541 28.279140468867
1349.79865436604 28.2758751252279
1354.82003179729 28.2835006159655
1359.86008922295 28.2832279215153
1364.91889613434 28.2656671320676
1369.9965222813 28.2454683768928
1375.09303767316 28.2387676939898
1380.20851257966 28.256576633272
1385.343017532 28.28616714451
1390.49662332371 28.3384574353323
1395.6694010117 28.3794438646298
1400.86142191724 28.4320733070273
1406.07275762689 28.5218563531669
1411.30347999353 28.5852604637668
1416.55366113734 28.614062990242
1421.82337344679 28.6343536604289
1427.11268957965 28.6474152194709
1432.42168246399 28.6639633878404
1437.75042529915 28.6711751926013
1443.09899155681 28.6883010625623
1448.46745498195 28.7208616454273
1453.85588959391 28.7445677549711
1459.26436968736 28.7330933350088
1464.69296983337 28.7206383285756
1470.14176488043 28.7264882563972
1475.61082995546 28.7454127923852
1481.10024046487 28.7304896990307
1486.61007209556 28.7220554891564
1492.14040081604 28.6898344938465
1497.69130287738 28.661827171558
1503.26285481435 28.6868573691425
1508.85513344643 28.7085744731364
1514.46821587884 28.7408578148461
1520.10217950369 28.7625237188267
1525.75710200096 28.8199710705348
1531.43306133963 28.816337613646
1537.1301357787 28.8400497784863
1542.84840386835 28.862577543637
1548.58794445092 28.902268283383
1554.34883666208 28.9906514673546
1560.1311599319 29.0218488816124
1565.93499398592 29.0426964412718
1571.76041884628 29.0874352250422
1577.60751483278 29.149564434276
1583.47636256406 29.1696223404615
1589.36704295864 29.1588745526421
1595.27963723608 29.1751937154056
1601.21422691806 29.2548064317811
1607.17089382956 29.3351764058385
1613.14972009994 29.37487562353
1619.15078816409 29.3746322451601
1625.17418076356 29.4443815569941
1631.21998094772 29.4987794362853
1637.28827207488 29.5812045816492
1643.37913781346 29.5981406816471
1649.49266214312 29.6221274795481
1655.62892935595 29.6364364222212
1661.7880240576 29.6257458157539
1667.97003116847 29.6300965829297
1674.17503592487 29.6451930686408
1680.40312388019 29.6768059093185
1686.6543809061 29.7308346327796
1692.9288931937 29.7769722843585
1699.22674725475 29.8257842238069
1705.54802992284 29.8326246090745
1711.89282835457 29.8521614051175
1718.26123003079 29.8497047426003
1724.65332275779 29.8786354038745
1731.06919466848 29.8717746939537
1737.50893422366 29.8454913070217
1743.9726302132 29.816913719638
1750.46037175728 29.7846849825965
1756.97224830763 29.7624951828335
1763.50834964871 29.7469289605017
1770.06876589903 29.7190301360036
1776.65358751231 29.6792086505704
1783.26290527881 29.6491910576319
1789.8968103265 29.6367798603364
1796.55539412237 29.6255093056731
1803.23874847367 29.6261749246644
1809.94696552921 29.5814556030391
1816.68013778055 29.5629426091715
1823.43835806337 29.5865726377317
1830.22171955869 29.5688210168624
1837.03031579418 29.5796434217417
1843.86424064544 29.6073798437844
1850.72358833728 29.6269625350068
1857.60845344505 29.6323908060491
1864.51893089594 29.6110858524916
1871.45511597026 29.583917947747
1878.41710430278 29.6445025533004
1885.40499188403 29.6901853027452
1892.41887506164 29.6995562028517
1899.45885054167 29.6795063353189
1906.52501538993 29.6840305270698
1913.61746703332 29.7000025032442
1920.73630326118 29.6664658761929
1927.88162222663 29.6786174539125
1935.05352244795 29.6730878381049
1942.25210280989 29.6426658064223
1949.47746256507 29.6278797918077
1956.72970133535 29.5794928020088
1964.00891911318 29.586139725508
1971.315216263 29.6286812582564
1978.6486935226 29.6466484209096
1986.00945200454 29.6552600269312
1993.39759319752 29.6469688465994
2000.8132189678 29.6506347589863
2008.25643156057 29.6676787457746
2015.7273336014 29.6483343535802
2023.22602809763 29.6193868506866
2030.75261843979 29.594129856193
2038.30720840305 29.6344392416435
2045.88990214862 29.6124896566492
2053.50080422521 29.5778272819994
2061.14001957043 29.5596030163799
2068.80765351232 29.5639057962296
2076.5038117707 29.5808847254221
2084.22860045872 29.5788477302714
2091.98212608424 29.5647202477444
2099.76449555137 29.5719740757025
2107.57581616189 29.5954739081282
2115.41619561679 29.5844098041062
2123.28574201767 29.5593561925672
2131.18456386831 29.5191707938325
2139.11277007613 29.4979553834113
2147.07046995368 29.5098837509139
2155.05777322019 29.5247934607135
2163.07479000302 29.578203148686
2171.12163083925 29.5731105458831
2179.19840667714 29.5674019421786
2187.30522887772 29.5835019730953
2195.44220921625 29.6075632635892
2203.60945988384 29.6358514076803
2211.80709348895 29.6841752829402
2220.03522305895 29.7032604992287
2228.29396204169 29.7128201192337
2236.58342430704 29.7455288920721
2244.90372414851 29.7445621588443
2253.25497628476 29.7314512917194
2261.63729586123 29.7544708233997
2270.0507984517 29.7543011663907
2278.49560005991 29.8009624182893
2286.97181712113 29.8156812725679
2295.4795665038 29.7849559046572
2304.0189655111 29.776498871124
2312.59013188261 29.7714709633479
2321.19318379588 29.7597178549381
2329.82823986813 29.7488629809662
2338.49541915782 29.7308445834872
2347.19484116633 29.7437287430728
2355.9266258396 29.7979197934492
2364.69089356977 29.7641030297595
2373.48776519685 29.7224160554349
2382.3173620104 29.6981163596329
2391.17980575117 29.7167601709221
2400.07521861281 29.6818865758508
2409.00372324354 29.6447392249912
2417.96544274784 29.6555653441618
2426.96050068814 29.6622408883063
2435.98902108656 29.6458263561309
2445.05112842657 29.665844088975
2454.14694765475 29.676889389252
2463.27660418247 29.6646289921222
2472.44022388765 29.6384218647912
2481.63793311651 29.6030941252455
2490.86985868525 29.5796108610489
2500.13612788187 29.5520251461438
2509.43686846789 29.5625591480046
2518.7722086801 29.5644245131516
2528.14227723234 29.5293695661731
2537.54720331731 29.5195253960166
2546.98711660828 29.5047568702356
2556.46214726094 29.4950981251473
2565.97242591516 29.4622916937614
2575.51808369681 29.4458885031105
2585.09925221956 29.4369412521923
2594.7160635867 29.4044456511156
2604.36865039294 29.3792095235234
2614.05714572626 29.3254203418807
2623.78168316975 29.3036309521146
2633.54239680345 29.3173655288511
2643.33942120615 29.3077504006324
2653.17289145733 29.2627677580028
2663.04294313896 29.2544346071542
2672.94971233738 29.2320289622666
2682.89333564519 29.2340583588587
2692.87395016314 29.2256165169404
2702.89169350199 29.2108764347565
2712.94670378444 29.2075920344811
2723.03911964699 29.182209080014
2733.16908024193 29.1937311839938
2743.33672523916 29.2278652979481
2753.54219482819 29.2423819906387
2763.78562972005 29.2463035526899
2774.06717114922 29.2212771446095
2784.38696087559 29.1919937190862
2794.74514118641 29.2097320532866
2805.14185489824 29.2087039671991
2815.57724535896 29.1774940622983
2826.05145644968 29.1789207380699
2836.56463258679 29.1669369479797
2847.11691872391 29.1464691639067
2857.7084603539 29.1475315058211
2868.33940351088 29.1317384899041
2879.00989477221 29.0934261628499
2889.72008126055 29.0823229273833
2900.47011064586 29.0680600592554
2911.26013114745 29.0593888115717
2922.09029153602 29.0324212127086
2932.9607411357 29.022153864913
2943.87162982615 29.0245571224958
2954.82310804455 29.0265801027
2965.81532678776 28.9559752385741
2976.84843761435 28.9226894439552
2987.9225926467 28.9240646343991
2999.0379445731 28.9076668530165
3010.19464664985 28.8744011346293
3021.39285270338 28.8814697237319
3032.63271713238 28.8804264156962
3043.91439490991 28.8781968871308
3055.23804158553 28.9000701883662
3066.60381328749 28.894840202942
3078.01186672482 28.8868542389469
3089.46235918954 28.8695698434627
3100.95544855881 28.8889177249515
3112.4912932971 28.9102650354867
3124.07005245839 28.919612871708
3135.69188568836 28.9211940753372
3147.35695322657 28.9164809906257
3159.0654159087 28.9001465035622
3170.81743516875 28.9077815428282
3182.61317304128 28.8947106604555
3194.45279216361 28.8809910846445
3206.3364557781 28.9026260956202
3218.26432773439 28.9256552174453
3230.23657249166 28.9353237148737
3242.25335512088 28.9174786545581
3254.3148413071 28.9268397509457
3266.42119735174 28.9390984035995
3278.57259017489 28.9491616898365
3290.76918731757 28.9734304353478
3303.01115694409 28.9882830683103
3315.29866784434 28.9782408827963
3327.63188943612 28.9659099686297
3340.01099176749 28.968391418135
3352.43614551909 28.967657266078
3364.90752200653 28.9876040983178
3377.42529318271 28.9771518704356
3389.98963164021 28.9600373870588
3402.60071061369 28.9613361235826
3415.25870398225 28.9072822382614
3427.96378627182 28.9174670525624
3440.71613265761 28.8999842314238
3453.51591896648 28.8759478008642
3466.36332167938 28.8369806953997
3479.25851793381 28.7974072329374
3492.20168552621 28.7916126015083
3505.19300291445 28.7795430271309
3518.23264922029 28.7695655951027
3531.32080423182 28.7389984093998
3544.45764840598 28.7249909674034
3557.64336287101 28.7245540646245
3570.87812942896 28.7252445197827
3584.16213055823 28.7093219668948
3597.49554941602 28.7037849658609
3610.87856984091 28.7290533234254
3624.31137635539 28.7461433721389
3637.79415416837 28.750452030371
3651.32708917776 28.7431011521245
3664.91036797302 28.7354335967565
3678.54417783777 28.7618121876513
3692.2287067523 28.7672881868334
3705.96414339624 28.7684287635893
3719.75067715111 28.7517357540547
3733.58849810294 28.78213917855
3747.47779704492 28.8233222977686
3761.41876547999 28.8249569519261
3775.4115956235 28.8375549087519
3789.45648040586 28.8262119797548
3803.55361347522 28.8304767314336
3817.70318920008 28.8333681116072
3831.90540267205 28.7914622829995
3846.16044970847 28.7615547831125
3860.46852685515 28.7804050638459
3874.82983138907 28.7935752844896
3889.24456132109 28.7941093419831
3903.7129153987 28.7728996355515
3918.23509310874 28.7775020554088
3932.81129468018 28.763626090417
3947.44172108682 28.755826913358
3962.12657405015 28.7482145217262
3976.86605604205 28.7212771768358
3991.66037028761 28.7113323413649
4006.50972076797 28.7074642298028
4021.41431222307 28.7109088879001
4036.37435015451 28.7059057962118
4051.39004082838 28.6844712669984
4066.46159127809 28.6527463657963
4081.58920930724 28.6707590868426
4096.77310349248 28.6530932436384
4112.01348318638 28.6437874990324
4127.31055852032 28.6173286390349
4142.6645404074 28.6110591930708
4158.07564054532 28.604784029337
4173.54407141932 28.6308423397352
4189.07004630512 28.6469249296982
4204.65377927183 28.6439247187694
4220.29548518492 28.6567859674588
4235.99537970918 28.657306663669
4251.7536793117 28.6610011523373
4267.57060126484 28.6472684681956
4283.44636364922 28.6344186105682
4299.38118535678 28.6606518939486
4315.37528609372 28.6573963576103
4331.42888638358 28.6590727299991
4347.54220757028 28.6456915601151
4363.71547182114 28.6938210355135
4379.94890212999 28.7033427998548
4396.24272232018 28.7376498872166
4412.59715704774 28.7269916605464
4429.01243180443 28.7072774376742
4445.48877292084 28.7174987776609
4462.02640756957 28.7095317916166
4478.62556376828 28.7126331931232
4495.28647038291 28.7258929009079
4512.0093571308 28.7396297918264
4528.79445458383 28.7493609786634
4545.64199417167 28.7016566119491
4562.5522081849 28.6952533865198
4579.52532977826 28.7092418170113
4596.56159297383 28.7258072876817
4613.6612326643 28.7497977652935
4630.82448461615 28.7402325913747
4648.05158547297 28.7427062741258
4665.34277275865 28.725606919005
4682.69828488072 28.7650529317777
4700.11836113359 28.8205910341964
4717.60324170188 28.826020040463
4735.15316766371 28.8875841517892
4752.76838099403 28.9138238231694
4770.44912456798 28.9806438707942
4788.1956421642 28.9941996318744
4806.00817846821 29.0728639933051
4823.88697907579 29.1278317131806
4841.83229049635 29.1986284773707
4859.84436015636 29.2339649604153
4877.92343640271 29.239942865502
4896.06976850618 29.2990015127409
4914.28360666486 29.3608052244609
4932.5652020076 29.3987689067386
4950.91480659747 29.4295574109681
4969.33267343524 29.4603521687444
4987.81905646287 29.4873018443243
5006.374210567 29.5734734605549
5024.99839158248 29.6215416070586
5043.69185629588 29.6564673664401
5062.45486244905 29.6960749850178
5081.28766874266 29.7042026483845
5100.19053483977 29.7032491514087
5119.16372136941 29.7345410648212
5138.20748993018 29.7507514702111
5157.32210309384 29.790864604009
5176.50782440896 29.8308162918073
5195.76491840452 29.8677554718963
5215.09365059358 29.9136998679083
5234.49428747691 29.9079532966118
5253.96709654673 29.9124908008588
5273.51234629033 29.9308263328565
5293.1303061938 29.9513167658355
5312.82124674575 29.9842013607348
5332.58543944101 29.981895447916
5352.42315678444 30.0125271836795
5372.3346722946 30.0507777079543
5392.32026050759 30.0780219324295
5412.38019698081 30.095548477919
5432.51475829674 30.1104337666847
5452.72422206679 30.144988956904
5473.00886693511 30.1336059937571
5493.36897258242 30.1431903049535
5513.80481972988 30.1688440519201
5534.31669014299 30.1423514140062
5554.9048666354 30.1494654072572
5575.56963307287 30.1105674520284
5596.31127437719 30.1294556526107
5617.13007653004 30.1369435715429
5638.02632657703 30.1105003869886
5659.00031263156 30.1422764982949
5680.05232387887 30.1502971534791
5701.18265057998 30.1471958324821
5722.39158407572 30.15761946774
5743.67941679072 30.1719856312992
5765.04644223748 30.1724834368334
5786.49295502037 30.16963770774
5808.01925083973 30.1722832177225
5829.62562649593 30.1769637411804
5851.31237989346 30.1667881574467
5873.07981004505 30.1550269274468
5894.92821707578 30.1092643854462
5916.85790222723 30.0842590422274
5938.86916786162 30.1022529183033
5960.96231746598 30.0683270801683
5983.13765565636 30.0394936122582
6005.395488182 30.0165405475499
6027.73612192954 30.0045224343252
6050.1598649273 29.9409539373944
6072.66702634946 29.9100455332779
6095.25791652038 29.8503092018138
6117.93284691885 29.8132912022196
6140.69213018238 29.7789321879349
6163.53608011154 29.7418270965511
6186.46501167426 29.724195100903
6209.47924101016 29.6722887023205
6232.57908543496 29.6535854469937
6255.7648634448 29.674989756034
6279.03689472068 29.6810092371836
6302.39550013281 29.6377258442823
6325.84100174511 29.6093998287543
6349.37372281957 29.6137005912395
6372.99398782075 29.5790941565663
6396.70212242028 29.5687141532154
6420.49845350128 29.5956152948251
6444.38330916293 29.6333694526801
6468.35701872496 29.6530093107511
6492.4199127322 29.6236896626087
6516.57232295915 29.6244525981553
6540.81458241452 29.6274966478294
6565.14702534586 29.6140595092888
6589.56998724415 29.6423036079312
6614.08380484842 29.6634863258692
6638.68881615042 29.6851709965172
6663.38536039924 29.7059727500882
6688.17377810601 29.7242297758507
6713.05441104861 29.74561711407
6738.02760227635 29.769296428671
6763.09369611472 29.784816708641
6788.25303817014 29.8093548904292
6813.5059753347 29.8345241671905
6838.85285579099 29.8372573667894
6864.29402901684 29.8475077067212
6889.82984579019 29.9175179799231
6915.4606581939 29.9289267073389
6941.18681962062 29.9583490086153
6967.00868477764 30.0001371606474
6992.92660969181 30.0322607115302
7018.94095171442 30.0994911659243
7045.05206952614 30.1354348617637
7071.26032314197 30.1856576796393
7097.56607391621 30.2533206779433
7123.96968454742 30.2506122632129
7150.47151908342 30.2468796002151
7177.07194292636 30.2752344658852
7203.77132283768 30.3144204634287
7230.57002694323 30.3426745688256
7257.46842473831 30.3841878094074
7284.46688709279 30.4025440827615
7311.5657862562 30.4208792750618
7338.76549586288 30.4436835161997
7366.06639093713 30.4732189013112
7393.46884789835 30.5345309350752
7420.97324456628 30.6173764554811
7448.57996016619 30.6526258872621
7476.28937533407 30.6493606773752
7504.10187212195 30.6791341779936
7532.0178340031 30.7152211051588
7560.03764587737 30.7515145129991
7588.16169407645 30.7970296675086
7616.39036636925 30.8635374977906
7644.72405196718 30.9451940455342
7673.16314152958 31.0156003520448
7701.70802716907 31.0912361923197
7730.35910245697 31.2062058529204
7759.11676242871 31.2707195791333
7787.98140358931 31.2939357422606
7816.95342391881 31.3682989991121
7846.03322287777 31.4329509615346
7875.22120141279 31.4152870286621
7904.51776196203 31.4469645457078
7933.92330846076 31.4919547555401
7963.4382463469 31.5403762862219
7993.06298256668 31.5734882290982
8022.79792558017 31.6227113104382
8052.64348536698 31.6745489826061
8082.60007343185 31.6931590883725
8112.66810281039 31.702917084603
8142.84798807473 31.6996822524565
8173.14014533922 31.7329921752741
8203.54499226624 31.7436694700603
8234.06294807188 31.7264345361847
8264.69443353176 31.7147350616083
8295.43987098684 31.7243195932786
8326.29968434921 31.7342910378485
8357.27429910795 31.7305927413612
8388.36414233502 31.7535552127195
8419.56964269112 31.7448923091697
8450.89123043159 31.7641351331315
8482.32933741237 31.7826348380678
8513.88439709597 31.7963846511162
8545.55684455738 31.7936688001249
8577.34711649014 31.8019429400991
8609.25565121232 31.8103122166205
8641.28288867257 31.8309553030665
8673.42927045619 31.8229828913261
8705.69523979124 31.8016090873819
8738.0812415546 31.7628496698023
8770.58772227814 31.7388993547626
8803.2151301549 31.7287445742339
8835.96391504519 31.7364368055958
8868.83452848289 31.7101958859742
8901.82742368161 31.6879537228103
8934.94305554094 31.6607935531743
8968.18188065276 31.6345560365922
9001.54435730751 31.6650695230669
9035.03094550052 31.6604443016235
9068.64210693833 31.6311764044149
9102.37830504507 31.6184042761424
9136.24000496888 31.6082936016959
9170.22767358826 31.6107617216154
9204.34177951857 31.6307983296685
9238.58279311844 31.6436022910828
9272.9511864963 31.6646404362619
9307.44743351684 31.6873092212082
9342.07200980759 31.6782665919545
9376.82539276547 31.6672268605753
9411.70806156333 31.6794280970128
9446.72049715662 31.6771049635922
9481.86318228997 31.677503584695
9517.13660150386 31.6614895398252
9552.54124114133 31.6510046412276
9588.07758935464 31.6274066553584
9623.74613611202 31.5936049660235
9659.54737320446 31.5299328712715
9695.48179425241 31.4853944075182
9731.54989471268 31.3797452157673
9767.75217188519 31.2723215512534
9804.08912491989 31.247485780067
9840.5612548236 31.2002471581761
9877.16906446693 31.1405943461384
9913.91305859123 31.0986461951019
9950.79374381551 31.0108647365158
9987.81162864349 30.9601667750363
10024.9672234705 30.9051337104423
10062.2610405907 30.8623233858089
10099.6935942039 30.8153472244149
10137.265400423 30.7439465014298
10174.9769772805 30.7236456166737
10212.8288447364 30.673796037677
10250.8215246849 30.6385495891961
10288.9555409616 30.6037382593951
10327.231419351 30.5603695209385
10365.6496875932 30.5778199785114
10404.210875392 30.5995311388022
10442.9155144215 30.5979934324966
10481.7641383337 30.5638787529465
10520.7572827658 30.5421749222528
10559.8954853477 30.5097637362204
10599.1792857094 30.481602002589
10638.6092254881 30.4444257235911
10678.1858483363 30.371831788032
10717.9096999286 30.3579045938938
10757.7813279699 30.3428344246086
10797.8012822023 30.3182185232021
10837.9701144131 30.3046070884183
10878.2883784424 30.2731741099541
10918.7566301905 30.248878602297
10959.3754276259 30.2426875255001
11000.1453307925 30.2712515546738
11041.0669018179 30.266527231332
11082.1407049206 30.2656859850246
11123.3673064183 30.2398738647517
11164.7472747353 30.2324560842764
11206.2811804106 30.2075119435715
11247.9695961055 30.2137489124032
11289.8130966117 30.22764574807
11331.8122588594 30.1986371749148
11373.9676619248 30.1682434884538
11416.2798870383 30.1845167584037
11458.7495175926 30.1159084469446
11501.3771391508 30.0753400975376
11544.1633394541 30.0355182084564
11587.1087084304 29.9614958848705
11630.213838202 29.8965015847612
11673.4793230941 29.839081034546
11716.9057596427 29.8098254750138
11760.4937466031 29.7720454763843
11804.2438849579 29.7178576769163
11848.1567779254 29.6625677024957
11892.2330309682 29.6419145395416
11936.473251801 29.623798526093
11980.8780503993 29.6093253064323
12025.4480390078 29.5715486338059
12070.1838321489 29.5592229806821
12115.0860466309 29.5226821926436
12160.1553015568 29.5237960762026
12205.3922183327 29.5152207101676
12250.7974206764 29.5496555881294
12296.371534626 29.6090887689338
12342.1151885484 29.5957527293999
12388.0290131483 29.6184729128382
12434.1136414765 29.602155982765
12480.3697089389 29.6402660827271
12526.7978533051 29.6937236797914
12573.3987147173 29.7258225240775
12620.1729356991 29.7385120304691
12667.1211611643 29.7336578211623
12714.244038426 29.7226677178827
12761.5422172051 29.7807598069815
12809.0163496398 29.7798290301986
12856.667090294 29.7866973826036
12904.495096167 29.7842197429082
12952.5010267019 29.8076839416181
13000.6855437952 29.8047256471614
13049.0493118056 29.8089218431908
13097.5929975632 29.8118495831026
13146.317270379 29.8094596917839
13195.2228020538 29.84448626687
13244.3102668874 29.8546676056091
13293.5803416882 29.89361198494
13343.0337057825 29.9080294183703
13392.6710410235 29.9698163752413
13442.4930318013 30.0281847360853
13492.5003650516 30.0276377463861
13542.6937302658 30.0639650534825
13593.0738195003 30.0924012795844
13643.6413273859 30.1220224684761
13694.3969511376 30.1273654289835
13745.3413905639 30.1618649597317
13796.4753480769 30.1749057164289
13847.7995287016 30.1667728860594
13899.3146400859 30.1940441658914
13951.02139251 30.2086009721103
14002.9204988965 30.1933976387976
14055.0126748202 30.1723060690728
14107.2986385179 30.194662013196
14159.7791108982 30.1595650960681
14212.4548155516 30.1319409791177
14265.3264787606 30.1300467336802
14318.3948295092 30.1109217247929
14371.6605994936 30.086866702722
14425.1245231318 30.1258674964078
14478.7873375739 30.1305562938499
14532.6497827125 30.1746790369534
14586.7126011923 30.2089994503907
14640.9765384209 30.2372360104428
14695.442342579 30.2678680194065
14750.1107646304 30.2449780620437
14804.9825583328 30.2596951615578
14860.0584802475 30.3033885057032
14915.3392897509 30.3268567489622
14970.8257490437 30.3446558552151
15026.5186231627 30.3716678719709
15082.4186799901 30.3798427194498
15138.5266902652 30.393943839854
15194.8434275942 30.4032058186568
15251.3696684613 30.4114283863854
15308.1061922393 30.4120616884648
15365.0537812003 30.3903789250227
15422.2132205266 30.3684518120894
15479.5852983214 30.323310788505
15537.1708056196 30.3124847586283
15594.9705363991 30.2852078269488
15652.9852875913 30.2909336027067
15711.2158590922 30.2678680242863
15769.6630537736 30.2412319329658
15828.327677494 30.1849693767511
15887.2105391099 30.1437685887858
15946.3124504865 30.1189689843606
16005.6342265097 30.1206490127971
16065.1766850963 30.0764980854355
16124.9406472063 30.0376508701707
16184.9269368535 29.9848441472419
16245.1363811172 29.9645291511835
16305.5698101534 29.9175870621368
16366.2280572065 29.8897363856255
16427.1119586206 29.827962125979
16488.2223538509 29.7554630045742
16549.5600854758 29.7035068598294
16611.1259992079 29.5924509057761
16672.9209439061 29.5206939045003
16734.9457715869 29.4029038533499
16797.2013374366 29.3139549696165
16859.6884998228 29.1868515296066
16922.4081203063 29.05793779198
16985.3610636531 28.9767116138001
17048.5481978459 28.8401350267926
17111.9703940967 28.7214456608656
17175.6285268585 28.6296964381288
17239.523473837 28.5318507597395
17303.6561160034 28.4348184701824
17368.027337606 28.3407650083501
17432.6380261827 28.2552994670252
17497.489072573 28.1617058423337
17562.5813709306 28.0728597100403
17627.9158187353 28.0491314648047
17693.4933168058 28.0156673812842
17759.3147693119 27.9521939388943
17825.3810837868 27.8948459296086
17891.6931711401 27.8851375854906
17958.2519456698 27.8698101060837
18025.0583250755 27.872713077336
18092.1132304703 27.8617668234597
18159.4175863943 27.8517265889152
18226.9723208268 27.8256799081405
18294.7783651994 27.7768389724587
18362.8366544084 27.7426410188773
18431.1481268284 27.7017347285381
18499.7137243246 27.6499495262841
18568.5343922661 27.6086544797864
18637.6110795389 27.5452635181081
18706.9447385587 27.4715982801762
18776.5363252847 27.4089190856349
18846.3867992321 27.3211745096276
18916.4971234854 27.223828641779
18986.8682647123 27.1370612433985
19057.5011931763 27.0717532495689
19128.3968827505 26.9772372546781
19199.5563109307 26.8975871908583
19270.9804588494 26.8302002046362
19342.6703112886 26.7798648794832
19414.6268566943 26.7087803837817
19486.851087189 26.6646101992044
19559.3439985865 26.5992543236382
19632.1065904049 26.5161294881588
19705.1398658807 26.4460570929582
19778.4448319822 26.3655801316556
19852.0224994243 26.292921990918
19925.8738826813 26.2354202270508
20000.0000000017 26.2354202270508
