10 8.75326347351074
10.0372009367102 8.75319766359242
10.0745402643896 8.72666247319088
10.1120184978655 8.67843925249118
10.1496361538807 8.63020816227549
10.1873937510998 8.5822205735949
10.2252918101175 8.53510142794759
10.2633308534646 8.48797367976782
10.3015114056161 8.44084307070128
10.3398339929981 8.39436653097142
10.3782991439948 8.34797145320314
10.4169073889563 8.30157175311548
10.4556592602056 8.25578267549266
10.4945552920458 8.21047803973827
10.5335960207679 8.16516592209532
10.5727819846578 8.12008619428514
10.6121137240039 8.07582213335279
10.6515917811047 8.03155379844066
10.6912167002759 7.98727820682483
10.7309890278581 7.94360636925223
10.7709093122244 7.90001010585488
10.8109781037879 7.8564108002178
10.8511959550093 7.81339776413953
10.8915634204045 7.7708592363554
10.9320810565522 7.72831838836347
10.9727494221018 7.6859224455014
11.0135690777806 7.6440646989479
11.0545405864021 7.60220532518674
11.0956645128736 7.56034230765752
11.1369414242037 7.5193638943245
11.1783718895104 7.47848894588786
11.2199564800288 7.43761293099251
11.2616957691193 7.39727410675475
11.3035903322749 7.35734457127892
11.3456407471298 7.31741083782674
11.3878475934668 7.27770023559307
11.4302114532258 7.23872816878635
11.4727329105113 7.19975533326929
11.515412551601 7.16078023147391
11.5582509649534 7.12239588746816
11.6012487412161 7.08407783502409
11.6444064732342 7.04575858960981
11.6877247560581 7.00810602474441
11.7312041869517 6.97101246136049
11.774845365401 6.9339835989097
11.818648893122 6.89716420260216
11.8626153740693 6.86092107989125
11.9067454144441 6.82473717502731
11.9510396227028 6.78861164216249
11.9954986095653 6.75311378462719
12.0401229880234 6.7177410108482
12.0849133733495 6.68242206883812
12.1298703831044 6.64779474782757
12.1749946371469 6.61369072621898
12.2202867576412 6.57963533078811
12.2657473690664 6.5458262178089
12.3113770982243 6.51270182086047
12.3571765742489 6.47962203604532
12.4031464286144 6.44658731178326
12.4492872951442 6.41414650713673
12.4955998100196 6.38181300525232
12.5420846117884 6.34952217073942
12.5887423413741 6.31869215038158
12.6355736420843 6.28744775988652
12.6825791596199 6.25625411803362
12.7297595420838 6.22535780188081
12.7771154399899 6.19525695231694
12.8246475062721 6.16520668297215
12.8723563962932 6.13520671098391
12.9202427678541 6.10579033513655
12.9683072812028 6.07648433352511
13.0165505990434 6.04722906661553
13.0649733865454 6.01847770339371
13.1135763113527 5.99011256294495
13.162360043593 5.9618049523676
13.2113252558868 5.9337932903755
13.260472623357 5.90655356547598
13.3098028236379 5.87937174503312
13.3593165368846 5.85224691933996
13.4090144457825 5.82569517439182
13.4588972355569 5.79925508211591
13.5089655939818 5.77287382596857
13.5592202113899 5.74698262724292
13.6096617806823 5.7214619119408
13.6602909973373 5.69599996055861
13.7111085594207 5.67082102079325
13.7621151675953 5.64634528746958
13.8133115251301 5.6219296701547
13.8646983379105 5.59757474496579
13.9162763144479 5.57392105045389
13.9680461658894 5.55039168423317
14.0200086060276 5.52700586777691
14.0721643513105 5.50408276056185
14.1245141208514 5.48153706251357
14.1770586364386 5.45913535801612
14.2297986225456 5.43709885694177
14.2827348063412 5.41583016124006
14.3358679176991 5.39470718875563
14.3891986892083 5.37373146803011
14.442727856183 5.35364205668014
14.496456156673 5.33375691985032
14.5503843314737 5.31402070310721
14.6045131241361 5.29474021575702
14.6588432809775 5.27583018596713
14.7133755510915 5.25707038650438
14.7681106863584 5.23865734187421
14.8230494414556 5.22096351146714
14.8781925738679 5.20342932612818
14.9335408438982 5.18605580249621
14.9890950146774 5.16944543204936
15.0448558521758 5.15304905652111
15.1008241252129 5.13681561478105
15.1570006054682 5.12109325580912
15.2133860674922 5.10578025156802
15.2699812887167 5.09063103368012
15.3267870494654 5.07584427440261
15.3838041329651 5.06178669795654
15.4410333253564 5.04789496388495
15.498475415704 5.03416959664742
15.5561311960084 5.02112630798295
15.6140014612162 5.00829454150089
15.6720870092313 4.9956316336656
15.730388640926 4.98351287850748
15.7889071601517 4.9718284392918
15.8476433737505 4.96032419738485
15.9065980915658 4.94917535774045
15.9657721264536 4.93869058395506
16.0251662942941 4.92838894720483
16.0847814140026 4.91827158101847
16.1446183075405 4.90885697561317
16.2046777999274 4.89966770723082
16.2649607192518 4.89066513234382
16.3254678966828 4.88226225302288
16.3862001664817 4.87434813642163
16.447158366013 4.86666637326949
16.5083433357566 4.85935919983888
16.569755919319 4.85268636694158
16.6313969634448 4.84624245744643
16.6932673180286 4.84002642919763
16.7553678361271 4.83463854974363
16.8176993739698 4.82951927663833
16.880262790972 4.82463070839125
16.9430589497458 4.82027524828444
17.0060887161124 4.816348049003
17.069352959114 4.81265450366131
17.1328525510256 4.80936336534384
17.1965883673671 4.80673933640935
17.2605612869157 4.80435131981552
17.3247721917173 4.80219983389405
17.3892219670996 4.80082224465993
17.4539115016833 4.79971217203065
17.5188416873952 4.79884099589898
17.5840134194801 4.79857254161517
17.649427596513 4.79877281312238
17.7150851204118 4.79921531096798
17.7809868964498 4.80002784962323
17.8471338332678 4.80142117033312
17.9135268428867 4.80306006350064
17.9801668407205 4.80494449975522
18.0470547455885 4.80759908759466
18.1141914797281 4.81053211312656
18.1815779688074 4.81371404308288
18.2492151419383 4.8174108947314
18.3171039316889 4.8215322247335
18.3852452740965 4.82591253925542
18.4536401086808 4.83071757352028
18.5222893784564 4.83615923768455
18.5911940299459 4.84180878587211
18.6603550131934 4.84771446219844
18.7297732817769 4.85432584245902
18.799449792822 4.86125372571662
18.8693855070149 4.86847742726025
18.9395813886156 4.87629752954352
19.0100384054711 4.88460016611493
19.0807575290291 4.8932014006709
19.151739734351 4.90224322096551
19.2229860001258 4.91192862370397
19.2944973086829 4.92191516526913
19.3662746460064 4.93220579495414
19.4383190017482 4.94327604675191
19.5106313692418 4.95466896851858
19.5832127455161 4.96637024849586
19.6560641313089 4.97862992215577
19.7291865310809 4.99135533566911
19.8025809530295 5.00437483324273
19.8762484091027 5.01782829967588
19.950189915013 5.03192049608425
20.0244064902514 5.04630900558174
20.0988991581017 5.06099687481786
20.1736689456542 5.07635575588392
20.2487168838201 5.09203159138403
20.3240440073458 5.10800806881447
20.3996513548271 5.1245691148094
20.4755399687231 5.14159818154407
20.5517108953714 5.15893191073043
20.6281651850019 5.17670652865045
20.7049038917513 5.1950977643142
20.7819280736781 5.21379591040505
20.8592387927765 5.23280362880492
20.9368371149918 5.25252841633077
21.0147241102344 5.27264483649608
21.092900852395 5.29314889562893
21.1713684193594 5.31426355684691
21.2501278930231 5.33589842745312
21.3291803593062 5.35792463085935
21.4085269081689 5.38046632901239
21.4881686336258 5.40369222137981
21.5681066337615 5.42731503904082
21.6483420107456 5.45133253272375
21.7288758708478 5.47609131030652
21.8097093244533 5.50126116450939
21.8908434860779 5.52683183349961
21.9722794743837 5.55304889905024
22.0540184121942 5.57980168929345
22.1360614265099 5.60695719777661
22.2184096485239 5.63455696500622
22.3010642136375 5.66274856966716
22.3840262614756 5.69127345122692
22.4672969359028 5.72013246964886
22.5508773850389 5.74964979845084
22.6347687612749 5.77951359484885
22.7189722212887 5.80971827282999
22.8034889260611 5.84048195919553
22.8883200408921 5.87170949954855
22.9734667354164 5.90327973036112
23.0589301836202 5.93529634034077
23.1447115638567 5.96787752960254
23.230812058863 6.00079869693853
23.3172328557757 6.03397349838636
23.4039751461482 6.06763100649392
23.491040125966 6.10146317243597
23.5784289956642 6.13547782860001
23.6661429601435 6.16987591966296
23.754183228787 6.20456854948768
23.8425510154766 6.2394478867224
23.9312475386102 6.27461188163106
24.0202740211181 6.31017431402025
24.1096316904802 6.34592548784076
24.1993217787425 6.3818707595502
24.2893455225345 6.41829520505643
24.3797041630861 6.45491959906835
24.4703989462445 6.49173699686382
24.5614311224917 6.52893178369438
24.6528019469616 6.56641977981866
24.7445126794573 6.60410552276817
24.8365645844686 6.64207869811042
24.9289589311891 6.68043901134501
25.0216969935341 6.71900214671353
25.1147800501579 6.75776752106358
25.2082093844715 6.79700539893678
25.3019862846603 6.83645517313231
25.3961120437021 6.87611181674801
25.4905879593843 6.91612894410043
25.5854153343225 6.95643634861391
25.6805954759781 6.99703601376813
25.7761296966763 7.03802864197274
25.8720193136242 7.07947705029205
25.9682656489293 7.12119918130788
26.0648700296171 7.16319526085951
26.1618337876502 7.20567567248638
26.2591582599459 7.24838697395032
26.356844788395 7.29131545034023
26.4548947198803 7.33460937644892
26.5533094062951 7.37819521727269
26.6520902045621 7.4219852081133
26.7512384766515 7.46603992896262
26.8507555896003 7.51041980021034
26.9506429155313 7.55500670292206
27.0509018316712 7.59980363621365
27.1515337203705 7.64502122918061
27.2525399691221 7.69044514515421
27.3539219705804 7.73607972920376
27.4556811225806 7.78206265549264
27.5578188281582 7.82832407457245
27.6603364955679 7.87479500587093
27.7632355383033 7.92153760299537
27.8665173751163 7.96860760888389
27.9701834300368 8.01589162082268
28.0742351323921 8.06339228203574
28.1786739168268 8.11126101047364
28.2835012233224 8.15934683435713
28.3887184972175 8.20764962124286
28.4943271892273 8.25628836481657
28.6003287554639 8.30520548859634
28.7067246574561 8.35434078081766
28.81351636217 8.40377891217656
28.9207053420286 8.4535892291547
29.0282930749329 8.50365137062155
29.1362810442814 8.55396418568447
29.2446707389912 8.60465139093061
29.3534636535184 8.65559174362646
29.4626612878783 8.7067859426487
29.5722651476666 8.75827099354055
29.6822767440801 8.80995706563138
29.7926975939372 8.86180386199861
29.9035292196989 8.9138608522387
30.0147731494902 8.96618019349642
30.1264309171207 9.01865978256369
30.2385040621058 9.07130129725931
30.3509941296883 9.12402630767047
30.4639026708593 9.17667544451722
30.5772312423796 9.22924841206857
30.6909814068016 9.2818081278039
30.8051547324904 9.33431717615538
30.9197527936455 9.38675052825416
31.0347771703225 9.43914912238557
31.1502294484553 9.49154992075851
31.2661112198773 9.54387276383607
31.3824240823437 9.59612018612582
31.4991696395536 9.64835137288646
31.616349501172 9.70050686511041
31.733965282852 9.75258938608094
31.852018606257 9.80465613867875
31.9705110990833 9.85667732504057
32.0894443950822 9.90862421284752
32.2088201340828 9.96051302428036
32.3286399620146 10.0123672389817
32.4489055309299 10.0641430029911
32.569618499027 10.1158467527953
32.6907805306726 10.1683330064691
32.8123932964254 10.2216597083609
32.9344584730584 10.275860248731
33.0569777435824 10.3310133769165
33.1799527972693 10.3870879875453
33.3033853296751 10.4440301361483
33.4272770426635 10.5018465174519
33.5516296444293 10.5605428388495
33.6764448495218 10.6201018535508
33.8017243788689 10.6805300335106
33.9274699598002 10.7418569439944
34.0536833260713 10.8039841956346
34.1803662178875 10.8668955278334
34.3075203819277 10.9305918178436
34.4351475713689 10.9950787196487
34.5632495459097 11.060352332012
34.6918280717952 11.1264230101869
34.8208849218411 11.1933089435404
34.9504218754581 11.2607267508492
35.0804407186764 11.3280364104526
35.2109432441705 11.3954400833979
35.3419312512837 11.4627375246647
35.4734065460531 11.5299199663059
35.6053709412345 11.5968930508935
35.7378262563273 11.6637043461562
35.8707743175993 11.7304082156402
36.0042169581128 11.7969674056372
36.1381560177486 11.8633523436267
36.2725933432325 11.9295963556548
36.40753078816 11.9956870202467
36.5429702130224 12.0615661112704
36.6789134852321 12.1276113397159
36.8153624791483 12.1938807898452
36.9523190761032 12.2604079055948
37.0897851644277 12.3273079916627
37.2277626394773 12.3946001428152
37.3662534036585 12.4625704401053
37.5052593664551 12.531238012997
37.6447824444542 12.6006333354747
37.7848245613726 12.6707583433535
37.9253876480839 12.741618763868
38.0664736426444 12.8132174724866
38.2080844903204 12.8855640481159
38.3502221436146 12.9586355666917
38.4928885622931 13.0324550094684
38.6360857134129 13.1070338362441
38.7798155713483 13.1823749006048
38.9240801178185 13.2584859125849
39.068881341915 13.3353697210934
39.2142212401288 13.4129177104472
39.3601018163781 13.4908294667927
39.5065250820358 13.5691375313601
39.6534930559574 13.6488157559616
39.8010077645086 13.7305859194874
39.9490712415935 13.8144395525658
40.0976855286824 13.9003708364916
40.2468526748401 13.9883888974535
40.3965747367541 14.0784895418769
40.5468537787631 14.170686811209
40.6976918728852 14.2648976778632
40.8490910988465 14.3611749221173
41.0010535441102 14.4594607115204
41.1535813039047 14.559760206123
41.3066764812531 14.6620932457787
41.4603411870018 14.7664529158156
41.6145775398498 14.8728375334234
41.7693876663778 14.9812755803246
41.9247737010778 15.0913235211087
42.080737786382 15.2004659595578
42.2372820726929 15.308710285461
42.3944087184125 15.41610304835
42.5521198899724 15.5225894687001
42.7104177618635 15.6281674807617
42.869304516666 15.7329510718804
43.0287823450793 15.8369401050515
43.1888534459529 15.9401278299518
43.3495200263157 16.0425175911911
43.5107843014072 16.1441117282755
43.6726484947079 16.2449049193473
43.8351148379697 16.3448971162203
43.9981855712467 16.4440640098397
44.1618629429266 16.542435600246
44.3261492097609 16.6401692758826
44.4910466368967 16.7377718292136
44.6565574979076 16.8356238140349
44.822684074825 16.9337551866365
44.9894286581698 17.0321612321411
45.1567935469838 17.1308375848295
45.3247810488614 17.2298230665454
45.4933934799815 17.3291304884122
45.6626331651395 17.4286868352425
45.8325024377791 17.5285900789966
46.0030036400248 17.6288537080411
46.1741391227139 17.7290066651348
46.345911245429 17.8290681561412
46.5183223765307 17.9290754613024
46.69137489319 18.0277304642244
46.8650711814213 18.1247372442445
47.0394136361151 18.2198735252461
47.2144046610712 18.3118760877442
47.3900466690317 18.4006545704629
47.5663420817144 18.4862788521242
47.743293329846 18.5687349215819
47.9209028531959 18.6479399392586
48.0991731006096 18.7241052383935
48.2781065300423 18.7972831075346
48.4577056085935 18.8673988872691
48.63797281254 18.9344059195668
48.8189106273711 18.9983819053092
49.000521547822 19.060769669374
49.1828080779086 19.1221542874706
49.3657727309621 19.1827737488373
49.5494180296635 19.2429404535806
49.7337465060782 19.3025591975592
49.9187607016915 19.3617873150136
50.1044631674429 19.4206910072518
50.2908564637618 19.4791758957581
50.4779431606027 19.5371989399585
50.6657258374805 19.5948830045369
50.854207083506 19.6522048134173
51.043389497422 19.7089255840153
51.2332756876387 19.7653844723966
51.4238682722698 19.8220953320976
51.6151698791687 19.8788052641925
51.8071831459647 19.9349291346907
51.9999107200992 19.9904399253771
52.1933552588626 20.0452155214922
52.3875194294302 20.0985106306806
52.5824059089 20.1503355222256
52.7780173843286 20.200505809147
52.9743565527689 20.24875615059
53.1714261213071 20.2953246108996
53.3692288070999 20.3401928914048
53.5677673374123 20.3833044313294
53.7670444496548 20.4251175703182
53.9670628914213 20.4656675197476
54.1678254205271 20.5049041002039
54.3693348050468 20.5427932045762
54.5715938233525 20.579372331104
54.7746052641521 20.6146317327169
54.9783719265278 20.6494390721271
55.1828966199745 20.6841260632876
55.3881821644389 20.7189366782448
55.594231390358 20.7546521538608
55.8010471386984 20.7911432165677
56.0086322609952 20.8274478215981
56.2169896193917 20.8632008321745
56.4261220866785 20.8984586996679
56.6360325463332 20.9329682106418
56.8467238925604 20.9667584764915
57.0581990303312 21.0002476698782
57.2704608754236 21.0329492691416
57.4835123544625 21.0649108102149
57.6973564049602 21.0968226235407
57.9119959753568 21.1284104900572
58.1274340250607 21.1595325831219
58.3436735244898 21.1909465526518
58.5607174551122 21.2229536372302
58.7785688094872 21.2552452896615
58.9972305913069 21.2878513429792
59.2167058154372 21.3211842370056
59.4369975079597 21.3562642893439
59.6581087062134 21.3931104416174
59.8800424588363 21.4319552377772
60.1028018258077 21.4727076660943
60.3263898784903 21.5155430982595
60.5508096996726 21.5607799503329
60.7760643836113 21.6095368129147
61.0021570360742 21.6616901832386
61.2290907743825 21.7172601480965
61.4568687274545 21.7763428055239
61.685494035848 21.8388654433748
61.9149698518044 21.9048479420099
62.1452993392914 21.9743751936996
62.376485674047 22.0474115447957
62.6085320436233 22.1238556218625
62.8414416474305 22.2025373812675
63.0752176967808 22.279096438677
63.3098634149326 22.3535116111113
63.5453820371355 22.4257884455814
63.7817768106743 22.4959279204894
64.0190509949139 22.5639344361211
64.2572078613447 22.6298078967917
64.4962506936269 22.693551145876
64.7361827876367 22.7551669103317
64.9770074515108 22.8146616028973
65.2187280056928 22.8715517088466
65.4613477829786 22.9244285690651
65.7048701285624 22.9734874512805
65.9492984000827 23.0194936933801
66.1946359676689 23.0625690766049
66.4408862139876 23.1033456664861
66.688052534289 23.1441503098842
66.9361383364543 23.1849054104188
67.1851470410421 23.2256979632798
67.4350820813359 23.2665711464021
67.6859469033913 23.3089643605773
67.9377449660834 23.3535157806712
68.190479741155 23.4010899921255
68.4441547132637 23.4516891620445
68.6987733800307 23.5051282602673
68.9543392520884 23.5616820178369
69.2108558531293 23.6204362485894
69.4683267199542 23.6807051682419
69.7267554025213 23.7426896734885
69.9861454639949 23.8072835167753
70.2465004807944 23.8746897399262
70.5078240426442 23.9447946134446
70.7701197526224 24.0153639739274
71.0333912272113 24.0863392421419
71.2976420963466 24.1575117312568
71.5628760034677 24.2291170262012
71.8290966055681 24.3011500919774
72.0963075732454 24.3733754201706
72.3645125907524 24.448008449308
72.6337153560475 24.5253341714833
72.903919580846 24.6052750878569
73.1751289906711 24.6874988619372
73.4473473249052 24.7708790657103
73.7205783368417 24.855378265654
73.9948257937363 24.9420409312976
74.2700934768597 25.031218723048
74.5463851815488 25.1223864260848
74.82370471726 25.21388150336
75.1020559076207 25.3057013853297
75.3814425904831 25.3978358940516
75.6618686179762 25.4902316858406
75.9433378565593 25.5836872893381
76.2258541870754 25.6785377838295
76.5094215048047 25.7747704665728
76.7940437195179 25.8724267212404
77.0797247555308 25.9702731451548
77.3664685517576 26.0682424179454
77.654279061766 26.165087795613
77.9431602538311 26.2600610156558
78.2331161109905 26.3531112546257
78.524150631099 26.4449016340038
78.8162678268838 26.5357853353094
79.1094717259999 26.6259204957398
79.4037663710853 26.714400384146
79.6991558198174 26.8012155695713
79.9956441449681 26.8862477831897
80.2932354344608 26.9694823257415
80.5919337914261 27.0510577030579
80.8917433342586 27.1308642503387
81.192668196674 27.2103527556971
81.4947125277655 27.2893828557442
81.7978804920615 27.3662925513795
82.1021762695827 27.440958830985
82.4076040558999 27.5130184838803
82.714168062192 27.5824973657795
83.0218725153037 27.649188787934
83.3307216578039 27.7131009581141
83.6407197480444 27.7740598929844
83.9518710602185 27.8321184816175
84.2641798844197 27.8885606787431
84.5776505267013 27.9435098016923
84.8922873091352 27.9969137576275
85.2080945698721 28.0482391943511
85.525076663201 28.0973699687662
85.8432379596091 28.1437281295568
86.1625828458423 28.1871605485162
86.4831157249656 28.2275275649921
86.804841016424 28.2650204695897
87.1277631561029 28.2994233446951
87.4518865963899 28.3306424654506
87.7772158062356 28.3587895789724
88.103755271216 28.3838483993296
88.4315094935933 28.4056605341691
88.760482992379 28.4240532027731
89.0906803033954 28.441209654101
89.4221059793388 28.456876844269
89.7547645898416 28.4710462869711
90.088660721536 28.4837627231343
90.4237989781166 28.4949798980157
90.7601839804045 28.504684411922
91.0978203664104 28.5136755905453
91.436712791399 28.5218219425738
91.7768659279529 28.5277538632001
92.1182844660374 28.531757335228
92.4609731130645 28.534519175173
92.8049365939585 28.5360202672738
93.1501796512209 28.5360698489871
93.4967070449956 28.5333270574143
93.8445235531347 28.5279902838518
94.1936339712644 28.5212955486709
94.5440431128511 28.5141506476293
94.8957558092676 28.506548009268
95.2487769098601 28.4987202218982
95.6031112820147 28.4911937710965
95.9587638112245 28.4848708996996
96.3157394011573 28.4792080415049
96.674042973723 28.474311815484
97.0336794691412 28.4704665907522
97.39465384601 28.4679698928482
97.7569710813735 28.4668960635934
98.1206361707911 28.4642276742275
98.4856541284063 28.4599533386103
98.8520299870155 28.4536399339382
99.2197687981374 28.4448414694456
99.5888756320832 28.4328860982698
99.9593555780259 28.4213696344416
100.331213744071 28.4116154020944
100.704455257326 28.4040603257319
101.079085263972 28.3988742972034
101.455108929334 28.3961048122794
101.832531437955 28.3956546823351
102.211357993661 28.3964710286235
102.591593819639 28.3986625981068
102.973244158507 28.4026775431295
103.356314272386 28.4087924743704
103.74080944297 28.4187680318529
104.126734971605 28.4325944383121
104.514096179357 28.4499357816348
104.902898407086 28.4687823141908
105.293147015521 28.48795142673
105.684847385335 28.5087014618212
106.078004917216 28.5310250538865
106.472625031943 28.5550097994232
106.868713170461 28.5806159838639
107.266274793956 28.6089173448569
107.665315383931 28.6422864606637
108.065840442278 28.6807459603602
108.467855491361 28.7241895566508
108.871366074083 28.7737385749974
109.27637775397 28.8295044338103
109.682896115245 28.8876318904656
110.090926762902 28.9440516927128
110.500475322789 28.9988082005801
110.911547441682 29.0511554076422
111.324148787363 29.1006201144429
111.738285048698 29.1472916065589
112.153961935718 29.1935025113886
112.571185179695 29.2405780378099
112.98996053322 29.2891121883967
113.410293770289 29.3391304250341
113.832190686372 29.3907221794632
114.255657098502 29.44549801753
114.680698845352 29.5031028011407
115.107321787315 29.5636671690468
115.535531806584 29.6292860948184
115.965334807235 29.6998868091953
116.396736715309 29.7754555799725
116.829743478891 29.8551218145753
117.264361068193 29.9388089478475
117.700595475639 30.0254065796981
118.138452715943 30.1139587916998
118.577938826195 30.2046807642702
119.019059865945 30.2956565416342
119.461821917283 30.3866690373728
119.906231084925 30.477843489553
120.3522934963 30.5700165669313
120.800015301628 30.6641686799465
121.24940267401 30.7605528818952
121.700461809513 30.8590906890937
122.15319892725 30.9601365701524
122.607620269474 31.0638065406249
123.063732101657 31.1664341496015
123.52154071258 31.2652727341623
123.981052414419 31.3581459010862
124.442273542832 31.4450678969711
124.905210457046 31.5259548609323
125.369869539945 31.6013177916418
125.836257198157 31.6755999348078
126.304379862144 31.7531352741141
126.774243986291 31.8339153278544
127.245856048992 31.9179342061558
127.719222552743 32.0051879018607
128.194350024229 32.097793351083
128.671245014415 32.1975126671519
129.149914098635 32.304572276848
129.630363876686 32.4204885268874
130.112600972915 32.5452936191439
130.596632036314 32.6756663050402
131.082463740608 32.8075537766995
131.570102784351 32.9411097936397
132.059555891015 33.0773966301944
132.550829809082 33.216412388656
133.043931312143 33.3575710090482
133.538867198985 33.4992303078029
134.035644293687 33.6411361016987
134.534269445714 33.7832941670653
135.034749530014 33.9238524411387
135.537091447108 34.0597832146426
136.041302123189 34.1911574055462
136.547388510214 34.3179384358933
137.055357586005 34.4393955941128
137.56521635434 34.5557709373554
138.076971845052 34.6673674041293
138.590631114126 34.7757097768217
139.106201243796 34.8785095350284
139.623689342642 34.9757807741754
140.14310254569 35.0689020284247
140.664448014507 35.1583563938374
141.187732937303 35.2462889925744
141.712964529029 35.3358760579592
142.240150031474 35.4256184335358
142.769296713371 35.5146703757834
143.30041187049 35.6030764083722
143.833502825744 35.6914149962667
144.368576929286 35.780021813797
144.905641558614 35.8692057917497
145.444704118671 35.9584697170686
145.985772041946 36.0478847786156
146.528852788578 36.1338727358935
147.073953846458 36.2151023307238
147.621082731334 36.2921911327454
148.170246986912 36.367298761561
148.721454184961 36.4420323163576
149.274711925419 36.5165509882875
149.830027836496 36.5906671235065
150.387409574779 36.6642804848343
150.946864825339 36.7373804504846
151.508401301835 36.8055221567202
152.072026746624 36.8618664118136
152.637748930863 36.9063447853877
153.205575654619 36.9389721284277
153.775514746977 36.9595642392346
154.347574066145 36.9679831593293
154.921761499565 36.9685668877447
155.498084964022 36.965530322726
156.076552405752 36.9599800199789
156.657171800551 36.9556884613411
157.239951153886 36.954277055373
157.824898501005 36.9557418650912
158.412021907047 36.9583511485522
159.001329467157 36.9602661123099
159.592829306591 36.9599723841524
160.186529580835 36.9565162051947
160.78243847571 36.9506416489046
161.380564207495 36.942318035578
161.980915023028 36.9299010223373
162.583499199831 36.9138258871031
163.188325046216 36.8940658165573
163.795400901405 36.8712346385252
164.40473513564 36.8453752408216
165.016336150303 36.8197558056024
165.630212378031 36.7955362825752
166.246372282828 36.774211777427
166.864824360187 36.7573051031849
167.485577137204 36.7440872895271
168.108639172699 36.7332077619898
168.734019057329 36.7246704781572
169.36172541371 36.7184829648029
169.991766896534 36.7113111825646
170.624152192691 36.6963193382207
171.258890021386 36.6733972751713
171.89598913426 36.6423648403149
172.535458315511 36.6023599659451
173.177306382017 36.5522270784929
173.821542183453 36.4954648771069
174.468174602416 36.4346957840372
175.117212554548 36.3743176764568
175.768664988659 36.3189580131617
176.422540886846 36.2685894426493
177.078849264624 36.2223620014982
177.737599171045 36.1745105742228
178.398799688823 36.1193622122895
179.062459934462 36.0568269788339
179.728589058382 35.990890785555
180.397196245039 35.9236913268984
181.068290713059 35.855126205023
181.741881715363 35.782974308261
182.417978539291 35.7080541938332
183.096590506735 35.6308743591739
183.777726974264 35.5521619721306
184.461397333255 35.4750440353051
185.147611010021 35.4038279278004
185.836377465944 35.339348076601
186.5277061976 35.279201834375
187.221606736895 35.2201268230426
187.918088651195 35.1613504329574
188.617161543456 35.1022983904927
189.318835052359 35.0491560108541
190.023118852442 35.0019949814403
190.730022654232 34.9604456147212
191.439556204381 34.9211809312467
192.151729285799 34.8838350541312
192.86655171779 34.8483121390484
193.584033356187 34.8146818630361
194.304184093485 34.7824287356569
195.027013858983 34.7510983849647
195.752532618918 34.7201652671577
196.480750376599 34.6893650940937
197.211677172552 34.6587025333348
197.945323084652 34.626686299792
198.681698228267 34.5936547862269
199.420812756393 34.555163956485
200.162676859797 34.5071561400492
200.907300767158 34.4478875866434
201.654694745203 34.383617297529
202.404869098855 34.3156745160911
203.157834171373 34.2473833659663
203.913600344492 34.1789898071055
204.672178038568 34.1103746436412
205.433577712722 34.044086523949
206.197809864986 33.9808964150564
206.964885032443 33.9228442725742
207.734813791375 33.8695566835411
208.50760675741 33.8203473012364
209.283274585667 33.7714236441275
210.061827970903 33.7168045493768
210.84327764766 33.6560401357151
211.627634390414 33.590691060207
212.414909013722 33.5288652758703
213.205112372374 33.4705426598636
213.998255361539 33.4179347577892
214.794348916918 33.3769338010495
215.593404014895 33.347881210985
216.395431672684 33.3307723983913
217.200442948486 33.3228950599849
218.008448941641 33.3251876705663
218.819460792778 33.3374710791422
219.633489683968 33.3581392056929
220.450546838885 33.3817176968465
221.270643522953 33.4030456122794
222.093791043505 33.4194029822961
222.920000749938 33.4324646292983
223.749284033871 33.4419860922336
224.5816523293 33.4477119409654
225.417117112757 33.4465293654237
226.255689903467 33.439785016706
227.097382263509 33.4268073905285
227.942205797972 33.4104422243981
228.790172155119 33.3926697663618
229.641293026544 33.3730812844662
230.495580147337 33.3548430583349
231.35304529624 33.3414497108148
232.213700295818 33.3329238807144
233.077557012612 33.3252983393908
233.944627357311 33.3145599115315
234.814923284911 33.3001137254063
235.688456794884 33.2779504010514
236.565239931339 33.2472155036986
237.44528478319 33.2105177698045
238.328603484325 33.1747892140399
239.215208213769 33.1400070874585
240.105111195857 33.1055452991357
240.998324700395 33.0781478194091
241.894861042839 33.0587159479655
242.794732584456 33.047542648676
243.6979517325 33.0403137250011
244.60453094038 33.0378341866544
245.514482707834 33.0399131955702
246.427819581099 33.0476989206079
247.344554153085 33.0626906603851
248.264699063551 33.0822106535755
249.188266999274 33.1036530525688
250.11527069423 33.1260949769664
251.045722929764 33.1515238136057
251.979636534771 33.1789476706556
252.91702438587 33.2085342890054
253.85789940758 33.2355118873616
254.802274572504 33.2579955570185
255.750162901502 33.2746352282925
256.701577463874 33.2864342287947
257.656531377538 33.2923736527525
258.615037809212 33.2917366117126
259.577109974596 33.287036934493
260.542761138553 33.2792853637304
261.512004615294 33.2684743743147
262.484853768559 33.2507516683357
263.461322011801 33.2308237657041
264.441422808376 33.2117846334571
265.42516967172 33.1920204408597
266.412576165545 33.1657254204856
267.403655904018 33.1342163118256
268.398422551953 33.1059078647789
269.396889825 33.0801885228007
270.39907148983 33.0539895899052
271.404981364328 33.0250697804228
272.414633317784 32.993534369224
273.428041271082 32.9559592456015
274.445219196894 32.9120102683588
275.466181119869 32.8615534586925
276.490941116832 32.8068501994641
277.519513316975 32.7572130787359
278.551911902049 32.7151412452799
279.588151106566 32.679939750713
280.628245217989 32.647769657288
281.672208576933 32.6205292299268
282.720055577362 32.5993882570516
283.771800666785 32.5883521360025
284.827458346459 32.5819663874793
285.887043171586 32.5791359248298
286.950569751514 32.5754470393055
288.018052749942 32.5698509930883
289.089506885116 32.5613708588644
290.164946930037 32.5451202480017
291.244387712663 32.5164526750623
292.327844116112 32.4745295068068
293.41533107887 32.4235960436578
294.506863594997 32.3646699539194
295.602456714328 32.3019671775394
296.702125542688 32.2491032473101
297.805885242097 32.2059132051639
298.913751030978 32.1563723512079
300.025738184368 32.0942490672953
301.14186203413 32.0324676722485
302.262137969162 31.9756855257259
303.386581435609 31.9188869532827
304.51520793708 31.8577150067789
305.648033034855 31.791101909779
306.785072348107 31.7193426681324
307.926341554112 31.6423217503852
309.071856388467 31.5601243394628
310.221632645308 31.4728802320546
311.375686177524 31.3835552028276
312.534032896982 31.2926326057899
313.69668877474 31.2023828206701
314.86366984127 31.1162191665912
316.03499218668 31.0380409256232
317.210671960934 30.9681258206768
318.390725374075 30.9066024226567
319.57516869645 30.8480566034731
320.764018258932 30.7903475364901
321.957290453147 30.7328045174374
323.1550017317 30.6744974645211
324.3571686084 30.6176590457881
325.563807658489 30.5607988612587
326.774935518872 30.4923322744995
327.990568888343 30.4083233693602
329.210724527818 30.3146838619025
330.435419260565 30.2164902355627
331.664669972436 30.1172602112316
332.898493612101 30.0320285376927
334.136907191279 29.9602963415878
335.379927784974 29.8930331238339
336.627572531714 29.8191579632016
337.879858633779 29.7375941684716
339.136803357447 29.6512951842155
340.398424033226 29.5674237604202
341.664738056097 29.4883210406996
342.935762885749 29.4081056981788
344.211516046826 29.3270207267998
345.492015129163 29.2421924753202
346.777277788032 29.152952535664
348.067321744384 29.0724601766132
349.362164785094 28.9930048640771
350.661824763204 28.9021460803041
351.966319598173 28.8045551383645
353.275667276122 28.7149390023415
354.58988585008 28.6391843674363
355.908993440238 28.5727578788656
357.233008234193 28.5074135309131
358.561948487204 28.4396744891887
359.895832522439 28.3681951675593
361.234678731231 28.2935734598805
362.578505573331 28.2145968767102
363.927331577162 28.1372321742552
365.281175340072 28.0653388569415
366.640055528597 27.9941572336339
368.003990878711 27.9209140674188
369.373000196088 27.8463146193777
370.747102356362 27.7732733940509
372.126316305386 27.7065580548748
373.510661059493 27.6476417378674
374.900155705758 27.594724412936
376.294819402263 27.5581591602811
377.694671378358 27.5312919665072
379.099730934929 27.497228634787
380.510017444665 27.4494397218454
381.92555035232 27.3978114935338
383.346349174985 27.3553923046126
384.772433502359 27.3137835562354
386.203822997013 27.2723485168267
387.640537394667 27.2263792506087
389.082596504459 27.1738992264998
390.530020209219 27.139383532344
391.982828465741 27.1122166722487
393.441041305064 27.0713042798175
394.904678832742 27.0234475188097
396.373761229123 26.9783722175018
397.848308749629 26.9362446760329
399.328341725034 26.899591366139
400.813880561743 26.8614538235671
402.304945742077 26.8232895956506
403.801557824551 26.7940976806674
405.303737444161 26.7699356723047
406.811505312667 26.7378651151083
408.324882218878 26.6972887250817
409.843889028939 26.6511406241761
411.368546686621 26.6245653698982
412.898876213606 26.6130771070316
414.434898709779 26.6055012108454
415.976635353518 26.5991554036677
417.524107401988 26.5962333707183
419.077336191431 26.5890521743191
420.636343137464 26.5803490208929
422.20114973537 26.5816936885141
423.771777560397 26.5890330709051
425.348248268055 26.5914745353764
426.930583594415 26.591772098019
428.518805356409 26.5944252518665
430.112935452127 26.6067218002537
431.712995861126 26.6186982036873
433.319008644725 26.6284885995622
434.930995946316 26.6397723885441
436.548979991665 26.6636638535057
438.172983089221 26.699960938178
439.803027630423 26.7394577958053
441.439136090005 26.7763230517619
443.081331026313 26.8071346419147
444.72963508161 26.8204669169767
446.384070982391 26.8238220403863
448.044661539696 26.8281365196431
449.711429649423 26.8369121907053
451.384398292646 26.8522605793304
453.063590535931 26.881082396072
454.749029531652 26.9230576942606
456.440738518314 26.9613247336665
458.138740820871 26.9807510358149
459.843059851047 26.9803678077899
461.55371910766 27.0017587425518
463.270742176947 27.0368135367413
464.994152732887 27.0776808550196
466.723974537529 27.11579142633
468.460231441319 27.1461123696015
470.202947383427 27.1622448393744
471.952146392082 27.1758022150111
473.707852584898 27.1889343064643
475.470090169211 27.1995849452272
477.238883442408 27.2095832364357
479.014256792265 27.2299042666379
480.796234697286 27.262037287266
482.584841727032 27.2936954849453
484.38010254247 27.3156986978353
486.182041896305 27.3375454633539
487.990684633326 27.3647497957665
489.806055690746 27.4192961116849
491.628180098547 27.4773771674102
493.457082979826 27.5442043725324
495.292789551138 27.6287481311228
497.135325122848 27.718693176787
498.984715099477 27.7907163452985
500.840984980053 27.8638996962239
502.704160358464 27.935529622936
504.574266923808 28.0097670227399
506.451330460749 28.0915357983128
508.335376849875 28.1636729677333
510.226432068048 28.2317463731435
512.124522188771 28.3006194257219
514.029673382538 28.3551714224894
515.941911917204 28.3957446193882
517.86126415834 28.4283236960605
519.787756569601 28.4567238108943
521.721415713088 28.4896789991485
523.662268249716 28.5176693289351
525.610340939583 28.5405501073955
527.565660642334 28.5467528879369
529.528254317536 28.5440807409935
531.498149025047 28.5398464630272
533.475371925393 28.5444377544412
535.459950280137 28.567186233656
537.451911452257 28.5903492585323
539.451282906527 28.607402707534
541.45809220989 28.6038015038908
543.472367031842 28.5845756134096
545.49413514481 28.5795593397437
547.523424424539 28.5856704318882
549.560262850475 28.5931377510726
551.604678506148 28.5941009874716
553.656699579562 28.6166176603815
555.716354363585 28.6587425930292
557.783671256334 28.7267048899527
559.858678761572 28.8099717676479
561.941405489097 28.8955020592644
564.03188015514 28.9716116312205
566.130131582757 29.0359403108728
568.236188702231 29.0997747893543
570.350080551465 29.1413132173685
572.471836276389 29.1587026334235
574.601485131357 29.1878831536871
576.739056479551 29.2180440242952
578.88457979339 29.2513503605908
581.038084654929 29.2718276855808
583.199600756274 29.2936269021405
585.369157899988 29.3096485636206
587.5467859995 29.3159178883879
589.732515079524 29.3310640245854
591.926375276465 29.3512285642173
594.128396838839 29.3638018357518
596.338610127691 29.3669948391594
598.557045617011 29.3757018171151
600.783733894154 29.4061105107277
603.018705660264 29.4234734150263
605.261991730696 29.4278792744366
607.513623035441 29.4232768649583
609.773630619552 29.4165649431946
612.042045643573 29.4169692979679
614.318899383969 29.4311408418343
616.604223233554 29.4321098222629
618.898048701927 29.4261875734673
621.200407415909 29.4234009300029
623.51133111997 29.4274654012406
625.830851676678 29.4447763867515
628.159001067128 29.4825363635571
630.49581139139 29.5073110916061
632.841314868951 29.5303249906626
635.195543839153 29.5508269150916
637.558530761648 29.5639667402577
639.930308216838 29.5724982686257
642.310908906328 29.5603695128321
644.700365653376 29.5835894300208
647.098711403346 29.6285900429978
649.505979224161 29.6850985960283
651.922202306761 29.7461840197526
654.347413965559 29.8144779698595
656.781647638899 29.8790466099171
659.224936889521 29.9426084617038
661.677315405021 30.0063898974476
664.138816998315 30.0893733891545
666.609475608108 30.170060411835
669.089325299358 30.2304165186694
671.578400263749 30.2755483935799
674.076734820163 30.3215620196842
676.584363415148 30.3594553151695
679.101320623398 30.399898579486
681.627641148229 30.4560703406337
684.163359822055 30.5160641301617
686.708511606871 30.5536425018269
689.263131594734 30.5912629365149
691.827255008246 30.6250055184576
694.400917201039 30.671666687474
696.984153658268 30.6856365894259
699.576999997092 30.6934737363594
702.179491967171 30.6777973922245
704.791665451156 30.6504576074434
707.413556465187 30.6094630151091
710.045201159385 30.5969601905279
712.686635818355 30.6122893725828
715.337896861682 30.6149960039726
717.999020844436 30.6352481645065
720.670044457676 30.6594295569577
723.351004528956 30.6948756029488
726.041938022828 30.7532712761309
728.74288204136 30.8212438236469
731.453873824642 30.8840602410585
734.174950751298 30.9395395343238
736.906150339008 31.0052839875762
739.647510245018 31.0824371858066
742.399068266665 31.1440777591709
745.160862341893 31.2059415652364
747.932930549781 31.2797625175896
750.715311111065 31.3644116724587
753.508042388666 31.4443984725707
756.311162888217 31.514917518451
759.124711258597 31.5867389665761
761.948726292463 31.6519412031931
764.783246926784 31.7214446618333
767.628312243377 31.7865031450714
770.483961469448 31.8400290748443
773.350233978131 31.9051153502227
776.227169289033 31.9499797266516
779.114807068777 31.9991493214878
782.01318713155 32.0203857428382
784.92234943965 32.0209197972684
787.842334104041 31.9925900676164
790.773181384902 31.9521829345597
793.714931692182 31.9103352023945
796.667625586163 31.8732718455333
799.63130377801 31.8608722038502
802.606007130343 31.8496532851868
805.591776657789 31.8407841328193
808.588653527558 31.8583717122741
811.596679060002 31.8561706547552
814.615894729193 31.8509903143046
817.646342163485 31.8374768199948
820.688063146098 31.8248271356907
823.741099615688 31.8119315538931
826.805493666926 31.795934601186
829.881287551079 31.7775917041819
832.968523676594 31.7738130712693
836.06724460968 31.743189017171
839.177493074898 31.7365780033784
842.299311955746 31.7538089507006
845.432744295255 31.7724285175009
848.577833296579 31.7754993921262
851.734622323592 31.7867851445235
854.903154901485 31.8054562564709
858.083474717367 31.8224943925272
861.275625620868 31.8437613832798
864.479651624742 31.8845803112108
867.695596905475 31.9345966929467
870.923505803893 31.9657438534212
874.163422825774 31.9845617501722
877.415392642464 32.002963948432
880.679460091487 32.0168342859294
883.955670177168 32.0220908825588
887.244068071255 32.0301131921664
890.544699113535 32.0579641929796
893.857608812465 32.0375518448739
897.1828428458 32.0072290195462
900.520447061216 32.0028953534093
903.870467476951 31.9815121711406
907.232950282432 31.9689217395228
910.607941838916 31.9480955024468
913.99548868013 31.9146155687686
917.395637512907 31.8745612180248
920.808435217838 31.8335816313631
924.233928849912 31.7928030352932
927.672165639167 31.7401468591768
931.12319299134 31.6923693963512
934.587058488525 31.6830652861505
938.063809889823 31.6631524361564
941.553495132005 31.6311622571924
945.056162330171 31.5835054793517
948.571859778412 31.5303949851544
952.100635950479 31.4443686306329
955.64253950045 31.3745629454815
959.197619263401 31.3315450279494
962.765924256078 31.2833844028689
966.347503677575 31.2495215433474
969.942406910009 31.2333201170627
973.550683519207 31.2155131824451
977.172383255382 31.2085436859399
980.807556053824 31.1919174198834
984.456252035586 31.1614590115646
988.118521508177 31.1723537184798
991.794414966255 31.199354035183
995.483983092322 31.2235944970129
999.187276757423 31.2545032463727
1002.90434702185 31.2538375873955
1006.63524513584 31.2275906224989
1010.3800225403 31.2078017316105
1014.13873086747 31.1892662148885
1017.9114219417 31.1638642435853
1021.69814778013 31.1257587337487
1025.49896059337 31.0721358257956
1029.31391278631 31.0657387651086
1033.14305695876 31.0428848829426
1036.98644590621 31.0124073368054
1040.84413262056 30.9683226510178
1044.71617029083 30.9440899909277
1048.60261230394 30.9364739419445
1052.50351224539 30.9358196305072
1056.41892390001 30.9089547670077
1060.34890125276 30.8725087563648
1064.29349848938 30.8325971159909
1068.25276999721 30.773825249172
1072.22677036593 30.7399581180122
1076.21555438826 30.6982004534552
1080.21917706079 30.6511299275715
1084.23769358469 30.6017777364194
1088.27115936647 30.5496077560659
1092.31963001878 30.5030684636788
1096.38316136114 30.4656869574051
1100.46180942073 30.4236772483693
1104.55563043316 30.3777030899744
1108.66468084322 30.3509731012285
1112.7890173057 30.3365270287334
1116.92869668616 30.3133869966292
1121.08377606168 30.2896519154767
1125.25431272169 30.2948512263694
1129.44036416873 30.2868875791085
1133.64198811927 30.246585614811
1137.85924250447 30.1987649190208
1142.09218547102 30.1708009890868
1146.34087538191 30.1379063556022
1150.60537081725 30.0859183817837
1154.88573057506 30.0780010437784
1159.18201367212 30.0640335043717
1163.49427934474 30.0615596524854
1167.8225870496 30.0551663105381
1172.16699646455 30.0492019486884
1176.52756748948 30.0322647885671
1180.90436024707 29.9881197163105
1185.2974350837 29.9570335123916
1189.70685257023 29.9323352163977
1194.13267350285 29.8997918417631
1198.5749589039 29.8971729079945
1203.03377002276 29.8857403913615
1207.50916833664 29.8445204775517
1212.00121555147 29.8131847740296
1216.50997360271 29.7877084864267
1221.03550465623 29.7611332983301
1225.57787110919 29.7335281963515
1230.13713559085 29.705796556822
1234.71336096344 29.6481821407632
1239.30661032308 29.6215764843968
1243.9169470006 29.5674348405848
1248.54443456241 29.5169887435016
1253.18913681141 29.4654384727088
1257.85111778785 29.4309272961117
1262.53044177021 29.4330176852579
1267.22717327611 29.4284114787703
1271.94137706315 29.373056753823
1276.67311812987 29.3347759612991
1281.42246171659 29.3425159069884
1286.18947330632 29.3608189022065
1290.97421862569 29.3701171399028
1295.77676364585 29.3648298311885
1300.59717458334 29.3352585045639
1305.43551790105 29.3503550580788
1310.29186030912 29.3599719807354
1315.16626876584 29.3676776446866
1320.05881047861 29.3438512227251
1324.96955290485 29.3063873404609
1329.8985637529 29.2877120804945
1334.84591098301 29.2680264960302
1339.81166280824 29.2552147304412
1344.79588769541 29.266509985467
1349.79865436604 29.2547684926708
1354.82003179729 29.2469921677224
1359.86008922295 29.2458286327334
1364.91889613434 29.2437801559854
1369.9965222813 29.2305223114827
1375.09303767316 29.2254924370844
1380.20851257966 29.2152442535837
1385.343017532 29.202924728504
1390.49662332371 29.1945797134988
1395.6694010117 29.1489871030503
1400.86142191724 29.1146738010406
1406.07275762689 29.1192016631438
1411.30347999353 29.1233939955251
1416.55366113734 29.1166725795064
1421.82337344679 29.1090526382754
1427.11268957965 29.0976734048413
1432.42168246399 29.0944690914383
1437.75042529915 29.0966341818304
1443.09899155681 29.1210918085717
1448.46745498195 29.1630309695343
1453.85588959391 29.2019024554823
1459.26436968736 29.208419758177
1464.69296983337 29.2107219597287
1470.14176488043 29.2194558573907
1475.61082995546 29.2377719548602
1481.10024046487 29.2211037121794
1486.61007209556 29.2327632157889
1492.14040081604 29.2324104391042
1497.69130287738 29.2346859599996
1503.26285481435 29.2531776416711
1508.85513344643 29.2530060446289
1514.46821587884 29.2644595166227
1520.10217950369 29.2529945663488
1525.75710200096 29.2775973188518
1531.43306133963 29.249553898046
1537.1301357787 29.2389163572647
1542.84840386835 29.2131575494519
1548.58794445092 29.1738170057228
1554.34883666208 29.2085168323482
1560.1311599319 29.2069243754705
1565.93499398592 29.2004547304993
1571.76041884628 29.2023355828786
1577.60751483278 29.232995834565
1583.47636256406 29.2290685038427
1589.36704295864 29.1955148067143
1595.27963723608 29.1989765016166
1601.21422691806 29.2588309589318
1607.17089382956 29.2802944017622
1613.14972009994 29.2534926245915
1619.15078816409 29.2007200629865
1625.17418076356 29.244785209731
1631.21998094772 29.2628918354512
1637.28827207488 29.3019386380867
1643.37913781346 29.2598553571249
1649.49266214312 29.2515526002745
1655.62892935595 29.2652244445356
1661.7880240576 29.2619649041163
1667.97003116847 29.2728464664695
1674.17503592487 29.2978953795261
1680.40312388019 29.3001728948613
1686.6543809061 29.3118228204764
1692.9288931937 29.3045807740123
1699.22674725475 29.3135146253868
1705.54802992284 29.2889785189352
1711.89282835457 29.2824840120594
1718.26123003079 29.238109591669
1724.65332275779 29.24231718969
1731.06919466848 29.2160836049665
1737.50893422366 29.1735342692679
1743.9726302132 29.1388761006535
1750.46037175728 29.1128234835137
1756.97224830763 29.1124134089952
1763.50834964871 29.1048869289571
1770.06876589903 29.0942056343053
1776.65358751231 29.0580080812201
1783.26290527881 29.0257512803702
1789.8968103265 29.0226993745651
1796.55539412237 29.0314941066116
1803.23874847367 29.0410670933069
1809.94696552921 29.0095389130117
1816.68013778055 28.9695894584476
1823.43835806337 28.9792938071449
1830.22171955869 28.9487743130158
1837.03031579418 28.9445551759528
1843.86424064544 28.9273815585637
1850.72358833728 28.9042893950549
1857.60845344505 28.8965834018889
1864.51893089594 28.8771170809035
1871.45511597026 28.8244325367438
1878.41710430278 28.8544902372512
1885.40499188403 28.8714598702514
1892.41887506164 28.8729379927153
1899.45885054167 28.8507786166691
1906.52501538993 28.854726786349
1913.61746703332 28.8783338907737
1920.73630326118 28.8472882399453
1927.88162222663 28.8495139385873
1935.05352244795 28.833286215348
1942.25210280989 28.8242416912199
1949.47746256507 28.8380925072284
1956.72970133535 28.7909605388844
1964.00891911318 28.7657909500634
1971.315216263 28.7755985072963
1978.6486935226 28.7711410123061
1986.00945200454 28.7464444629554
1993.39759319752 28.7129039393205
2000.8132189678 28.6859398376483
2008.25643156057 28.6621438290661
2015.7273336014 28.6171396330302
2023.22602809763 28.5816786082034
2030.75261843979 28.5629941423485
2038.30720840305 28.5820711970129
2045.88990214862 28.5386943047316
2053.50080422521 28.4775883686549
2061.14001957043 28.447332845314
2068.80765351232 28.4496250288685
2076.5038117707 28.4525031690787
2084.22860045872 28.4203829819301
2091.98212608424 28.3773749350148
2099.76449555137 28.3601949685136
2107.57581616189 28.3438417858808
2115.41619561679 28.3194620216125
2123.28574201767 28.2979121249437
2131.18456386831 28.2596817327923
2139.11277007613 28.2381916665515
2147.07046995368 28.2206060414328
2155.05777322019 28.1921828538496
2163.07479000302 28.2176987394921
2171.12163083925 28.1875531890755
2179.19840667714 28.151762360972
2187.30522887772 28.1824304195584
2195.44220921625 28.2057151718179
2203.60945988384 28.204834157229
2211.80709348895 28.2214965101762
2220.03522305895 28.2459428804523
2228.29396204169 28.2226219159468
2236.58342430704 28.2217426376053
2244.90372414851 28.2081815186074
2253.25497628476 28.1715183237174
2261.63729586123 28.1713312894109
2270.0507984517 28.1603431974634
2278.49560005991 28.1737193975764
2286.97181712113 28.1734638246227
2295.4795665038 28.1329075149475
2304.0189655111 28.0924800718326
2312.59013188261 28.0616435753024
2321.19318379588 28.0567321447344
2329.82823986813 28.0525832722843
2338.49541915782 28.0207880986222
2347.19484116633 28.0066548450207
2355.9266258396 28.0609812819638
2364.69089356977 28.0244408669177
2373.48776519685 27.9741479551123
2382.3173620104 27.9427948735339
2391.17980575117 27.9572863673417
2400.07521861281 27.9221934016093
2409.00372324354 27.8741492707844
2417.96544274784 27.8665810821239
2426.96050068814 27.8762303109046
2435.98902108656 27.8886680757801
2445.05112842657 27.907549225429
2454.14694765475 27.9358348070397
2463.27660418247 27.9462585367785
2472.44022388765 27.9609526697422
2481.63793311651 27.9396305230852
2490.86985868525 27.9331760506717
2500.13612788187 27.9128992414025
2509.43686846789 27.9308531035083
2518.7722086801 27.9505710430683
2528.14227723234 27.9316865155339
2537.54720331731 27.9343093996415
2546.98711660828 27.9784012402739
2556.46214726094 27.9878806958601
2565.97242591516 27.9905910279166
2575.51808369681 27.9759063717393
2585.09925221956 27.9757232687574
2594.7160635867 27.9577713028839
2604.36865039294 27.9586944578216
2614.05714572626 27.9377899067363
2623.78168316975 27.9318714476638
2633.54239680345 27.9360007886445
2643.33942120615 27.9397638268675
2653.17289145733 27.910505330113
2663.04294313896 27.9192256701632
2672.94971233738 27.9256553829226
2682.89333564519 27.9591980052884
2692.87395016314 27.9620723513732
2702.89169350199 27.955743872736
2712.94670378444 27.9648112588621
2723.03911964699 27.9605733755948
2733.16908024193 27.9922768042246
2743.33672523916 28.0123595680672
2753.54219482819 28.0029545212064
2763.78562972005 27.9747543741958
2774.06717114922 27.9637698735342
2784.38696087559 27.9513416314505
2794.74514118641 27.9477863878353
2805.14185489824 27.9722862270862
2815.57724535896 27.9753684963256
2826.05145644968 27.9749984761388
2836.56463258679 27.972944272258
2847.11691872391 27.9637794708195
2857.7084603539 27.9900321076226
2868.33940351088 27.9984168566974
2879.00989477221 27.9886761759454
2889.72008126055 27.9800224828907
2900.47011064586 27.9851150020003
2911.26013114745 28.0171699890362
2922.09029153602 28.0204334137236
2932.9607411357 28.0237541783108
2943.87162982615 28.0370751197329
2954.82310804455 28.0546871040279
2965.81532678776 28.0151904935595
2976.84843761435 27.9911842599632
2987.9225926467 27.9969081802435
2999.0379445731 28.0205841341352
3010.19464664985 28.0235844476591
3021.39285270338 28.0373211234177
3032.63271713238 28.0493811539667
3043.91439490991 28.0660801311142
3055.23804158553 28.0709114051882
3066.60381328749 28.0651263232852
3078.01186672482 28.0447484777338
3089.46235918954 28.0122033389807
3100.95544855881 28.0149440484862
3112.4912932971 28.0297756857545
3124.07005245839 28.0390720240003
3135.69188568836 28.0407772051259
3147.35695322657 28.0653781815058
3159.0654159087 28.0608654075226
3170.81743516875 28.0778771049305
3182.61317304128 28.0914267252977
3194.45279216361 28.0995139470962
3206.3364557781 28.0949039961988
3218.26432773439 28.1148584994731
3230.23657249166 28.1230068208119
3242.25335512088 28.130073510473
3254.3148413071 28.1617734190475
3266.42119735174 28.1938134050799
3278.57259017489 28.2117729904461
3290.76918731757 28.2226351804561
3303.01115694409 28.2339686667991
3315.29866784434 28.2341899113547
3327.63188943612 28.223058692072
3340.01099176749 28.2210979353698
3352.43614551909 28.1964798772122
3364.90752200653 28.2054862514319
3377.42529318271 28.1942405698988
3389.98963164021 28.1842995593828
3402.60071061369 28.2012117694071
3415.25870398225 28.1567862630205
3427.96378627182 28.1513004651692
3440.71613265761 28.1288033330031
3453.51591896648 28.1437568364184
3466.36332167938 28.1360263467396
3479.25851793381 28.1246586083419
3492.20168552621 28.1339664559759
3505.19300291445 28.1391047987971
3518.23264922029 28.148431765963
3531.32080423182 28.135244362088
3544.45764840598 28.1070520962724
3557.64336287101 28.1187230156817
3570.87812942896 28.1439780343296
3584.16213055823 28.1420535909988
3597.49554941602 28.1338062632446
3610.87856984091 28.1515253754989
3624.31137635539 28.1620944122363
3637.79415416837 28.2031401515705
3651.32708917776 28.2201747149742
3664.91036797302 28.2063141199325
3678.54417783777 28.2135677275963
3692.2287067523 28.2165984990229
3705.96414339624 28.2087211192098
3719.75067715111 28.1908360243279
3733.58849810294 28.2139112894335
3747.47779704492 28.2410011138524
3761.41876547999 28.225622137684
3775.4115956235 28.217056289977
3789.45648040586 28.1993008449362
3803.55361347522 28.1955223344239
3817.70318920008 28.2056407061994
3831.90540267205 28.1865083332185
3846.16044970847 28.1732769685005
3860.46852685515 28.1927528607886
3874.82983138907 28.2082195254084
3889.24456132109 28.2089920007794
3903.7129153987 28.2082786330795
3918.23509310874 28.194864286268
3932.81129468018 28.1920509311294
3947.44172108682 28.1894797563456
3962.12657405015 28.1746480410547
3976.86605604205 28.1417960451914
3991.66037028761 28.1307316051134
4006.50972076797 28.1343669781743
4021.41431222307 28.1353702415388
4036.37435015451 28.1006563298086
4051.39004082838 28.0680601290384
4066.46159127809 28.0319578143765
4081.58920930724 28.0245074365885
4096.77310349248 28.0112056095988
4112.01348318638 28.004932481087
4127.31055852032 27.9711208343288
4142.6645404074 27.9710922241404
4158.07564054532 27.9551716294722
4173.54407141932 27.968979086123
4189.07004630512 27.9940832252181
4204.65377927183 27.9815235373821
4220.29548518492 28.019477812706
4235.99537970918 28.0128918639375
4251.7536793117 28.0022431950622
4267.57060126484 27.9747375136778
4283.44636364922 27.9795534402254
4299.38118535678 28.0259490064772
4315.37528609372 28.0367773597109
4331.42888638358 28.0341375036181
4347.54220757028 28.0137674451732
4363.71547182114 28.0289630981219
4379.94890212999 28.0300217864997
4396.24272232018 28.0412978017499
4412.59715704774 28.0024166366333
4429.01243180443 27.966521997353
4445.48877292084 27.9504661590224
4462.02640756957 27.9651565253398
4478.62556376828 27.9529151677897
4495.28647038291 27.94765858628
4512.0093571308 27.9123973022399
4528.79445458383 27.8950938525455
4545.64199417167 27.8427775487348
4562.5522081849 27.8514194295146
4579.52532977826 27.8387146450703
4596.56159297383 27.8304748545258
4613.6612326643 27.8307226539791
4630.82448461615 27.8041537860449
4648.05158547297 27.8118037413565
4665.34277275865 27.7941989905581
4682.69828488072 27.8074761076372
4700.11836113359 27.8335150245713
4717.60324170188 27.8208815248914
4735.15316766371 27.8727736736259
4752.76838099403 27.8823775299928
4770.44912456798 27.8860587878003
4788.1956421642 27.8639413899453
4806.00817846821 27.8925664847101
4823.88697907579 27.8859063042456
4841.83229049635 27.9166904342426
4859.84436015636 27.9054143821985
4877.92343640271 27.8759345883336
4896.06976850618 27.8735904765439
4914.28360666486 27.8536263439335
4932.5652020076 27.8419610519927
4950.91480659747 27.8133224294038
4969.33267343524 27.7863995260609
4987.81905646287 27.7486041313161
5006.374210567 27.7761456387115
5024.99839158248 27.7467062354386
5043.69185629588 27.7072239728188
5062.45486244905 27.6547724066092
5081.28766874266 27.6220720546893
5100.19053483977 27.5782353132824
5119.16372136941 27.5218750551716
5138.20748993018 27.4797249494286
5157.32210309384 27.4278626075252
5176.50782440896 27.3733424898223
5195.76491840452 27.3342575681316
5215.09365059358 27.3122063815071
5234.49428747691 27.2365335308033
5253.96709654673 27.1587283980807
5273.51234629033 27.0935171669272
5293.1303061938 27.0743179955256
5312.82124674575 27.0323391861166
5332.58543944101 26.9770775114192
5352.42315678444 26.9490664201119
5372.3346722946 26.9269348654349
5392.32026050759 26.8939114474453
5412.38019698081 26.8580668693789
5432.51475829674 26.8284377663986
5452.72422206679 26.8213174433369
5473.00886693511 26.7753199039899
5493.36897258242 26.7364066468698
5513.80481972988 26.7253244266339
5534.31669014299 26.6937220855544
5554.9048666354 26.7114733717054
5575.56963307287 26.6878645215621
5596.31127437719 26.6989877992096
5617.13007653004 26.6849498827432
5638.02632657703 26.6857967360281
5659.00031263156 26.71928759236
5680.05232387887 26.7696457461801
5701.18265057998 26.7846298736878
5722.39158407572 26.8175391880044
5743.67941679072 26.8205262910449
5765.04644223748 26.8369942499977
5786.49295502037 26.8673989198893
5808.01925083973 26.8982527706318
5829.62562649593 26.9276600986424
5851.31237989346 26.9449252127864
5873.07981004505 26.9997998623009
5894.92821707578 27.0130615200565
5916.85790222723 27.050958619746
5938.86916786162 27.1408501177732
5960.96231746598 27.1818464614441
5983.13765565636 27.1894054277918
6005.395488182 27.2733782982689
6027.73612192954 27.3572265529873
6050.1598649273 27.4040648379648
6072.66702634946 27.479288164844
6095.25791652038 27.5212996593656
6117.93284691885 27.5859610288125
6140.69213018238 27.6493101295722
6163.53608011154 27.7432878237568
6186.46501167426 27.8367811120326
6209.47924101016 27.9139261299147
6232.57908543496 28.0071849173104
6255.7648634448 28.1084645531582
6279.03689472068 28.2452189252834
6302.39550013281 28.3388919522923
6325.84100174511 28.4431599395138
6349.37372281957 28.5514079523676
6372.99398782075 28.6885996542861
6396.70212242028 28.8099363905301
6420.49845350128 28.9462103944611
6444.38330916293 29.1435699954115
6468.35701872496 29.2838121077517
6492.4199127322 29.435750903681
6516.57232295915 29.5651954881744
6540.81458241452 29.7359339672177
6565.14702534586 29.8605522038574
6589.56998724415 30.0316233151998
6614.08380484842 30.2390789125964
6638.68881615042 30.4187039030743
6663.38536039924 30.5952976014515
6688.17377810601 30.7676254616311
6713.05441104861 30.9234118185414
6738.02760227635 31.0884956459001
6763.09369611472 31.2703662784535
6788.25303817014 31.4250018730806
6813.5059753347 31.59430947409
6838.85285579099 31.7297850039642
6864.29402901684 31.8708692637674
6889.82984579019 32.0477584033437
6915.4606581939 32.1985219716114
6941.18681962062 32.3596408279595
6967.00868477764 32.5034555359863
6992.92660969181 32.5992960231135
7018.94095171442 32.7426683448
7045.05206952614 32.8916844800371
7071.26032314197 33.0340731906873
7097.56607391621 33.1534235436957
7123.96968454742 33.1930312481258
7150.47151908342 33.2623630144585
7177.07194292636 33.36349930301
7203.77132283768 33.4625238160526
7230.57002694323 33.5780875524924
7257.46842473831 33.6707234346514
7284.46688709279 33.7489512178987
7311.5657862562 33.8267971076879
7338.76549586288 33.9177737693067
7366.06639093713 33.9792747153245
7393.46884789835 34.0514682799877
7420.97324456628 34.1592866322038
7448.57996016619 34.195972286166
7476.28937533407 34.1995124593167
7504.10187212195 34.2417218362942
7532.0178340031 34.3129304690698
7560.03764587737 34.3346214937852
7588.16169407645 34.3720780538358
7616.39036636925 34.4152950914756
7644.72405196718 34.4700049021707
7673.16314152958 34.5064430972859
7701.70802716907 34.5441666173613
7730.35910245697 34.6216126232859
7759.11676242871 34.6315193482666
7787.98140358931 34.6454849041669
7816.95342391881 34.6595725094119
7846.03322287777 34.6738700792367
7875.22120141279 34.662906640075
7904.51776196203 34.6434630401501
7933.92330846076 34.6283569496858
7963.4382463469 34.6442908000189
7993.06298256668 34.6312179590601
8022.79792558017 34.6097640946569
8052.64348536698 34.6079673808744
8082.60007343185 34.599605567052
8112.66810281039 34.5501173341842
8142.84798807473 34.5145036632875
8173.14014533922 34.454555506526
8203.54499226624 34.4371336032192
8234.06294807188 34.3567113936834
8264.69443353176 34.292049294032
8295.43987098684 34.2562247407279
8326.29968434921 34.1939203780043
8357.27429910795 34.1029704602035
8388.36414233502 34.0223277220727
8419.56964269112 33.9200357208786
8450.89123043159 33.8593909760389
8482.32933741237 33.7975534321714
8513.88439709597 33.7195710689731
8545.55684455738 33.6241449048246
8577.34711649014 33.5303220688236
8609.25565121232 33.4603428629055
8641.28288867257 33.3674516244539
8673.42927045619 33.2865420328218
8705.69523979124 33.1982042392205
8738.0812415546 33.0975793667605
8770.58772227814 32.9952588602209
8803.2151301549 32.9299005922188
8835.96391504519 32.8693158987481
8868.83452848289 32.7306079005972
8901.82742368161 32.6336739130716
8934.94305554094 32.5485885782778
8968.18188065276 32.4872927241432
9001.54435730751 32.4152516627307
9035.03094550052 32.3322723290743
9068.64210693833 32.2431500507785
9102.37830504507 32.1387166914449
9136.24000496888 32.0522810105237
9170.22767358826 31.9669319553768
9204.34177951857 31.8805237255215
9238.58279311844 31.8171333465551
9272.9511864963 31.75880620718
9307.44743351684 31.7082744352966
9342.07200980759 31.6246973479165
9376.82539276547 31.540277117762
9411.70806156333 31.4762114283145
9446.72049715662 31.3984913621194
9481.86318228997 31.3221075297576
9517.13660150386 31.2601720957455
9552.54124114133 31.2028078631272
9588.07758935464 31.1214910717891
9623.74613611202 31.0153845335167
9659.54737320446 30.8968178349528
9695.48179425241 30.7831197296558
9731.54989471268 30.6408078171194
9767.75217188519 30.5250678948714
9804.08912491989 30.4607042168722
9840.5612548236 30.3778482806036
9877.16906446693 30.2669445629958
9913.91305859123 30.1677532932895
9950.79374381551 30.0385138883818
9987.81162864349 29.9574161805669
10024.9672234705 29.8326770074051
10062.2610405907 29.7599212524791
10099.6935942039 29.6628696679276
10137.265400423 29.5448233971578
10174.9769772805 29.4542911556119
10212.8288447364 29.3502910027976
10250.8215246849 29.2781788191165
10288.9555409616 29.2217051855863
10327.231419351 29.1222553926465
10365.6496875932 29.0738903614418
10404.210875392 29.0282154817543
10442.9155144215 28.9729395148317
10481.7641383337 28.8970675703377
10520.7572827658 28.8592408090004
10559.8954853477 28.8000870089882
10599.1792857094 28.7554173261468
10638.6092254881 28.7002927959163
10678.1858483363 28.6109996583035
10717.9096999286 28.5580297821593
10757.7813279699 28.5157049810627
10797.8012822023 28.450342953688
10837.9701144131 28.3929648656909
10878.2883784424 28.3461604645118
10918.7566301905 28.2875865094052
10959.3754276259 28.2151560664966
11000.1453307925 28.1686517823544
11041.0669018179 28.1218686824167
11082.1407049206 28.0676630376271
11123.3673064183 27.987792840522
11164.7472747353 27.9432560358494
11206.2811804106 27.8738328187385
11247.9695961055 27.8239671357375
11289.8130966117 27.7803234241266
11331.8122588594 27.7219336994952
11373.9676619248 27.6588632341565
11416.2798870383 27.6208575851965
11458.7495175926 27.5192081532216
11501.3771391508 27.4573304952578
11544.1633394541 27.4094691699233
11587.1087084304 27.3359902933272
11630.213838202 27.2509880636444
11673.4793230941 27.1690390922682
11716.9057596427 27.0869668296072
11760.4937466031 27.0298180968257
11804.2438849579 26.9703296316623
11848.1567779254 26.9045989063785
11892.2330309682 26.84334996648
11936.473251801 26.7928146891796
11980.8780503993 26.7330834851804
12025.4480390078 26.6447090355454
12070.1838321489 26.5894829540763
12115.0860466309 26.5317611527068
12160.1553015568 26.5248660782711
12205.3922183327 26.4833491760284
12250.7974206764 26.4722214799132
12296.371534626 26.4875120613343
12342.1151885484 26.4329166958282
12388.0290131483 26.4386272078187
12434.1136414765 26.424415564331
12480.3697089389 26.4213333401411
12526.7978533051 26.4563255307784
12573.3987147173 26.4502544711463
12620.1729356991 26.4554481112012
12667.1211611643 26.4334850100153
12714.244038426 26.4187546095244
12761.5422172051 26.4660378058551
12809.0163496398 26.4777488088201
12856.667090294 26.4991340406416
12904.495096167 26.4879035998973
12952.5010267019 26.5093383949647
13000.6855437952 26.5247421254821
13049.0493118056 26.5459330710978
13097.5929975632 26.5761186556967
13146.317270379 26.6165789625953
13195.2228020538 26.6723920335233
13244.3102668874 26.7201249266078
13293.5803416882 26.8116077168425
13343.0337057825 26.8782819092519
13392.6710410235 26.9742587566657
13442.4930318013 27.0906826749038
13492.5003650516 27.18486866529
13542.6937302658 27.2955406736028
13593.0738195003 27.40639980364
13643.6413273859 27.5150865394799
13694.3969511376 27.6253691701646
13745.3413905639 27.7399626192405
13796.4753480769 27.8566469496792
13847.7995287016 27.9505037992179
13899.3146400859 28.0663513847405
13951.02139251 28.189981241331
14002.9204988965 28.2924205537843
14055.0126748202 28.3996104773203
14107.2986385179 28.5233931829345
14159.7791108982 28.5867231036292
14212.4548155516 28.6779093973789
14265.3264787606 28.7955747648637
14318.3948295092 28.8951039431836
14371.6605994936 28.9821999607421
14425.1245231318 29.132156944367
14478.7873375739 29.2307304617926
14532.6497827125 29.3261537022045
14586.7126011923 29.4579956638829
14640.9765384209 29.5758971645763
14695.442342579 29.7077216130079
14750.1107646304 29.8090236832477
14804.9825583328 29.9124205921575
14860.0584802475 30.0410668587858
14915.3392897509 30.1527508812726
14970.8257490437 30.2662554690464
15026.5186231627 30.4052716746692
15082.4186799901 30.5230306768498
15138.5266902652 30.6425864022438
15194.8434275942 30.7553055997907
15251.3696684613 30.8608409148741
15308.1061922393 30.9638533774247
15365.0537812003 31.0629788518028
15422.2132205266 31.1501029030345
15479.5852983214 31.2000394580227
15537.1708056196 31.2934187340452
15594.9705363991 31.3666093626343
15652.9852875913 31.4533785818676
15711.2158590922 31.5345268647384
15769.6630537736 31.5943812995202
15828.327677494 31.6392036839881
15887.2105391099 31.6944576346676
15946.3124504865 31.7632293126095
16005.6342265097 31.8234732805978
16065.1766850963 31.8647632095559
16124.9406472063 31.9025574763608
16184.9269368535 31.9309960315839
16245.1363811172 31.9613474100721
16305.5698101534 31.9738999414883
16366.2280572065 31.9866904247567
16427.1119586206 31.9770065109127
16488.2223538509 31.9381811152295
16549.5600854758 31.8857349518888
16611.1259992079 31.8058579400537
16672.9209439061 31.7135004582306
16734.9457715869 31.5545606374481
16797.2013374366 31.4222445696161
16859.6884998228 31.2504508429485
16922.4081203063 31.0664045852265
16985.3610636531 30.8842952735294
17048.5481978459 30.6757699747021
17111.9703940967 30.4328186407072
17175.6285268585 30.2002367503986
17239.523473837 29.926418147009
17303.6561160034 29.6490713181509
17368.027337606 29.3718548085148
17432.6380261827 29.0986565185022
17497.489072573 28.8121705032664
17562.5813709306 28.5379304043938
17627.9158187353 28.277985401049
17693.4933168058 28.0210889604199
17759.3147693119 27.749863329707
17825.3810837868 27.4894692577711
17891.6931711401 27.4097082490627
17958.2519456698 27.3214931586662
18025.0583250755 27.2376254587347
18092.1132304703 27.1536045709561
18159.4175863943 27.0659489833756
18226.9723208268 26.9662518673902
18294.7783651994 26.8668169307493
18362.8366544084 26.7489057964148
18431.1481268284 26.6259466030872
18499.7137243246 26.4937308148655
18568.5343922661 26.3588061977906
18637.6110795389 26.2175603218121
18706.9447385587 26.0655453844584
18776.5363252847 25.9211937925861
18846.3867992321 25.7619893730409
18916.4971234854 25.5702921318875
18986.8682647123 25.3851360436574
19057.5011931763 25.2204779188025
19128.3968827505 25.0313882877739
19199.5563109307 24.8622463419039
19270.9804588494 24.6580391212718
19342.6703112886 24.485684283958
19414.6268566943 24.2893393281906
19486.851087189 24.1077606684695
19559.3439985865 23.8999091598106
19632.1065904049 23.6622837467263
19705.1398658807 23.4576666126211
19778.4448319822 23.2361159515371
19852.0224994243 23.0139398238336
19925.8738826813 22.8014602661133
20000.0000000017 22.8014602661133
