38.910378250032 0
50.854207083506 3.41935402332397
53.3692288070999 1.86553025905293
56.0086322609952 0.626467763825789
58.7785688094872 -0.415935182638305
61.685494035848 -1.26239360575745
64.7361827876367 -2.11125985417085
67.9377449660834 -2.36969134769344
71.2976420963466 -2.32502218460261
74.82370471726 -2.01495258415636
78.524150631099 -1.60942787227734
82.4076040558999 -0.922397513700649
86.4831157249656 -0.206117175648448
90.7601839804045 0.820934124424578
95.2487769098601 2.24974825905592
99.9593555780259 3.36650393166508
104.902898407086 4.17415184829257
110.090926762902 4.11201102641611
115.535531806584 3.53556233361577
121.24940267401 2.68745063372297
127.245856048992 1.6005875740084
133.538867198985 0.144293074149029
140.14310254569 -0.604677570439855
147.073953846458 -1.316988989638
154.347574066145 -1.39644663819719
161.980915023028 -0.550829035017394
169.991766896534 -0.0350074828545147
178.398799688823 0.56249201489626
187.221606736895 0.9294960995188
196.480750376599 0.286407171345601
206.197809864986 -0.40338156969115
216.395431672684 -0.953986891450587
227.097382263509 -1.76672836548824
238.328603484325 -1.95902150223223
250.11527069423 -1.72495191895954
262.484853768559 -1.53438429989769
275.466181119869 -0.730392229400938
289.089506885116 -0.600820368837799
303.386581435609 -0.325349639191065
318.390725374075 -0.347659788319537
334.136907191279 -0.34628734236816
350.661824763204 -0.455588667262353
368.003990878711 -0.070606098855217
386.203822997013 0.0578410932820503
405.303737444161 0.604869028800843
425.348248268055 0.836067050770225
446.384070982391 1.08237863459104
468.460231441319 1.24244484529199
491.628180098547 1.11262287896182
515.941911917204 0.878414346789695
541.45809220989 0.724731702139129
568.236188702231 0.0746113725877638
596.338610127691 0.00888956402619559
625.830851676678 -0.194056066758367
656.781647638899 -0.867592763745367
689.263131594734 -0.973538726210368
723.351004528956 -0.896994266998366
759.124711258597 -1.43129657951337
796.667625586163 -0.861925274162363
836.06724460968 -0.442358908937365
877.415392642464 0.151124298907632
920.808435217838 0.841778721566634
966.347503677575 1.75519275143563
1014.13873086747 2.20916543481663
1064.29349848938 2.62994137204963
1116.92869668616 2.70921051382063
1172.16699646455 2.76979273677663
1230.13713559085 2.28676600638763
1290.97421862569 2.47781925195864
1354.82003179729 2.38915638813963
1421.82337344679 2.47468176212963
1492.14040081604 2.59149988623663
1565.93499398592 2.64233176991364
1643.37913781346 2.39915255744764
1724.65332275779 2.33486717179263
1809.94696552921 1.95038406058763
1899.45885054167 1.65523787301563
1993.39759319752 1.54174811495063
2091.98212608424 1.41801276894563
2195.44220921625 1.41726654455563
2304.0189655111 1.58417066248463
2417.96544274784 1.87472661235963
2537.54720331731 2.05091792784363
2663.04294313896 2.34456897385063
2794.74514118641 2.28622942498964
2932.9607411357 2.34295440504663
3078.01186672482 2.27602932992863
3230.23657249166 2.29477221313763
3389.98963164021 2.37873216680763
3557.64336287101 2.62618693560563
3733.58849810294 2.65647889356464
3918.23509310874 2.61804840008863
4112.01348318638 2.49258088505763
4315.37528609372 2.48859373143063
4528.79445458383 2.48379141550963
4752.76838099403 2.34587879455163
4987.81905646287 2.14391542872363
5234.49428747691 1.74893815472763
5493.36897258242 1.36763720126064
5765.04644223748 1.16104505801863
6050.1598649273 1.03864046665363
6349.37372281957 1.07691348884563
6663.38536039924 1.16853392092463
6992.92660969181 1.06212722262664
7338.76549586288 0.917886313219633
7701.70802716907 0.660603530882632
8082.60007343185 0.268974947938634
8482.32933741237 0.189927231676634
8901.82742368161 0.168854243278634
9342.07200980759 0.151665562094635
9804.08912491989 0.0667080360336351
10288.9555409616 0.472016524100635
10797.8012822023 0.558973117908632
11331.8122588594 0.469075525524634
11892.2330309682 0.698725542386633
12480.3697089389 0.941889374885634
13097.5929975632 1.06313321384564
13745.3413905639 1.29804299485863
14425.1245231318 1.53290011447064
15138.5266902652 1.55464504102063
15887.2105391099 2.05228031427163
16672.9209439061 2.33070533528563
17497.489072573 3
18362.8366544084 3
19270.9804588494 3
