10 7.32944011688232
10.0372009367102 7.32696866295435
10.0745402643896 7.29816419784709
10.1120184978655 7.24780094417562
10.1496361538807 7.19755331077911
10.1873937510998 7.14766744685636
10.2252918101175 7.09876206820609
10.2633308534646 7.0499558183316
10.3015114056161 7.00124977035896
10.3398339929981 6.95329502913667
10.3782991439948 6.90551424119313
10.4169073889563 6.85782041551818
10.4556592602056 6.8108220712374
10.4945552920458 6.76439163826775
10.5335960207679 6.71803571932996
10.5727819846578 6.67198990941515
10.6121137240039 6.6268379923861
10.6515917811047 6.58175379371283
10.6912167002759 6.53673384558829
10.7309890278581 6.49238681779423
10.7709093122244 6.44818210288656
10.8109781037879 6.40403824724197
10.8511959550093 6.36054456530459
10.8915634204045 6.31758498628112
10.9320810565522 6.27468126673932
10.9727494221018 6.23198014876924
11.0135690777806 6.18987205958948
11.0545405864021 6.14781575327229
11.0956645128736 6.10580777865444
11.1369414242037 6.06473542625733
11.1783718895104 6.02381565421874
11.2199564800288 5.98281184828849
11.2616957691193 5.94242581736965
11.3035903322749 5.90249151346784
11.3456407471298 5.86259354242203
11.3878475934668 5.82295828024275
11.4302114532258 5.78410113313018
11.4727329105113 5.74528136258995
11.515412551601 5.70649699519698
11.5582509649534 5.66834105279596
11.6012487412161 5.63028764718886
11.6444064732342 5.59226833355349
11.6877247560581 5.55495336576935
11.7312041869517 5.51824175287328
11.774845365401 5.48163823026154
11.818648893122 5.44528803485493
11.8626153740693 5.40955608339057
11.9067454144441 5.37392531823439
11.9510396227028 5.33839439957099
11.9954986095653 5.30353216086966
12.0401229880234 5.26883601973328
12.0849133733495 5.23423328911362
12.1298703831044 5.20036175245429
12.1749946371469 5.16705357570295
12.2202867576412 5.13383264966519
12.2657473690664 5.10089710086753
12.3113770982243 5.06868487889696
12.3571765742489 5.03655543478452
12.4031464286144 5.00450966829699
12.4492872951442 4.97309549816772
12.4955998100196 4.94182725465035
12.5420846117884 4.91063838736318
12.5887423413741 4.87913459495299
12.6355736420843 4.84619456628694
12.6825791596199 4.8134683746777
12.7297595420838 4.78120496157453
12.7771154399899 4.74990345398474
12.8246475062721 4.71881797014012
12.8723563962932 4.68795062306282
12.9202427678541 4.65783472170356
12.9683072812028 4.62799848459275
13.0165505990434 4.59838320639208
13.0649733865454 4.56944206060185
13.1135763113527 4.54105927662074
13.162360043593 4.51290472912655
13.2113252558868 4.48520873128919
13.260472623357 4.4584472808082
13.3098028236379 4.43190679969515
13.3593165368846 4.40558830334501
13.4090144457825 4.38000549121666
13.4588972355569 4.35469979146317
13.5089655939818 4.32961745076464
13.5592202113899 4.30519061299679
13.6096617806823 4.28130019804277
13.6602909973373 4.25763451192462
13.7111085594207 4.23441871464297
13.7621151675953 4.21207250839943
13.8133115251301 4.18995430315334
13.8646983379105 4.16806462493497
13.9162763144479 4.14704404685599
13.9680461658894 4.12630940381735
14.0200086060276 4.10575550080156
14.0721643513105 4.0857015363051
14.1245141208514 4.0660630990862
14.1770586364386 4.04660638992424
14.2297986225456 4.02755345281474
14.2827348063412 4.00930597619576
14.3358679176991 3.99124263510586
14.3891986892083 3.9733647075456
14.442727856183 3.95641165904376
14.496456156673 3.93970226921285
14.5503843314737 3.92317992299036
14.6045131241361 3.90715242738489
14.6588432809775 3.89153449870483
14.7133755510915 3.87610565853199
14.7681106863584 3.86102617861937
14.8230494414556 3.84655835973625
14.8781925738679 3.83214291541439
14.9335408438982 3.81777989703364
14.9890950146774 3.8040713578448
15.0448558521758 3.79046946142965
15.1008241252129 3.77692132805955
15.1570006054682 3.76377628778092
15.2133860674922 3.75093136941988
15.2699812887167 3.73814131984994
15.3267870494654 3.72560476114928
15.3838041329651 3.71368793601607
15.4410333253564 3.70182753395028
15.498475415704 3.69002311728358
15.5561311960084 3.67879155543349
15.6140014612162 3.66766139271605
15.6720870092313 3.65658826221599
15.730388640926 3.64593267448666
15.7889071601517 3.63558385840843
15.8476433737505 3.62528721306421
15.9065980915658 3.61521649353549
15.9657721264536 3.60568087033965
16.0251662942941 3.59619796526943
16.0847814140026 3.58676842549102
16.1446183075405 3.57791028541283
16.2046777999274 3.56914540947244
16.2649607192518 3.56043370167661
16.3254678966828 3.5521843660193
16.3862001664817 3.54428169346461
16.447158366013 3.5364678478548
16.5083433357566 3.52888434225581
16.569755919319 3.52179093968085
16.6313969634448 3.51477888469485
16.6932673180286 3.50784927283207
16.7553678361271 3.50159949536909
16.8176993739698 3.49547052956628
16.880262790972 3.4894237142284
16.9430589497458 3.48375932310723
17.0060887161124 3.47837301211257
17.069352959114 3.47306896465476
17.1328525510256 3.46801590945672
17.1965883673671 3.46347643003209
17.2605612869157 3.45901987906256
17.3247721917173 3.45464585398361
17.3892219670996 3.45089049730609
17.4539115016833 3.44724699130973
17.5188416873952 3.44368548861545
17.5840134194801 3.44056914370858
17.649427596513 3.43776344494555
17.7150851204118 3.43504098648708
17.7809868964498 3.43252849228599
17.8471338332678 3.43043684363202
17.9135268428867 3.42842911783143
17.9801668407205 3.4265043893543
18.0470547455885 3.42518662590493
18.1141914797281 3.4239845205335
18.1815779688074 3.42286657960969
18.2492151419383 3.42209769359354
18.3171039316889 3.42158675500213
18.3852452740965 3.42116641777467
18.4536401086808 3.42099976592829
18.5222893784564 3.42129254388945
18.5911940299459 3.42161393108378
18.6603550131934 3.42177128945415
18.7297732817769 3.42203807815879
18.799449792822 3.42202353480141
18.8693855070149 3.42170428887395
18.9395813886156 3.42138075530434
19.0100384054711 3.42093586890161
19.0807575290291 3.42018436882989
19.151739734351 3.41926645470306
19.2229860001258 3.41838336264558
19.2944973086829 3.4171914892457
19.3662746460064 3.41569016940725
19.4383190017482 3.41435406902272
19.5106313692418 3.41272592976133
19.5832127455161 3.41078708228551
19.6560641313089 3.40878822763254
19.7291865310809 3.40663315279579
19.8025809530295 3.40417483257293
19.8762484091027 3.40154960987731
19.950189915013 3.39896129294034
20.0244064902514 3.39606761686505
20.0988991581017 3.39286854811509
20.1736689456542 3.38973501981273
20.2487168838201 3.38631078953826
20.3240440073458 3.38257976695702
20.3996513548271 3.37882300170722
20.4755399687231 3.37492371592269
20.5517108953714 3.37071605095763
20.6281651850019 3.36633462565785
20.7049038917513 3.36195591896612
20.7819280736781 3.35726767543634
20.8592387927765 3.35226850810971
20.9368371149918 3.34731669075982
21.0147241102344 3.34275511558415
21.092900852395 3.33869053892161
21.1713684193594 3.33534524150499
21.2501278930231 3.3326292009649
21.3291803593062 3.33040975321821
21.4085269081689 3.32881046279207
21.4881686336258 3.32799911583224
21.5681066337615 3.32768535828879
21.6483420107456 3.32786917658605
21.7288758708478 3.32889175107007
21.8097093244533 3.3304240661105
21.8908434860779 3.33245346785695
21.9722794743837 3.33522132723702
22.0540184121942 3.33862139659442
22.1360614265099 3.34252170696586
22.2184096485239 3.34708137619176
22.3010642136375 3.35244326645214
22.3840262614756 3.35834985349151
22.4672969359028 3.36480119787424
22.5508773850389 3.37211854522424
22.6347687612749 3.37999146782248
22.7189722212887 3.38840975932827
22.8034889260611 3.3975927006602
22.8883200408921 3.4074419906857
22.9734667354164 3.41783712615799
23.0589301836202 3.42887936312693
23.1447115638567 3.44068991906694
23.230812058863 3.45303845206724
23.3172328557757 3.46570431189765
23.4039751461482 3.47877201781097
23.491040125966 3.49193204616875
23.5784289956642 3.50536596432912
23.6661429601435 3.51930563349746
23.754183228787 3.53366191106936
23.8425510154766 3.54833067109263
23.9312475386102 3.56341072968621
24.0202740211181 3.57901659214049
24.1096316904802 3.59494195030158
24.1993217787425 3.61119127872468
24.2893455225345 3.628052851603
24.3797041630861 3.64524782199983
24.4703989462445 3.66277414882783
24.5614311224917 3.68081292334114
24.6528019469616 3.6992846425646
24.7445126794573 3.71809532801922
24.8365645844686 3.73733582994859
24.9289589311891 3.75710678934525
25.0216969935341 3.77722688538903
25.1147800501579 3.79769674633854
25.2082093844715 3.81878886850414
25.3019862846603 3.84024205389865
25.3961120437021 3.86205473269495
25.4905879593843 3.8843821839219
25.5854153343225 3.90715633583274
25.6805954759781 3.92981507236677
25.7761296966763 3.9523341447547
25.8720193136242 3.97478282072999
25.9682656489293 3.99698021656349
26.0648700296171 4.01892882217204
26.1618337876502 4.0407984549178
26.2591582599459 4.06229668476929
26.356844788395 4.08347386313299
26.4548947198803 4.10452979340567
26.5533094062951 4.125389767841
26.6520902045621 4.1459684643326
26.7512384766515 4.16632521581881
26.8507555896003 4.18652294001418
26.9506429155313 4.20644413926093
27.0509018316712 4.22609146653474
27.1515337203705 4.24567806170073
27.2525399691221 4.2649916420643
27.3539219705804 4.28403426712184
27.4556811225806 4.30294566441378
27.5578188281582 4.32165851285807
27.6603364955679 4.34010345518618
27.7632355383033 4.35834224901342
27.8665173751163 4.37643469014059
27.9701834300368 4.3943899512758
28.0742351323921 4.41241060059927
28.1786739168268 4.430649621237
28.2835012233224 4.44895801665782
28.3887184972175 4.46733584999941
28.4943271892273 4.48590606164286
28.6003287554639 4.50461107015133
28.7067246574561 4.52339324051415
28.81351636217 4.54215951267619
28.9207053420286 4.56093637170564
29.0282930749329 4.5796031025931
29.1362810442814 4.5981601085793
29.2446707389912 4.61672542275136
29.3534636535184 4.63517800905252
29.4626612878783 4.65351812359565
29.5722651476666 4.67200604985144
29.6822767440801 4.69048865845238
29.7926975939372 4.70888609456624
29.9035292196989 4.72724422814656
30.0147731494902 4.7456079732852
30.1264309171207 4.76387364298097
30.2385040621058 4.78203672506824
30.3509941296883 4.79999351806907
30.4639026708593 4.81757342983086
30.5772312423796 4.83477222723056
30.6909814068016 4.85164649513735
30.8051547324904 4.86815785381213
30.9197527936455 4.8842750518927
31.0347771703225 4.90003353860866
31.1502294484553 4.91546547805571
31.2661112198773 4.93048808965836
31.3824240823437 4.9451413997183
31.4991696395536 4.95954934526377
31.616349501172 4.9736498978307
31.733965282852 4.98743919725836
31.852018606257 5.00097611365954
31.9705110990833 5.01422459638229
32.0894443950822 5.02715266419192
32.2088201340828 5.03977630317256
32.3286399620146 5.05211066972462
32.4489055309299 5.06411452938296
32.569618499027 5.07578518720116
32.6907805306726 5.08776568290901
32.8123932964254 5.10008288557388
32.9344584730584 5.11280953179338
33.0569777435824 5.1260692287792
33.1799527972693 5.13983802517815
33.3033853296751 5.1533916891723
33.4272770426635 5.16662363726672
33.5516296444293 5.1795412656777
33.6764448495218 5.192123397208
33.8017243788689 5.20437058413033
33.9274699598002 5.21630847993383
34.0536833260713 5.22782412837887
34.1803662178875 5.23889634391718
34.3075203819277 5.24952304287446
34.4351475713689 5.25970039259444
34.5632495459097 5.26942600387333
34.6918280717952 5.27870691146835
34.8208849218411 5.28754998661555
34.9504218754581 5.29593047683387
35.0804407186764 5.30384684768055
35.2109432441705 5.31149376333459
35.3419312512837 5.31866650209188
35.4734065460531 5.32536023721019
35.6053709412345 5.33146911693783
35.7378262563273 5.33704753298794
35.8707743175993 5.34213832476543
36.0042169581128 5.34670501147043
36.1381560177486 5.35072133311992
36.2725933432325 5.35442683030768
36.40753078816 5.35786054105296
36.5429702130224 5.36096385452575
36.6789134852321 5.36403513787885
36.8153624791483 5.36711219434465
36.9523190761032 5.37036178073968
37.0897851644277 5.3740248317028
37.2277626394773 5.37812228554129
37.3662534036585 5.38282730131109
37.5052593664551 5.3881516035645
37.6447824444542 5.39412066862863
37.7848245613726 5.40073872597415
37.9253876480839 5.40800997042205
38.0664736426444 5.41593973653663
38.2080844903204 5.42453053112105
38.3502221436146 5.43376532073928
38.4928885622931 5.44366210829383
38.6360857134129 5.45423318548617
38.7798155713483 5.46548270378592
38.9240801178185 5.47741558113051
39.068881341915 5.49003595449036
39.2142212401288 5.50334733155823
39.3601018163781 5.51732523003452
39.5065250820358 5.5319507646832
39.6534930559574 5.54771149973246
39.8010077645086 5.56504125021888
39.9490712415935 5.58393162040896
40.0976855286824 5.60437805328731
40.2468526748401 5.62638804352413
40.3965747367541 5.6499636685563
40.5468537787631 5.67511207152061
40.6976918728852 5.70228844811158
40.8490910988465 5.7316547525725
41.0010535441102 5.76315895020992
41.1535813039047 5.79680909281864
41.3066764812531 5.83263005803905
41.4603411870018 5.87061375075622
41.6145775398498 5.91076355678179
41.7693876663778 5.95310441203464
41.9247737010778 5.9974235153588
42.080737786382 6.0423583175583
42.2372820726929 6.0879159779639
42.3944087184125 6.13415275376661
42.5521198899724 6.18101778112285
42.7104177618635 6.22851295950977
42.869304516666 6.27676530399338
43.0287823450793 6.32578673210836
43.1888534459529 6.37557244189439
43.3495200263157 6.4261288352485
43.5107843014072 6.47746281766136
43.6726484947079 6.52957792327684
43.8351148379697 6.58248038653886
43.9981855712467 6.63614700118359
44.1618629429266 6.69061187840015
44.3261492097609 6.74615438536532
44.4910466368967 6.80303468992246
44.6565574979076 6.86149639912604
44.822684074825 6.92157798605657
44.9894286581698 6.98326795973073
45.1567935469838 7.04656672998346
45.3247810488614 7.11151613086836
45.4933934799815 7.17812702825102
45.6626331651395 7.24633169991187
45.8325024377791 7.31622286790502
46.0030036400248 7.38782134975911
46.1741391227139 7.46076030132904
46.345911245429 7.53507016729588
46.5183223765307 7.61079042354862
46.69137489319 7.68733655116373
46.8650711814213 7.7645739491159
47.0394136361151 7.84241922941492
47.2144046610712 7.92020112466565
47.3900466690317 7.99784011344227
47.5663420817144 8.07541591037443
47.743293329846 8.15292720964246
47.9209028531959 8.23030784077599
48.0991731006096 8.30780063967792
48.2781065300423 8.38547604329346
48.4577056085935 8.4632669619747
48.63797281254 8.54114395152797
48.8189106273711 8.619195129184
49.000521547822 8.69781734192496
49.1828080779086 8.77709395550485
49.3657727309621 8.85713884695395
49.5494180296635 8.9379523920475
49.7337465060782 9.01956981368709
49.9187607016915 9.10221700305606
50.1044631674429 9.18597289610098
50.2908564637618 9.27074671605432
50.4779431606027 9.3565043214368
50.6657258374805 9.44337564800406
50.854207083506 9.53134488341833
51.043389497422 9.6201825735666
51.2332756876387 9.71006361326387
51.4238682722698 9.80053815702264
51.6151698791687 9.8913699873594
51.8071831459647 9.98216763745336
51.9999107200992 10.0729362868958
52.1933552588626 10.1635616800263
52.3875194294302 10.2536886236874
52.5824059089 10.3434270785039
52.7780173843286 10.432658435643
52.9743565527689 10.5211405789361
53.1714261213071 10.6091228325844
53.3692288070999 10.6965953867427
53.5677673374123 10.7835222739728
53.7670444496548 10.870431112803
53.9670628914213 10.957363643146
54.1678254205271 11.0442836168979
54.3693348050468 11.1311682064511
54.5715938233525 11.2180698522667
54.7746052641521 11.3049900149149
54.9783719265278 11.3922019640679
55.1828966199745 11.4797596279784
55.3881821644389 11.5676663965258
55.594231390358 11.6561120351129
55.8010471386984 11.7449707863876
56.0086322609952 11.8339384279805
56.2169896193917 11.9229757238636
56.4261220866785 12.0121618197265
56.6360325463332 12.1012365303844
56.8467238925604 12.1902421047736
57.0581990303312 12.2796051037957
57.2704608754236 12.3688454525491
57.4835123544625 12.4579169947934
57.6973564049602 12.5469481117847
57.9119959753568 12.6356634598894
58.1274340250607 12.723919016837
58.3436735244898 12.812654420871
58.5607174551122 12.9022279099999
58.7785688094872 12.9923384055807
58.9972305913069 13.0830145139442
59.2167058154372 13.1746132073038
59.4369975079597 13.2675032319658
59.6581087062134 13.3616880700778
59.8800424588363 13.4573962614999
60.1028018258077 13.5545366232371
60.3263898784903 13.6533081690053
60.5508096996726 13.7539852553412
60.7760643836113 13.8574774801239
61.0021570360742 13.9636667948917
61.2290907743825 14.0725570327061
61.4568687274545 14.1842372831279
61.685494035848 14.2986281431017
61.9149698518044 14.4157416422618
62.1452993392914 14.5356566851014
62.376485674047 14.6583270985036
62.6085320436233 14.7835102582645
62.8414416474305 14.9105851525387
63.0752176967808 15.0355326825308
63.3098634149326 15.158326773971
63.5453820371355 15.2789623649218
63.7817768106743 15.3974430055223
64.0190509949139 15.5137598035596
64.2572078613447 15.6279068361341
64.4962506936269 15.7398885678416
64.7361827876367 15.8497036156743
64.9770074515108 15.9573422600098
65.2187280056928 16.0624507846484
65.4613477829786 16.164239169718
65.7048701285624 16.2629519942334
65.9492984000827 16.3589089770097
66.1946359676689 16.4521169305449
66.4408862139876 16.5429587577053
66.688052534289 16.6326782283314
66.9361383364543 16.721180576469
67.1851470410421 16.8085526080637
67.4350820813359 16.8948251855219
67.6859469033913 16.9799758513285
67.9377449660834 17.0641081692615
68.190479741155 17.1479557381081
68.4441547132637 17.2315050550302
68.6987733800307 17.3145513743863
68.9543392520884 17.3973545047864
69.2108558531293 17.4796645703814
69.4683267199542 17.5611160154829
69.7267554025213 17.6419112232353
69.9861454639949 17.7219678317777
70.2465004807944 17.8006865842775
70.5078240426442 17.8778217811115
70.7701197526224 17.9511053921066
71.0333912272113 18.0204670658647
71.2976420963466 18.0856867818714
71.5628760034677 18.1469902894623
71.8290966055681 18.2043672170151
72.0963075732454 18.2575667783766
72.3645125907524 18.308182308596
72.6337153560475 18.3569435797197
72.903919580846 18.4037679420172
73.1751289906711 18.448403694329
73.4473473249052 18.490083354657
73.7205783368417 18.5287681553424
73.9948257937363 18.5648534742606
74.2700934768597 18.5985390655749
74.5463851815488 18.6300371328189
74.82370471726 18.6600548511662
75.1020559076207 18.6885926546215
75.3814425904831 18.7156394224797
75.6618686179762 18.7411425583881
75.9433378565593 18.7648430932527
76.2258541870754 18.7867051034177
76.5094215048047 18.8067206774596
76.7940437195179 18.8249167901381
77.0797247555308 18.8417738444432
77.3664685517576 18.857297800872
77.654279061766 18.8712252336729
77.9431602538311 18.8832683248271
78.2331161109905 18.893377302723
78.524150631099 18.9015026841559
78.8162678268838 18.9075736772567
79.1094717259999 18.9114226973093
79.4037663710853 18.9126796567698
79.6991558198174 18.9113960348309
79.9956441449681 18.9074230074945
80.2932354344608 18.900735862826
80.5919337914261 18.8914547094542
80.8917433342586 18.879451879053
81.192668196674 18.865770191314
81.4947125277655 18.8512973929755
81.7978804920615 18.836778716656
82.1021762695827 18.8220804396295
82.4076040558999 18.8066900236309
82.714168062192 18.7905710277601
83.0218725153037 18.7734985882559
83.3307216578039 18.7554548566229
83.6407197480444 18.7368143145611
83.9518710602185 18.7188970221294
84.2641798844197 18.7025090919009
84.5776505267013 18.6877766336116
84.8922873091352 18.6746330636027
85.2080945698721 18.6624983736816
85.525076663201 18.6512852123482
85.8432379596091 18.6405544574212
86.1625828458423 18.630020127576
86.4831157249656 18.6200122965682
86.804841016424 18.6108073940096
87.1277631561029 18.6021937994729
87.4518865963899 18.5940952909973
87.7772158062356 18.5866298307666
88.103755271216 18.5798014986206
88.4315094935933 18.5734539308743
88.760482992379 18.5629272384694
89.0906803033954 18.5506268544101
89.4221059793388 18.5363596844908
89.7547645898416 18.5201341562815
90.088660721536 18.501993204935
90.4237989781166 18.4819125229586
90.7601839804045 18.45987709663
91.0978203664104 18.4363138889984
91.436712791399 18.4113198343263
91.7768659279529 18.3854901979338
92.1182844660374 18.3590508795675
92.4609731130645 18.3321477968245
92.8049365939585 18.3047258599217
93.1501796512209 18.2769391809728
93.4967070449956 18.2493760671243
93.8445235531347 18.2222631150427
94.1936339712644 18.1964416549633
94.5440431128511 18.172447299032
94.8957558092676 18.1502974021053
95.2487769098601 18.1302434367385
95.6031112820147 18.1134395593999
95.9587638112245 18.1006755653901
96.3157394011573 18.0916233845237
96.674042973723 18.0863037041644
97.0336794691412 18.0843200837629
97.39465384601 18.0859909136552
97.7569710813735 18.0914210946293
98.1206361707911 18.0985126539763
98.4856541284063 18.1072825759612
98.8520299870155 18.1180992864285
99.2197687981374 18.1310328194275
99.5888756320832 18.1419620787384
99.9593555780259 18.1543673587547
100.331213744071 18.1696700573033
100.704455257326 18.1883565627385
101.079085263972 18.2106074670464
101.455108929334 18.2364769205749
101.832531437955 18.2658803240542
102.211357993661 18.2980328437891
102.591593819639 18.3340266546046
102.973244158507 18.3752461022371
103.356314272386 18.4218576710654
103.74080944297 18.475164859461
104.126734971605 18.5351663210326
104.514096179357 18.6018252088225
104.902898407086 18.6752467609822
105.293147015521 18.7542444490465
105.684847385335 18.8381086087269
106.078004917216 18.9268422086417
106.472625031943 19.0205419787599
106.868713170461 19.1191806275079
107.266274793956 19.2245830441503
107.665315383931 19.338970697699
108.065840442278 19.4623676324523
108.467855491361 19.5946801719845
108.871366074083 19.7355548354205
109.27637775397 19.8850242203369
109.682896115245 20.0374438109555
110.090926762902 20.1888350103049
110.500475322789 20.3392342367544
110.911547441682 20.4887647632758
111.324148787363 20.6374926664992
111.738285048698 20.7854627799991
112.153961935718 20.9333746750601
112.571185179695 21.0825701809435
112.98996053322 21.233661949361
113.410293770289 21.3866730440095
113.832190686372 21.541686725327
114.255657098502 21.6997751981949
114.680698845352 21.860674540643
115.107321787315 22.0252090782839
115.535531806584 22.1941439883375
115.965334807235 22.3673831941608
116.396736715309 22.5449297439098
116.829743478891 22.7264504140143
117.264361068193 22.9118568009408
117.700595475639 23.1004234036399
118.138452715943 23.2910546843539
118.577938826195 23.4822450665775
119.019059865945 23.6748969625165
119.461821917283 23.8697240134568
119.906231084925 24.0668490434328
120.3522934963 24.2670148186277
120.800015301628 24.4710870404975
121.24940267401 24.6771096500727
121.700461809513 24.8827817403854
122.15319892725 25.0876563294002
122.607620269474 25.2917690408496
123.063732101657 25.4897438361316
123.52154071258 25.6785194337661
123.981052414419 25.8566250408832
124.442273542832 26.0240603122879
124.905210457046 26.1807129965184
125.369869539945 26.3308647288439
125.836257198157 26.4765718071022
126.304379862144 26.6201316926409
126.774243986291 26.7615349748097
127.245856048992 26.9007717441131
127.719222552743 27.0378359390737
128.194350024229 27.174455306308
128.671245014415 27.312460589257
129.149914098635 27.4518098186334
129.630363876686 27.5917814248784
130.112600972915 27.7323893880968
130.596632036314 27.872386391122
131.082463740608 28.0101123128985
131.570102784351 28.1454077794423
132.059555891015 28.2774927432358
132.550829809082 28.4063594292481
133.043931312143 28.5320056250425
133.538867198985 28.6556575704624
134.035644293687 28.7780150783147
134.534269445714 28.8991008223524
135.034749530014 29.0178215819201
135.537091447108 29.1343034288733
136.041302123189 29.2463771864388
136.547388510214 29.3517368771053
137.055357586005 29.4504220347613
137.56521635434 29.5414333810247
138.076971845052 29.6236772466227
138.590631114126 29.6981917142015
139.106201243796 29.7634258348171
139.623689342642 29.8193780448621
140.14310254569 29.8666310160375
140.664448014507 29.9093802655192
141.187732937303 29.948948195754
141.712964529029 29.9863413066092
142.240150031474 30.020821048405
142.769296713371 30.0523773642004
143.30041187049 30.0810030186264
143.833502825744 30.1074145612223
144.368576929286 30.1324539557074
144.905641558614 30.1551590637532
145.444704118671 30.1740799502744
145.985772041946 30.1892259614465
146.528852788578 30.1991786667488
147.073953846458 30.2048644446479
147.621082731334 30.2066764668953
148.170246986912 30.2045745422179
148.721454184961 30.1995467642325
149.274711925419 30.1914197086632
149.830027836496 30.1796895024843
150.387409574779 30.1642225733539
150.946864825339 30.1449910607084
151.508401301835 30.1191275627737
152.072026746624 30.0843806964284
152.637748930863 30.0406976694144
153.205575654619 29.9880910709438
153.775514746977 29.9254223928952
154.347574066145 29.8487308754302
154.921761499565 29.7626924982366
155.498084964022 29.6714484201119
156.076552405752 29.5767995460503
156.657171800551 29.4847879391823
157.239951153886 29.3961896662672
157.824898501005 29.3109941968775
158.412021907047 29.228631409414
159.001329467157 29.1474358752538
159.592829306591 29.0667865154504
160.186529580835 28.9867106814137
160.78243847571 28.9072534929439
161.380564207495 28.8273799265367
161.980915023028 28.7459959511071
162.583499199831 28.6623378091015
163.188325046216 28.5753153161679
163.795400901405 28.4852400172715
164.40473513564 28.3921438967589
165.016336150303 28.2990827155763
165.630212378031 28.2070664990953
166.246372282828 28.117062976234
166.864824360187 28.0300576358151
167.485577137204 27.9448399307043
168.108639172699 27.856279856308
168.734019057329 27.7632053159414
169.36172541371 27.6655978226494
169.991766896534 27.5611960633247
170.624152192691 27.4454981050638
171.258890021386 27.3208591488189
171.89598913426 27.1897215836626
172.535458315511 27.0505873759103
173.177306382017 26.899971183241
173.821542183453 26.742990113463
174.468174602416 26.5824707587989
175.117212554548 26.4234861379572
175.768664988659 26.2734768003009
176.422540886846 26.1324531950848
177.078849264624 26.0001893767683
177.737599171045 25.8744441149915
178.398799688823 25.7520969190113
179.062459934462 25.633112910606
179.728589058382 25.5224518750882
180.397196245039 25.4217327447195
181.068290713059 25.3293028825951
181.741881715363 25.2429619614434
182.417978539291 25.1629912158172
183.096590506735 25.0896279880102
183.777726974264 25.023246611165
184.461397333255 24.9633615832807
185.147611010021 24.9114572516741
185.836377465944 24.8680574106608
186.5277061976 24.8292085851098
187.221606736895 24.7901456804948
187.918088651195 24.749904757662
188.617161543456 24.70476311936
189.318835052359 24.6597536301591
190.023118852442 24.6149309922997
190.730022654232 24.5698130034207
191.439556204381 24.519176749007
192.151729285799 24.464655236751
192.86655171779 24.4082522878204
193.584033356187 24.3479630448073
194.304184093485 24.2832946651686
195.027013858983 24.2153963189301
195.752532618918 24.1452331871229
196.480750376599 24.0764325390936
197.211677172552 24.0091469852327
197.945323084652 23.9426102101142
198.681698228267 23.8767035689186
199.420812756393 23.8096155297601
200.162676859797 23.7391049344374
200.907300767158 23.6649820496315
201.654694745203 23.593635457166
202.404869098855 23.5267932030677
203.157834171373 23.4672319670386
203.913600344492 23.4147036738219
204.672178038568 23.3688641883566
205.433577712722 23.3317203900799
206.197809864986 23.3039304668453
206.964885032443 23.2840901581332
207.734813791375 23.2701111512825
208.50760675741 23.2613983984612
209.283274585667 23.2524204812538
210.061827970903 23.2354450365634
210.84327764766 23.2104911538889
211.627634390414 23.1794950700035
212.414909013722 23.1542185031975
213.205112372374 23.1357459521633
213.998255361539 23.1251259536589
214.794348916918 23.1200981141288
215.593404014895 23.1201114965428
216.395431672684 23.1251220714569
217.200442948486 23.1310882975804
218.008448941641 23.1404895268282
218.819460792778 23.1543255504486
219.633489683968 23.1733533573877
220.450546838885 23.1961708201164
221.270643522953 23.2150325403558
222.093791043505 23.2289961967174
222.920000749938 23.2381134152803
223.749284033871 23.2419490783707
224.5816523293 23.2398318982434
225.417117112757 23.2312621479859
226.255689903467 23.2139511443202
227.097382263509 23.1860465730984
227.942205797972 23.1518456468811
228.790172155119 23.1122247764382
229.641293026544 23.066900431902
230.495580147337 23.0186459563435
231.35304529624 22.9718855392709
232.213700295818 22.926637598999
233.077557012612 22.8810083280926
233.944627357311 22.8340224377083
234.814923284911 22.7853147198473
235.688456794884 22.7328608354293
236.565239931339 22.6770386153942
237.44528478319 22.6216181228417
238.328603484325 22.5750177055301
239.215208213769 22.5387974497843
240.105111195857 22.51368731973
240.998324700395 22.5009956338667
241.894861042839 22.50039673245
242.794732584456 22.5114306646572
243.6979517325 22.5312271000464
244.60453094038 22.5615613499017
245.514482707834 22.600023380277
246.427819581099 22.6476608786947
247.344554153085 22.7021443521323
248.264699063551 22.7579634775831
249.188266999274 22.8144266634752
250.11527069423 22.8694346909536
251.045722929764 22.9229435389979
251.979636534771 22.9749359168807
252.91702438587 23.0262985964555
253.85789940758 23.0673695976291
254.802274572504 23.0959128718414
255.750162901502 23.1119784472245
256.701577463874 23.1159056820054
257.656531377538 23.1073301657393
258.615037809212 23.0850432658861
259.577109974596 23.0507815324291
260.542761138553 23.0072151754853
261.512004615294 22.9550106625305
262.484853768559 22.8939024213704
263.461322011801 22.8301819175633
264.441422808376 22.7710064717429
265.42516967172 22.7164097511825
266.412576165545 22.6665892862491
267.403655904018 22.6171989491577
268.398422551953 22.570538266994
269.396889825 22.5268398681125
270.39907148983 22.4876311127592
271.404981364328 22.4522224058569
272.414633317784 22.4200537687892
273.428041271082 22.3949966146622
274.445219196894 22.3782329847262
275.466181119869 22.36636931011
276.490941116832 22.3590812528704
277.519513316975 22.3558044563102
278.551911902049 22.3568649357122
279.588151106566 22.3613509519249
280.628245217989 22.3650207860311
281.672208576933 22.3684501578555
282.720055577362 22.3739184985371
283.771800666785 22.3828373945298
284.827458346459 22.3922215080386
285.887043171586 22.4050100875971
286.950569751514 22.4162274115434
288.018052749942 22.4254015704747
289.089506885116 22.4331264411543
290.164946930037 22.434953688592
291.244387712663 22.4241465949643
292.327844116112 22.4031354201918
293.41533107887 22.3720363558496
294.506863594997 22.3273564553566
295.602456714328 22.2737613013668
296.702125542688 22.2203499008835
297.805885242097 22.1676517628504
298.913751030978 22.1139052577443
300.025738184368 22.0479575423845
301.14186203413 21.9698782336344
302.262137969162 21.8804060659181
303.386581435609 21.7836202366949
304.51520793708 21.6792172872553
305.648033034855 21.5676258064772
306.785072348107 21.4571087240152
307.926341554112 21.3488225266874
309.071856388467 21.242610181643
310.221632645308 21.1394564947068
311.375686177524 21.0400187583602
312.534032896982 20.9438185810107
313.69668877474 20.8507344806352
314.86366984127 20.7609221033632
316.03499218668 20.6760986993455
317.210671960934 20.5949929742304
318.390725374075 20.5152887539974
319.57516869645 20.4412229285279
320.764018258932 20.3755259201572
321.957290453147 20.3189214610241
323.1550017317 20.2727431426853
324.3571686084 20.2392485295521
325.563807658489 20.218019566207
326.774935518872 20.1980571330416
327.990568888343 20.1790447419319
329.210724527818 20.158138259758
330.435419260565 20.1292363519081
331.664669972436 20.0945511675141
332.898493612101 20.0582829966174
334.136907191279 20.0177839269284
335.379927784974 19.9732029927832
336.627572531714 19.9158014689313
337.879858633779 19.8422236758894
339.136803357447 19.754107007595
340.398424033226 19.659110127735
341.664738056097 19.5605846805983
342.935762885749 19.4567106129612
344.211516046826 19.3487321033707
345.492015129163 19.2385607199995
346.777277788032 19.1297783245487
348.067321744384 19.0300083185844
349.362164785094 18.9379053235978
350.661824763204 18.8416087836158
351.966319598173 18.7459881497039
353.275667276122 18.6633147168423
354.58988585008 18.5958513779918
355.908993440238 18.5367166017651
357.233008234193 18.4816052840551
358.561948487204 18.4316521514981
359.895832522439 18.3847583810204
361.234678731231 18.346818964809
362.578505573331 18.3198412404238
363.927331577162 18.3062992704166
365.281175340072 18.3096427581616
366.640055528597 18.3274652768264
368.003990878711 18.3562963932168
369.373000196088 18.3866904619945
370.747102356362 18.4174747840913
372.126316305386 18.4511967762862
373.510661059493 18.4872820498616
374.900155705758 18.5206148328965
376.294819402263 18.5521466651895
377.694671378358 18.577104563988
379.099730934929 18.5926322880712
380.510017444665 18.6086560536401
381.92555035232 18.6314852932666
383.346349174985 18.6644593554104
384.772433502359 18.6993237155337
386.203822997013 18.7277640521487
387.640537394667 18.7560597310455
389.082596504459 18.7868496648704
390.530020209219 18.8276936832445
391.982828465741 18.8711034513528
393.441041305064 18.8953971928394
394.904678832742 18.9029673767476
396.373761229123 18.9105015662256
397.848308749629 18.9206829988536
399.328341725034 18.932336839779
400.813880561743 18.9478856085164
402.304945742077 18.9673750803518
403.801557824551 18.9969009036841
405.303737444161 19.0348624171388
406.811505312667 19.0691187817905
408.324882218878 19.103496371987
409.843889028939 19.141036652834
411.368546686621 19.1935915862552
412.898876213606 19.2560848954701
414.434898709779 19.3166939722853
415.976635353518 19.3754620196262
417.524107401988 19.4331321164016
419.077336191431 19.4878865744473
420.636343137464 19.5366322444259
422.20114973537 19.5829718158428
423.771777560397 19.6284366957949
425.348248268055 19.6724915522689
426.930583594415 19.7345396041907
428.518805356409 19.8163742129869
430.112935452127 19.9109224059609
431.712995861126 20.0016963034984
433.319008644725 20.0802540305518
434.930995946316 20.1625135388701
436.548979991665 20.2530307367038
438.172983089221 20.3482061070159
439.803027630423 20.4412205582382
441.439136090005 20.5277913505905
443.081331026313 20.5920181686857
444.72963508161 20.6323945536337
446.384070982391 20.6599121976007
448.044661539696 20.6800500459306
449.711429649423 20.6974373213565
451.384398292646 20.7125377553996
453.063590535931 20.7333525609522
454.749029531652 20.7539253221096
456.440738518314 20.7535438221079
458.138740820871 20.7388666900075
459.843059851047 20.7139166524515
461.55371910766 20.6955985454482
463.270742176947 20.6836739264116
464.994152732887 20.6839675824941
466.723974537529 20.6828498589669
468.460231441319 20.6756477527964
470.202947383427 20.6603717184481
471.952146392082 20.6406669846688
473.707852584898 20.6221084873237
475.470090169211 20.6107826399972
477.238883442408 20.6046333596118
479.014256792265 20.6059150984377
480.796234697286 20.6160125756459
482.584841727032 20.6235885465662
484.38010254247 20.6139106148528
486.182041896305 20.596181835881
487.990684633326 20.5828190403343
489.806055690746 20.5776825095214
491.628180098547 20.5717411063076
493.457082979826 20.5723762479951
495.292789551138 20.597509451954
497.135325122848 20.6294270495103
498.984715099477 20.6463489940647
500.840984980053 20.6635133190173
502.704160358464 20.6843623864888
504.574266923808 20.7001723157879
506.451330460749 20.7139072422289
508.335376849875 20.7140350334124
510.226432068048 20.7017841879803
512.124522188771 20.6817567877982
514.029673382538 20.6480710765761
515.941911917204 20.6086822399785
517.86126415834 20.5654354754759
519.787756569601 20.5199895833049
521.721415713088 20.4906275894275
523.662268249716 20.4681036894929
525.610340939583 20.4517689640304
527.565660642334 20.4351082969581
529.528254317536 20.4280319392366
531.498149025047 20.4269580949452
533.475371925393 20.431982183044
535.459950280137 20.4413604233642
537.451911452257 20.4297007409069
539.451282906527 20.3988725453791
541.45809220989 20.3523038105689
543.472367031842 20.2965332570665
545.49413514481 20.2551137137479
547.523424424539 20.2129557459892
549.560262850475 20.162337619738
551.604678506148 20.1008719528858
553.656699579562 20.0454726847686
555.716354363585 20.0073645549895
557.783671256334 19.9933282310375
559.858678761572 19.9910278595296
561.941405489097 19.9933185569039
564.03188015514 20.0052815213525
566.130131582757 20.0130005167317
568.236188702231 20.0259188543305
570.350080551465 20.0315951842576
572.471836276389 20.0338000976177
574.601485131357 20.0575559704823
576.739056479551 20.0695094044861
578.88457979339 20.081005081856
581.038084654929 20.0801715855785
583.199600756274 20.0598503955017
585.369157899988 20.0190979750333
587.5467859995 19.9804921330448
589.732515079524 19.9630319989546
591.926375276465 19.9660224692415
594.128396838839 19.9898259744036
596.338610127691 20.0175531676965
598.557045617011 20.043336610121
600.783733894154 20.0712354247852
603.018705660264 20.0844287588447
605.261991730696 20.082229626104
607.513623035441 20.0831528827747
609.773630619552 20.1038285987804
612.042045643573 20.1419504801656
614.318899383969 20.1685179580039
616.604223233554 20.1818617328282
618.898048701927 20.1817150130402
621.200407415909 20.1742190156331
623.51133111997 20.1650048154692
625.830851676678 20.1652793860751
628.159001067128 20.1794929681396
630.49581139139 20.1886979298409
632.841314868951 20.2004871658225
635.195543839153 20.2113398916576
637.558530761648 20.2220096500104
639.930308216838 20.2425443072576
642.310908906328 20.2730483474224
644.700365653376 20.3323494610194
647.098711403346 20.3910907838075
649.505979224161 20.4445704921284
651.922202306761 20.4770451049601
654.347413965559 20.4820499302141
656.781647638899 20.46660060565
659.224936889521 20.4532622892935
661.677315405021 20.4489002576976
664.138816998315 20.4592668232609
666.609475608108 20.4764536321058
669.089325299358 20.4846247634477
671.578400263749 20.4816570637976
674.076734820163 20.4824543746404
676.584363415148 20.4961758909749
679.101320623398 20.520650904977
681.627641148229 20.5666832545287
684.163359822055 20.6334675108276
686.708511606871 20.7009623970284
689.263131594734 20.75526638326
691.827255008246 20.8101250199585
694.400917201039 20.8610949789417
696.984153658268 20.8865680961231
699.576999997092 20.8895950010108
702.179491967171 20.8775997733604
704.791665451156 20.8598557980407
707.413556465187 20.8401185416019
710.045201159385 20.8311081817449
712.686635818355 20.8262176692734
715.337896861682 20.8128299523295
717.999020844436 20.8047447283228
720.670044457676 20.7979907990839
723.351004528956 20.7986888863004
726.041938022828 20.8193684098831
728.74288204136 20.837989886106
731.453873824642 20.8472194774956
734.174950751298 20.8489305570084
736.906150339008 20.871441159419
739.647510245018 20.9046495926936
742.399068266665 20.9258403890229
745.160862341893 20.927354798211
747.932930549781 20.919296216589
750.715311111065 20.9029923708933
753.508042388666 20.8794823890418
756.311162888217 20.8615531872859
759.124711258597 20.8591461910026
761.948726292463 20.8716392332679
764.783246926784 20.8881911226986
767.628312243377 20.9019623650384
770.483961469448 20.9167443433312
773.350233978131 20.9399300790349
776.227169289033 20.9634799666196
779.114807068777 20.9959487908291
782.01318713155 21.0095634252283
784.92234943965 20.9924774981351
787.842334104041 20.9558240497625
790.773181384902 20.9225865765855
793.714931692182 20.8920094860437
796.667625586163 20.8647287951347
799.63130377801 20.8477248010547
802.606007130343 20.828083110406
805.591776657789 20.7915766322324
808.588653527558 20.7485784148268
811.596679060002 20.6884479647909
814.615894729193 20.6371862373834
817.646342163485 20.5849574692861
820.688063146098 20.5494250490013
823.741099615688 20.5326518490725
826.805493666926 20.5178050136553
829.881287551079 20.4970722136468
832.968523676594 20.4765222653448
836.06724460968 20.4452172952455
839.177493074898 20.4104804721212
842.299311955746 20.3807011074386
845.432744295255 20.3559131279215
848.577833296579 20.3345316802585
851.734622323592 20.3102550236561
854.903154901485 20.2834241502553
858.083474717367 20.2426665179495
861.275625620868 20.1917459036619
864.479651624742 20.1421340785728
867.695596905475 20.1101305163707
870.923505803893 20.0840989539303
874.163422825774 20.0693036462284
877.415392642464 20.0557346870048
880.679460091487 20.0390814875962
883.955670177168 20.0222950917561
887.244068071255 20.0311984704575
890.544699113535 20.0519829481277
893.857608812465 20.0625763314382
897.1828428458 20.0950506316035
900.520447061216 20.1351623547173
903.870467476951 20.1493167205737
907.232950282432 20.1540775003584
910.607941838916 20.1274931354417
913.99548868013 20.0841807513962
917.395637512907 20.0324458033367
920.808435217838 19.9859006656795
924.233928849912 19.956232234348
927.672165639167 19.9105302831986
931.12319299134 19.862846141665
934.587058488525 19.8293665394013
938.063809889823 19.8069265801865
941.553495132005 19.7887248266227
945.056162330171 19.779758432249
948.571859778412 19.7723369184346
952.100635950479 19.7655220244208
955.64253950045 19.7528990106279
959.197619263401 19.7276764806356
962.765924256078 19.6901932383378
966.347503677575 19.6424316651572
969.942406910009 19.5915486871083
973.550683519207 19.556789353978
977.172383255382 19.550222310228
980.807556053824 19.5344867710556
984.456252035586 19.5089530761862
988.118521508177 19.5042572133667
991.794414966255 19.50729940783
995.483983092322 19.5089874150232
999.187276757423 19.512365341251
1002.90434702185 19.5123767852449
1006.63524513584 19.526451077816
1010.3800225403 19.543964432298
1014.13873086747 19.5538043922454
1017.9114219417 19.556968675531
1021.69814778013 19.5304199911398
1025.49896059337 19.4876036727314
1029.31391278631 19.4574817945472
1033.14305695876 19.4288292636773
1036.98644590621 19.3997726764091
1040.84413262056 19.3680667664942
1044.71617029083 19.3630676478719
1048.60261230394 19.354021185836
1052.50351224539 19.3517189189604
1056.41892390001 19.3476371987943
1060.34890125276 19.3584442868511
1064.29349848938 19.370269823732
1068.25276999721 19.3748778859841
1072.22677036593 19.3841780768859
1076.21555438826 19.3798465964879
1080.21917706079 19.3708800559462
1084.23769358469 19.3661994040933
1088.27115936647 19.3503493556353
1092.31963001878 19.3434219739155
1096.38316136114 19.3464984762687
1100.46180942073 19.3307398693167
1104.55563043316 19.3059675340516
1108.66468084322 19.3068619097582
1112.7890173057 19.3235090342284
1116.92869668616 19.3229179402642
1121.08377606168 19.3030814351497
1125.25431272169 19.2940996552693
1129.44036416873 19.2782761374468
1133.64198811927 19.2555808311325
1137.85924250447 19.240898168553
1142.09218547102 19.2219771052679
1146.34087538191 19.1976102193726
1150.60537081725 19.1484716549718
1154.88573057506 19.1170884028547
1159.18201367212 19.0935916553232
1163.49427934474 19.0717181518688
1167.8225870496 19.0550920296268
1172.16699646455 19.0587959098186
1176.52756748948 19.0393219903548
1180.90436024707 19.0302392268093
1185.2974350837 19.0156957380059
1189.70685257023 19.0117683913899
1194.13267350285 19.0028877597319
1198.5749589039 18.9819793018561
1203.03377002276 18.942688370485
1207.50916833664 18.8961218643301
1212.00121555147 18.8568459006726
1216.50997360271 18.8359071500515
1221.03550465623 18.8141346832785
1225.57787110919 18.7922630778662
1230.13713559085 18.7392572347318
1234.71336096344 18.6871320857111
1239.30661032308 18.6459315151946
1243.9169470006 18.6408920781073
1248.54443456241 18.6460266106598
1253.18913681141 18.6428279036936
1257.85111778785 18.6349966396487
1262.53044177021 18.659166459381
1267.22717327611 18.6716632827938
1271.94137706315 18.6549492915211
1276.67311812987 18.6639614316099
1281.42246171659 18.6684188621362
1286.18947330632 18.6894913410047
1290.97421862569 18.7058276293881
1295.77676364585 18.7070864667544
1300.59717458334 18.6917591265639
1305.43551790105 18.7042197436344
1310.29186030912 18.7289943195637
1315.16626876584 18.7470531623319
1320.05881047861 18.7557181827427
1324.96955290485 18.7594203560785
1329.8985637529 18.7651386257982
1334.84591098301 18.7647838618499
1339.81166280824 18.7614097531209
1344.79588769541 18.7595691720503
1349.79865436604 18.738611437448
1354.82003179729 18.7169591569979
1359.86008922295 18.6989899329279
1364.91889613434 18.6712763614419
1369.9965222813 18.648191723166
1375.09303767316 18.6273096149617
1380.20851257966 18.5804976691715
1385.343017532 18.5579509737129
1390.49662332371 18.545375742855
1395.6694010117 18.5352326077159
1400.86142191724 18.5214234149155
1406.07275762689 18.513092034407
1411.30347999353 18.5038184945661
1416.55366113734 18.4969101606218
1421.82337344679 18.5016192937046
1427.11268957965 18.4756011667771
1432.42168246399 18.4672296781815
1437.75042529915 18.4502278666008
1443.09899155681 18.4618987874485
1448.46745498195 18.514149078506
1453.85588959391 18.5554089098266
1459.26436968736 18.5981003895501
1464.69296983337 18.641500286847
1470.14176488043 18.6948187336486
1475.61082995546 18.726177158984
1481.10024046487 18.7457561477744
1486.61007209556 18.745353701306
1492.14040081604 18.7502327357201
1497.69130287738 18.7611122596727
1503.26285481435 18.774953903506
1508.85513344643 18.7841016000733
1514.46821587884 18.8047426448554
1520.10217950369 18.8132572456877
1525.75710200096 18.8372536097843
1531.43306133963 18.8473910498702
1537.1301357787 18.8732719705255
1542.84840386835 18.891630248237
1548.58794445092 18.9200956564003
1554.34883666208 18.9428156220334
1560.1311599319 18.9677600082308
1565.93499398592 18.9597682958536
1571.76041884628 18.9598256068128
1577.60751483278 18.9722232202474
1583.47636256406 18.9849620983665
1589.36704295864 18.9364110887937
1595.27963723608 18.9186611950118
1601.21422691806 18.9307803975572
1607.17089382956 18.9282226582249
1613.14972009994 18.9127961754788
1619.15078816409 18.9021112990308
1625.17418076356 18.9492377174943
1631.21998094772 19.0081902811228
1637.28827207488 19.0827419797654
1643.37913781346 19.1131495802723
1649.49266214312 19.1207256148446
1655.62892935595 19.1087321254129
1661.7880240576 19.0826318556038
1667.97003116847 19.0611838108854
1674.17503592487 19.0490398659046
1680.40312388019 19.0563525647376
1686.6543809061 19.0497322484622
1692.9288931937 19.0495167618399
1699.22674725475 19.0582884916587
1705.54802992284 19.0493010683412
1711.89282835457 19.0403995288806
1718.26123003079 19.0168991104998
1724.65332275779 19.0106658899664
1731.06919466848 19.0012684149095
1737.50893422366 19.0213336185757
1743.9726302132 19.000131692302
1750.46037175728 18.9975528868102
1756.97224830763 18.9997539379471
1763.50834964871 19.0050697463306
1770.06876589903 19.006900819443
1776.65358751231 19.012132557791
1783.26290527881 18.9872819275715
1789.8968103265 18.9593507551303
1796.55539412237 18.9684924725787
1803.23874847367 18.9686851495406
1809.94696552921 18.9606266692665
1816.68013778055 18.9631671762397
1823.43835806337 18.9902610915698
1830.22171955869 19.0162143791202
1837.03031579418 19.0176449375948
1843.86424064544 19.0265655293905
1850.72358833728 19.0265064243329
1857.60845344505 19.0217800226625
1864.51893089594 19.0228614727172
1871.45511597026 19.0173246045457
1878.41710430278 19.0461368149566
1885.40499188403 19.0778558943351
1892.41887506164 19.1171971897755
1899.45885054167 19.1379489552586
1906.52501538993 19.1424922885201
1913.61746703332 19.1717434123535
1920.73630326118 19.1756400926166
1927.88162222663 19.1827144230143
1935.05352244795 19.1734770819548
1942.25210280989 19.1617412462118
1949.47746256507 19.1589983751489
1956.72970133535 19.1408539692222
1964.00891911318 19.1427784328173
1971.315216263 19.1758690217408
1978.6486935226 19.1839008266583
1986.00945200454 19.1798990101977
1993.39759319752 19.1510830158124
2000.8132189678 19.1679782561472
2008.25643156057 19.1635856853237
2015.7273336014 19.1718120736599
2023.22602809763 19.1749400900496
2030.75261843979 19.1636163290097
2038.30720840305 19.1840018079391
2045.88990214862 19.1906146637258
2053.50080422521 19.1615692770026
2061.14001957043 19.1277642656117
2068.80765351232 19.1365281896455
2076.5038117707 19.1734328516254
2084.22860045872 19.1939050033237
2091.98212608424 19.2054557032269
2099.76449555137 19.2415239036925
2107.57581616189 19.2552812522265
2115.41619561679 19.2320749270718
2123.28574201767 19.2677576297232
2131.18456386831 19.2850608684778
2139.11277007613 19.3029345950919
2147.07046995368 19.3312317632399
2155.05777322019 19.3639274811883
2163.07479000302 19.4398178741798
2171.12163083925 19.4829521833704
2179.19840667714 19.4937628635564
2187.30522887772 19.4803716492155
2195.44220921625 19.5069868113028
2203.60945988384 19.5293200349696
2211.80709348895 19.555518991023
2220.03522305895 19.5714532319355
2228.29396204169 19.5884133025645
2236.58342430704 19.6200863961416
2244.90372414851 19.6706137306858
2253.25497628476 19.692812259447
2261.63729586123 19.7190839718234
2270.0507984517 19.7366505027718
2278.49560005991 19.7542190439441
2286.97181712113 19.752693195443
2295.4795665038 19.7582472732486
2304.0189655111 19.7465211022602
2312.59013188261 19.7682686218187
2321.19318379588 19.7754154898852
2329.82823986813 19.7841339532236
2338.49541915782 19.7873040173409
2347.19484116633 19.801235296938
2355.9266258396 19.851613658037
2364.69089356977 19.8250675939066
2373.48776519685 19.7508470966745
2382.3173620104 19.6825849230973
2391.17980575117 19.669349551096
2400.07521861281 19.660390780192
2409.00372324354 19.6322058293372
2417.96544274784 19.6126288430863
2426.96050068814 19.6050319065844
2435.98902108656 19.5944251837091
2445.05112842657 19.5728242965612
2454.14694765475 19.5568237743675
2463.27660418247 19.5672702707694
2472.44022388765 19.5533559956352
2481.63793311651 19.5114479353125
2490.86985868525 19.4790707137263
2500.13612788187 19.4587595323093
2509.43686846789 19.4531916442392
2518.7722086801 19.4427585692351
2528.14227723234 19.3908026975225
2537.54720331731 19.3246515141076
2546.98711660828 19.3018131334116
2556.46214726094 19.30312919465
2565.97242591516 19.2653674430317
2575.51808369681 19.2205752728148
2585.09925221956 19.1874851308024
2594.7160635867 19.1451969184758
2604.36865039294 19.0749511860455
2614.05714572626 18.9916991174076
2623.78168316975 18.9332164257928
2633.54239680345 18.9243717950303
2643.33942120615 18.9008386282741
2653.17289145733 18.8674448624678
2663.04294313896 18.8354416722441
2672.94971233738 18.766660654137
2682.89333564519 18.6990030986313
2692.87395016314 18.6509860696448
2702.89169350199 18.6131873150908
2712.94670378444 18.5613540619644
2723.03911964699 18.4833313680362
2733.16908024193 18.4280821069895
2743.33672523916 18.3618410651133
2753.54219482819 18.3366738387235
2763.78562972005 18.304622696404
2774.06717114922 18.2590959611283
2784.38696087559 18.20057870098
2794.74514118641 18.1615351342752
2805.14185489824 18.1058463259533
2815.57724535896 18.0162707100268
2826.05145644968 17.9212212977253
2836.56463258679 17.8349118764408
2847.11691872391 17.7390520422281
2857.7084603539 17.6809694339101
2868.33940351088 17.6372716981274
2879.00989477221 17.5967068267285
2889.72008126055 17.5182297917807
2900.47011064586 17.4554888119642
2911.26013114745 17.384642624054
2922.09029153602 17.3017619365232
2932.9607411357 17.2012821652371
2943.87162982615 17.1246945775986
2954.82310804455 17.0682897461039
2965.81532678776 16.9721002029736
2976.84843761435 16.8964060106801
2987.9225926467 16.8595867647315
2999.0379445731 16.8303349052265
3010.19464664985 16.7532059897848
3021.39285270338 16.7090033349125
3032.63271713238 16.6671413152242
3043.91439490991 16.6432109991645
3055.23804158553 16.5963992828317
3066.60381328749 16.5345093779129
3078.01186672482 16.4747472069411
3089.46235918954 16.4128725472118
3100.95544855881 16.3389003695141
3112.4912932971 16.2655577992619
3124.07005245839 16.2033177275271
3135.69188568836 16.1666927615804
3147.35695322657 16.1100692010874
3159.0654159087 16.0661297360614
3170.81743516875 15.9945744013473
3182.61317304128 15.9618619099456
3194.45279216361 15.922769838822
3206.3364557781 15.8687952343287
3218.26432773439 15.805065563338
3230.23657249166 15.7770576465244
3242.25335512088 15.7144044332094
3254.3148413071 15.6754115473689
3266.42119735174 15.6511486467956
3278.57259017489 15.6180912788744
3290.76918731757 15.5720085092818
3303.01115694409 15.5510073967095
3315.29866784434 15.5084406579803
3327.63188943612 15.4624355747925
3340.01099176749 15.4283552061957
3352.43614551909 15.4037665319476
3364.90752200653 15.3924721506392
3377.42529318271 15.3640966412743
3389.98963164021 15.3484937179195
3402.60071061369 15.3327876622401
3415.25870398225 15.3375949537085
3427.96378627182 15.3400449597063
3440.71613265761 15.3070450413311
3453.51591896648 15.3179882738507
3466.36332167938 15.2866304583551
3479.25851793381 15.2318278503833
3492.20168552621 15.200706427782
3505.19300291445 15.1730282311041
3518.23264922029 15.1481857619187
3531.32080423182 15.1199636459607
3544.45764840598 15.1200609198634
3557.64336287101 15.0980080938286
3570.87812942896 15.0823565053515
3584.16213055823 15.0711946023362
3597.49554941602 15.0420390398821
3610.87856984091 15.0349751004909
3624.31137635539 15.0248154088366
3637.79415416837 15.0039406368039
3651.32708917776 14.9753400145343
3664.91036797302 14.9235497754723
3678.54417783777 14.9035148790976
3692.2287067523 14.9064206964664
3705.96414339624 14.9195393916388
3719.75067715111 14.8938094215037
3733.58849810294 14.8914196856101
3747.47779704492 14.9233932220823
3761.41876547999 14.8958187013036
3775.4115956235 14.8938589131676
3789.45648040586 14.8861065255579
3803.55361347522 14.8664904994414
3817.70318920008 14.8419064013145
3831.90540267205 14.809617303299
3846.16044970847 14.7736673254822
3860.46852685515 14.7707633949483
3874.82983138907 14.7692146304063
3889.24456132109 14.7416411736584
3903.7129153987 14.7182703106334
3918.23509310874 14.7234277674482
3932.81129468018 14.7093953835511
3947.44172108682 14.6855878072883
3962.12657405015 14.6698912923305
3976.86605604205 14.661122369488
3991.66037028761 14.668966277404
4006.50972076797 14.6407242672846
4021.41431222307 14.6391372597274
4036.37435015451 14.6168318292799
4051.39004082838 14.6258706470359
4066.46159127809 14.6113673011863
4081.58920930724 14.6130122895266
4096.77310349248 14.6092508675661
4112.01348318638 14.5939895608508
4127.31055852032 14.5804672208608
4142.6645404074 14.5761766462651
4158.07564054532 14.5626688380159
4173.54407141932 14.5742614001606
4189.07004630512 14.5416732461472
4204.65377927183 14.5126677104196
4220.29548518492 14.4901303389341
4235.99537970918 14.4722588243203
4251.7536793117 14.4754943382524
4267.57060126484 14.4488652721132
4283.44636364922 14.4387482361062
4299.38118535678 14.4123966988674
4315.37528609372 14.3879378543964
4331.42888638358 14.3952523114144
4347.54220757028 14.4029190752553
4363.71547182114 14.422379507618
4379.94890212999 14.4239915830643
4396.24272232018 14.4599705155616
4412.59715704774 14.4744634531696
4429.01243180443 14.4916052900215
4445.48877292084 14.5270929348425
4462.02640756957 14.5328770249131
4478.62556376828 14.556070396419
4495.28647038291 14.5711964195184
4512.0093571308 14.6077338312001
4528.79445458383 14.6297187794867
4545.64199417167 14.6288929032408
4562.5522081849 14.633521069661
4579.52532977826 14.6767185572817
4596.56159297383 14.7129022360111
4613.6612326643 14.7538729925067
4630.82448461615 14.7746512586428
4648.05158547297 14.7920015509935
4665.34277275865 14.7698907860838
4682.69828488072 14.7854672078105
4700.11836113359 14.8098963383507
4717.60324170188 14.7983164227623
4735.15316766371 14.8327099675139
4752.76838099403 14.8367747860459
4770.44912456798 14.879275095987
4788.1956421642 14.8916691628061
4806.00817846821 14.9314944398674
4823.88697907579 14.9250841956581
4841.83229049635 14.9662413122285
4859.84436015636 14.9967700725466
4877.92343640271 15.0215647111827
4896.06976850618 15.0642470005482
4914.28360666486 15.1113288600282
4932.5652020076 15.1613591650626
4950.91480659747 15.2032980384025
4969.33267343524 15.2263262931436
4987.81905646287 15.2628188381497
5006.374210567 15.3073152754838
5024.99839158248 15.3473240634821
5043.69185629588 15.3721188992694
5062.45486244905 15.4004398911255
5081.28766874266 15.4380532988319
5100.19053483977 15.4825717092393
5119.16372136941 15.5019093136399
5138.20748993018 15.5093574408369
5157.32210309384 15.5308378303865
5176.50782440896 15.5433378354982
5195.76491840452 15.5651881606441
5215.09365059358 15.6036813667291
5234.49428747691 15.6043765191435
5253.96709654673 15.5681422875622
5273.51234629033 15.5903655768225
5293.1303061938 15.6138438403201
5312.82124674575 15.6325635508485
5332.58543944101 15.6234111831084
5352.42315678444 15.6514861381986
5372.3346722946 15.6599348715307
5392.32026050759 15.6473417609106
5412.38019698081 15.6431427365735
5432.51475829674 15.6487827184891
5452.72422206679 15.6466501894759
5473.00886693511 15.6216144142508
5493.36897258242 15.610673040882
5513.80481972988 15.6315116455184
5534.31669014299 15.6248980226267
5554.9048666354 15.6130054945288
5575.56963307287 15.5766547698192
5596.31127437719 15.5818529288329
5617.13007653004 15.5832366302089
5638.02632657703 15.5763321056788
5659.00031263156 15.5986326260869
5680.05232387887 15.5975160332363
5701.18265057998 15.5902929676615
5722.39158407572 15.613786678053
5743.67941679072 15.6210353772227
5765.04644223748 15.6015634416786
5786.49295502037 15.5969381782392
5808.01925083973 15.6285927313776
5829.62562649593 15.6535159106961
5851.31237989346 15.6683882844851
5873.07981004505 15.7103474510105
5894.92821707578 15.7376232077679
5916.85790222723 15.7691917305504
5938.86916786162 15.8403120487109
5960.96231746598 15.8764399096786
5983.13765565636 15.9051007712896
6005.395488182 15.9584655291936
6027.73612192954 16.028828926362
6050.1598649273 16.0563800601412
6072.66702634946 16.1410027547198
6095.25791652038 16.2068045433991
6117.93284691885 16.2650915338454
6140.69213018238 16.3235786496844
6163.53608011154 16.3979700282824
6186.46501167426 16.4555628556324
6209.47924101016 16.4916882262265
6232.57908543496 16.5356006316301
6255.7648634448 16.6338947189194
6279.03689472068 16.7151653436928
6302.39550013281 16.7469482317577
6325.84100174511 16.7758929998313
6349.37372281957 16.8719735755372
6372.99398782075 16.9395404267441
6396.70212242028 16.9994124710396
6420.49845350128 17.033853412922
6444.38330916293 17.1257820399135
6468.35701872496 17.202791373678
6492.4199127322 17.2478446789585
6516.57232295915 17.3062116463173
6540.81458241452 17.3799670257609
6565.14702534586 17.4344293446019
6589.56998724415 17.5158125364626
6614.08380484842 17.6083119306497
6638.68881615042 17.6858153436567
6663.38536039924 17.7821791545017
6688.17377810601 17.8462389609433
6713.05441104861 17.9199833932984
6738.02760227635 17.9768366361197
6763.09369611472 18.0725858541165
6788.25303817014 18.1546767890719
6813.5059753347 18.2363933013873
6838.85285579099 18.3076357796971
6864.29402901684 18.4051555185638
6889.82984579019 18.5076761472041
6915.4606581939 18.6101311093674
6941.18681962062 18.7083484958726
6967.00868477764 18.7663857981494
6992.92660969181 18.8232113457666
7018.94095171442 18.9129010024131
7045.05206952614 18.9729343176981
7071.26032314197 19.0435564602327
7097.56607391621 19.1371729176112
7123.96968454742 19.1741217980031
7150.47151908342 19.2015875108654
7177.07194292636 19.2638380857837
7203.77132283768 19.3075272782749
7230.57002694323 19.3646092751047
7257.46842473831 19.4322131441659
7284.46688709279 19.4842147763659
7311.5657862562 19.4823112580141
7338.76549586288 19.4849204893439
7366.06639093713 19.5209007061746
7393.46884789835 19.5317440315701
7420.97324456628 19.5396728566241
7448.57996016619 19.5410671174667
7476.28937533407 19.5136682334628
7504.10187212195 19.5041428223047
7532.0178340031 19.4817335083581
7560.03764587737 19.4363230893405
7588.16169407645 19.3917579216018
7616.39036636925 19.3749691180658
7644.72405196718 19.3300992151025
7673.16314152958 19.281248021641
7701.70802716907 19.2448539526345
7730.35910245697 19.214191155666
7759.11676242871 19.1767901658198
7787.98140358931 19.1441517347127
7816.95342391881 19.1090032963224
7846.03322287777 19.0666465098421
7875.22120141279 18.9691753099661
7904.51776196203 18.8850743835869
7933.92330846076 18.8480511106067
7963.4382463469 18.8201257972466
7993.06298256668 18.7445697929901
8022.79792558017 18.6925657688786
8052.64348536698 18.6325608690919
8082.60007343185 18.5714645878881
8112.66810281039 18.4761883132307
8142.84798807473 18.3983425353829
8173.14014533922 18.3352088761711
8203.54499226624 18.27658822127
8234.06294807188 18.1819600099486
8264.69443353176 18.1103379142016
8295.43987098684 18.0169917133845
8326.29968434921 17.9539225172117
8357.27429910795 17.8574489352551
8388.36414233502 17.7561325014779
8419.56964269112 17.6925920310129
8450.89123043159 17.6324775176194
8482.32933741237 17.5466891980913
8513.88439709597 17.4413102036505
8545.55684455738 17.3457635261915
8577.34711649014 17.2471205887541
8609.25565121232 17.1580072483643
8641.28288867257 17.0633172731841
8673.42927045619 16.9617093845911
8705.69523979124 16.798048387524
8738.0812415546 16.6424859042429
8770.58772227814 16.5264955794434
8803.2151301549 16.4333066235832
8835.96391504519 16.3164213216199
8868.83452848289 16.1881044072092
8901.82742368161 16.06832567049
8934.94305554094 15.9146599537077
8968.18188065276 15.8048356789532
9001.54435730751 15.7223923696221
9035.03094550052 15.5909693248561
9068.64210693833 15.4566917135096
9102.37830504507 15.3091215763163
9136.24000496888 15.1773928967005
9170.22767358826 15.046243301239
9204.34177951857 14.9535103315166
9238.58279311844 14.8541761893056
9272.9511864963 14.7287940554413
9307.44743351684 14.6288056134017
9342.07200980759 14.5257175418514
9376.82539276547 14.3984376891983
9411.70806156333 14.2636335427167
9446.72049715662 14.1431491297031
9481.86318228997 14.0487749844979
9517.13660150386 13.9557994112538
9552.54124114133 13.852774997922
9588.07758935464 13.7622086872454
9623.74613611202 13.6649072756778
9659.54737320446 13.51326381747
9695.48179425241 13.3912178048539
9731.54989471268 13.2535596201254
9767.75217188519 13.0745013573668
9804.08912491989 12.9694022497813
9840.5612548236 12.8257342409542
9877.16906446693 12.7038846910574
9913.91305859123 12.5846510819208
9950.79374381551 12.4491298436593
9987.81162864349 12.3125262469936
10024.9672234705 12.1518193539704
10062.2610405907 11.9962785132627
10099.6935942039 11.8456218950279
10137.265400423 11.6665459826468
10174.9769772805 11.5363163445081
10212.8288447364 11.4014319971765
10250.8215246849 11.2821323629501
10288.9555409616 11.162676043934
10327.231419351 11.0206194885696
10365.6496875932 10.897249309896
10404.210875392 10.7754499486181
10442.9155144215 10.6654700945473
10481.7641383337 10.507537266304
10520.7572827658 10.3799452441734
10559.8954853477 10.2519055146409
10599.1792857094 10.1059289576108
10638.6092254881 9.97360851777434
10678.1858483363 9.85597999948833
10717.9096999286 9.74107587956779
10757.7813279699 9.64035963886187
10797.8012822023 9.51756718383359
10837.9701144131 9.40274389060943
10878.2883784424 9.26201630328355
10918.7566301905 9.13127202579657
10959.3754276259 9.03323450821155
11000.1453307925 8.93410153436639
11041.0669018179 8.82399688198745
11082.1407049206 8.71084192130805
11123.3673064183 8.60206665615785
11164.7472747353 8.48482564837447
11206.2811804106 8.39567962296276
11247.9695961055 8.31506468204018
11289.8130966117 8.21508688941999
11331.8122588594 8.11859472260448
11373.9676619248 8.01020841606319
11416.2798870383 7.9506917656472
11458.7495175926 7.87599982069158
11501.3771391508 7.77114408836915
11544.1633394541 7.70187270234422
11587.1087084304 7.60040270598127
11630.213838202 7.51672559632434
11673.4793230941 7.43278107011517
11716.9057596427 7.33214597644786
11760.4937466031 7.22968956886603
11804.2438849579 7.14218476791902
11848.1567779254 7.0663898567861
11892.2330309682 6.99344838760346
11936.473251801 6.9059851535696
11980.8780503993 6.80241132678001
12025.4480390078 6.71784439419693
12070.1838321489 6.61900604497929
12115.0860466309 6.50831593702267
12160.1553015568 6.46585077528951
12205.3922183327 6.37787316547435
12250.7974206764 6.32195621050125
12296.371534626 6.28651665258005
12342.1151885484 6.1863180208789
12388.0290131483 6.14841627610883
12434.1136414765 6.09577759955971
12480.3697089389 6.04593559304299
12526.7978533051 6.02353143663284
12573.3987147173 6.01586177313097
12620.1729356991 5.97966336715983
12667.1211611643 5.97694532760694
12714.244038426 5.92627011778658
12761.5422172051 5.97075699914402
12809.0163496398 5.96897650708085
12856.667090294 5.96006770392746
12904.495096167 5.93812371262946
12952.5010267019 5.93865491242298
13000.6855437952 5.95095777433107
13049.0493118056 5.94983697669024
13097.5929975632 5.9266857954211
13146.317270379 5.92350292938909
13195.2228020538 5.92229176978218
13244.3102668874 5.92703196687872
13293.5803416882 5.93315979296716
13343.0337057825 5.9265638028679
13392.6710410235 5.96700998678103
13442.4930318013 5.95500233970914
13492.5003650516 5.9798078987344
13542.6937302658 5.98598879529123
13593.0738195003 6.01016979163711
13643.6413273859 6.0094819106147
13694.3969511376 6.02403489558539
13745.3413905639 6.06711734806996
13796.4753480769 6.07769484377225
13847.7995287016 6.11187296642578
13899.3146400859 6.13759239966228
13951.02139251 6.16077752770155
14002.9204988965 6.19842595734695
14055.0126748202 6.22025012113035
14107.2986385179 6.24295560247655
14159.7791108982 6.27813136056281
14212.4548155516 6.31069453250194
14265.3264787606 6.33689297297701
14318.3948295092 6.40043691059322
14371.6605994936 6.40621065568679
14425.1245231318 6.43428348343836
14478.7873375739 6.47129402658773
14532.6497827125 6.49493570065139
14586.7126011923 6.52247080394071
14640.9765384209 6.55941293987546
14695.442342579 6.59105012468344
14750.1107646304 6.6274043503598
14804.9825583328 6.64562376253581
14860.0584802475 6.67729132813936
14915.3392897509 6.70815026104999
14970.8257490437 6.75416434574236
15026.5186231627 6.79546172523491
15082.4186799901 6.85296651299801
15138.5266902652 6.89608216611579
15194.8434275942 6.93813156895378
15251.3696684613 7.02130204102716
15308.1061922393 7.06721380773766
15365.0537812003 7.12398771152021
15422.2132205266 7.1538750585164
15479.5852983214 7.18588417778096
15537.1708056196 7.21636433465987
15594.9705363991 7.23636764489075
15652.9852875913 7.24486540812764
15711.2158590922 7.26725006823637
15769.6630537736 7.27808331848181
15828.327677494 7.24394490486022
15887.2105391099 7.27068644583857
15946.3124504865 7.28481529961726
16005.6342265097 7.30201604160965
16065.1766850963 7.2725844742006
16124.9406472063 7.24928128329722
16184.9269368535 7.21539484419513
16245.1363811172 7.17190623783144
16305.5698101534 7.11738640111668
16366.2280572065 7.06416933149049
16427.1119586206 7.00383626303044
16488.2223538509 6.92203085296934
16549.5600854758 6.84220946162951
16611.1259992079 6.74038663028641
16672.9209439061 6.6513980897473
16734.9457715869 6.53443261323431
16797.2013374366 6.43269446806246
16859.6884998228 6.26546828285589
16922.4081203063 6.12992209179763
16985.3610636531 5.96071648025409
17048.5481978459 5.81784485966709
17111.9703940967 5.66044883984048
17175.6285268585 5.50952333587119
17239.523473837 5.33980882561371
17303.6561160034 5.13673490913544
17368.027337606 4.97532798397458
17432.6380261827 4.78079703780745
17497.489072573 4.59674064257651
17562.5813709306 4.43356297733594
17627.9158187353 4.2327176413404
17693.4933168058 4.06128240021458
17759.3147693119 3.85628206193359
17825.3810837868 3.67118311997495
17891.6931711401 3.60401625590528
17958.2519456698 3.52257848696432
18025.0583250755 3.43527328251596
18092.1132304703 3.35605603483912
18159.4175863943 3.28207963929828
18226.9723208268 3.19972532079159
18294.7783651994 3.10966329115471
18362.8366544084 3.03295248755394
18431.1481268284 2.93658824795559
18499.7137243246 2.83193504838099
18568.5343922661 2.72391272076008
18637.6110795389 2.64455633058124
18706.9447385587 2.5418132688179
18776.5363252847 2.44099944957669
18846.3867992321 2.31454716350016
18916.4971234854 2.19556416525183
18986.8682647123 2.05143177765328
19057.5011931763 1.93503886287533
19128.3968827505 1.80803473243015
19199.5563109307 1.62994085656943
19270.9804588494 1.47577144848544
19342.6703112886 1.310347323683
19414.6268566943 1.15736791093017
19486.851087189 1.00502364572214
19559.3439985865 0.852159097842407
19632.1065904049 0.682385533330053
19705.1398658807 0.519218349524568
19778.4448319822 0.344210756473091
19852.0224994243 0.169557752554862
19925.8738826813 0.0115981670096517
20000.0000000017 0.0115981670096517
