10 4.76416311071049
10.0372009367102 4.76828366103275
10.0745402643896 4.77237101668991
10.1120184978655 4.77642524049063
10.1496361538807 4.78044454478717
10.1873937510998 4.78442849459125
10.2252918101175 4.78837592935511
10.2633308534646 4.79228607803308
10.3015114056161 4.79615778325763
10.3398339929981 4.79999030088401
10.3782991439948 4.80378240734293
10.4169073889563 4.80753315861373
10.4556592602056 4.8112421322881
10.4945552920458 4.81490769085609
10.5335960207679 4.81852923303611
10.5727819846578 4.82210599635929
10.6121137240039 4.82563671410896
10.6515917811047 4.82912093463503
10.6912167002759 4.83255701913034
10.7309890278581 4.83594469485648
10.7709093122244 4.83928317447453
10.8109781037879 4.84257163119996
10.8511959550093 4.8458088724951
10.8915634204045 4.84899391879267
10.9320810565522 4.8521262198369
10.9727494221018 4.85520475932753
11.0135690777806 4.85822928264436
11.0545405864021 4.86119881333361
11.0956645128736 4.86411234550014
11.1369414242037 4.86696924024842
11.1783718895104 4.86976868812817
11.2199564800288 4.87251035359009
11.2616957691193 4.87519294112223
11.3035903322749 4.87781597097593
11.3456407471298 4.88037890298156
11.3878475934668 4.8828805767993
11.4302114532258 4.88532070451572
11.4727329105113 4.8876987407219
11.515412551601 4.89001350210633
11.5582509649534 4.89226496514173
11.6012487412161 4.89445203511872
11.6444064732342 4.89657410338314
11.6877247560581 4.89863051199327
11.7312041869517 4.90062113656125
11.774845365401 4.90254477759602
11.818648893122 4.90440111752949
11.8626153740693 4.90618951302508
11.9067454144441 4.90790926165981
11.9510396227028 4.90956004332811
11.9954986095653 4.91114109104986
12.0401229880234 4.91265192546902
12.0849133733495 4.91409237736475
12.1298703831044 4.91546119011947
12.1749946371469 4.91675865496409
12.2202867576412 4.91798383925689
12.2657473690664 4.91913655982475
12.3113770982243 4.92021583142473
12.3571765742489 4.92122162924951
12.4031464286144 4.92215336331126
12.4492872951442 4.92301064626813
12.4955998100196 4.92379313472637
12.5420846117884 4.92450023163298
12.5887423413741 4.9251320580033
12.6355736420843 4.92568756441616
12.6825791596199 4.92616683883772
12.7297595420838 4.92656927893232
12.7771154399899 4.92689450010491
12.8246475062721 4.92714247108787
12.8723563962932 4.92731232513346
12.9202427678541 4.92740432516243
12.9683072812028 4.92741790778
13.0165505990434 4.9273529746702
13.0649733865454 4.92720880375849
13.1135763113527 4.9269856193405
13.162360043593 4.92668289621546
13.2113252558868 4.92630049491451
13.260472623357 4.92583818981314
13.3098028236379 4.92529589241416
13.3593165368846 4.92467329786901
13.4090144457825 4.92397032081257
13.4588972355569 4.92318689267471
13.5089655939818 4.9223227516585
13.5592202113899 4.92137805970052
13.6096617806823 4.92035266925393
13.6602909973373 4.9192465224855
13.7111085594207 4.91805983226372
13.7621151675953 4.91679250690121
13.8133115251301 4.9154442175649
13.8646983379105 4.91401539130588
13.9162763144479 4.91250557949341
13.9680461658894 4.91091530487062
14.0200086060276 4.90924451628957
14.0721643513105 4.90749334839479
14.1245141208514 4.90566176490763
14.1770586364386 4.90376442758717
14.2297986225456 4.90178708781462
14.2827348063412 4.89972997600682
14.3358679176991 4.89759313047045
14.3891986892083 4.89537666217992
14.442727856183 4.89308104425208
14.496456156673 4.89070606222107
14.5503843314737 4.88825221774665
14.6045131241361 4.88571935835165
14.6588432809775 4.88310788367725
14.7133755510915 4.88041824933053
14.7681106863584 4.87765043171543
14.8230494414556 4.87480487128575
14.8781925738679 4.87188164168183
14.9335408438982 4.86888106151187
14.9890950146774 4.8658033854556
15.0448558521758 4.86264885141776
15.1008241252129 4.85941799884617
15.1570006054682 4.8561110336787
15.2133860674922 4.85272831027758
15.2699812887167 4.84927006525131
15.3267870494654 4.84573661800072
15.3838041329651 4.84212822495249
15.4410333253564 4.83844526669773
15.498475415704 4.8346883092144
15.5561311960084 4.83085756638094
15.6140014612162 4.82695350847335
15.6720870092313 4.82297626062011
15.730388640926 4.81892640272335
15.7889071601517 4.8148044212141
15.8476433737505 4.81061052235998
15.9065980915658 4.80634521215628
15.9657721264536 4.80200876481778
16.0251662942941 4.79760176296179
16.0847814140026 4.79312460234257
16.1446183075405 4.78857761300792
16.2046777999274 4.78396150490775
16.2649607192518 4.77927658793488
16.3254678966828 4.77452331358042
16.3862001664817 4.76970195861338
16.447158366013 4.76481340842164
16.5083433357566 4.75985794281969
16.569755919319 4.7548360426874
16.6313969634448 4.74974813960932
16.6932673180286 4.74459481130629
16.7553678361271 4.73937665247722
16.8176993739698 4.73409406866564
16.880262790972 4.72874759249124
16.9430589497458 4.72333797289598
17.0060887161124 4.71786557374085
17.069352959114 4.71233115578805
17.1328525510256 4.70673502213905
17.1965883673671 4.70107799939739
17.2605612869157 4.69536063767781
17.3247721917173 4.68958364596361
17.3892219670996 4.68374729701646
17.4539115016833 4.677852674332
17.5188416873952 4.67190024740161
17.5840134194801 4.66589073752742
17.649427596513 4.65982497045127
17.7150851204118 4.65370317793129
17.7809868964498 4.64752641078316
17.8471338332678 4.64129499374398
17.9135268428867 4.63501007103901
17.9801668407205 4.62867207527835
18.0470547455885 4.62228178075272
18.1141914797281 4.61584012358668
18.1815779688074 4.60934758032447
18.2492151419383 4.60280516994907
18.3171039316889 4.59621369070293
18.3852452740965 4.58957369569626
18.4536401086808 4.5828862137172
18.5222893784564 4.5761518742342
18.5911940299459 4.56937162072549
18.6603550131934 4.56254622560355
18.7297732817769 4.55567658672321
18.799449792822 4.54876351965879
18.8693855070149 4.54180790260583
18.9395813886156 4.53481069102347
19.0100384054711 4.52777251626302
19.0807575290291 4.52069434429711
19.151739734351 4.51357723615769
19.2229860001258 4.50642189310406
19.2944973086829 4.4992293971746
19.3662746460064 4.49200062238189
19.4383190017482 4.48473614615197
19.5106313692418 4.47743700516121
19.5832127455161 4.47010435641601
19.6560641313089 4.46273883244859
19.7291865310809 4.45534147497134
19.8025809530295 4.44791336439112
19.8762484091027 4.44045532549291
19.950189915013 4.43296832480099
20.0244064902514 4.42632549071704
20.0988991581017 4.41960538893001
20.1736689456542 4.41280856780969
20.2487168838201 4.40593560451155
20.3240440073458 4.39898700324124
20.3996513548271 4.39196368715816
20.4755399687231 4.38486591444507
20.5517108953714 4.37769438051614
20.6281651850019 4.37044959257055
20.7049038917513 4.36313256740041
20.7819280736781 4.3557437462535
20.8592387927765 4.34828369625573
20.9368371149918 4.34075335285983
21.0147241102344 4.33315354529071
21.092900852395 4.32548449404638
21.1713684193594 4.31774736838658
21.2501278930231 4.30994263892728
21.3291803593062 4.30207131511473
21.4085269081689 4.29413418557684
21.4881686336258 4.28613168167314
21.5681066337615 4.27806475430378
21.6483420107456 4.26993373079388
21.7288758708478 4.26173996568129
21.8097093244533 4.25348397759907
21.8908434860779 4.24516698626077
21.9722794743837 4.23678927470439
22.0540184121942 4.22835199528782
22.1360614265099 4.21985567563279
22.2184096485239 4.21130134864988
22.3010642136375 4.20268992087331
22.3840262614756 4.19402216997998
22.4672969359028 4.18529887432698
22.5508773850389 4.17652084721058
22.6347687612749 4.16768893278849
22.7189722212887 4.1588042763905
22.8034889260611 4.149867330666
22.8883200408921 4.140879256024
22.9734667354164 4.13184082694222
23.0589301836202 4.12275291494925
23.1447115638567 4.11361619669991
23.230812058863 4.10443204583653
23.3172328557757 4.09520084934703
23.4039751461482 4.08592382255639
23.491040125966 4.07660152266541
23.5784289956642 4.06723494734297
23.6661429601435 4.05782507814329
23.754183228787 4.0483728301317
23.8425510154766 4.03887857366813
23.9312475386102 4.02934376174872
24.0202740211181 4.01976912417939
24.1096316904802 4.01015527220351
24.1993217787425 4.00050334166651
24.2893455225345 3.99081411253449
24.3797041630861 3.98108847916997
24.4703989462445 3.97132688458763
24.5614311224917 3.96153010933086
24.6528019469616 3.95169930663894
24.7445126794573 3.94183513771246
24.8365645844686 3.93193826173706
24.9289589311891 3.92200917908086
25.0216969935341 3.91204878870066
25.1147800501579 3.90205756540943
25.2082093844715 3.89203606648176
25.3019862846603 3.88198506017924
25.3961120437021 3.87190475302391
25.4905879593843 3.86179593813407
25.5854153343225 3.85165883715988
25.6805954759781 3.8414939785869
25.7761296966763 3.83130201661641
25.8720193136242 3.8210827633602
25.9682656489293 3.81083666034673
26.0648700296171 3.80056433001067
26.1618337876502 3.7902658043168
26.2591582599459 3.7799414688512
26.356844788395 3.76959169061386
26.4548947198803 3.75921666660523
26.5533094062951 3.74881657976268
26.6520902045621 3.73839175358317
26.7512384766515 3.72794233761141
26.8507555896003 3.71746867105972
26.9506429155313 3.70697108054707
27.0509018316712 3.69644976778478
27.1515337203705 3.68590500438686
27.2525399691221 3.67533713333976
27.3539219705804 3.66474609324656
27.4556811225806 3.65413220765128
27.5578188281582 3.64349569029832
27.6603364955679 3.63283664881779
27.7632355383033 3.62215549397403
27.8665173751163 3.61145247068607
27.9701834300368 3.60072785516772
28.0742351323921 3.58998178930227
28.1786739168268 3.57921442412633
28.2835012233224 3.56841338289019
28.3887184972175 3.5575785276603
28.4943271892273 3.5467096950295
28.6003287554639 3.53580713250658
28.7067246574561 3.52487068108862
28.81351636217 3.51390011003876
28.9207053420286 3.50289557021114
29.0282930749329 3.49185689742466
29.1362810442814 3.48078441222084
29.2446707389912 3.46967811177408
29.3534636535184 3.4585378052105
29.4626612878783 3.44736383862996
29.5722651476666 3.4361561252438
29.6822767440801 3.42491433627839
29.7926975939372 3.4136393253168
29.9035292196989 3.40233073426695
30.0147731494902 3.3909891048342
30.1264309171207 3.37961428289126
30.2385040621058 3.36820635544591
30.3509941296883 3.35676563290535
30.4639026708593 3.34529216360686
30.5772312423796 3.33378625284504
30.6909814068016 3.32224797286014
30.8051547324904 3.31067777569838
30.9197527936455 3.29907570944857
31.0347771703225 3.28744184901807
31.1502294484553 3.27577652891681
31.2661112198773 3.26407972861251
31.3824240823437 3.25235191789473
31.4991696395536 3.24059303598225
31.616349501172 3.22880302367536
31.733965282852 3.21698226678644
31.852018606257 3.20513084388037
31.9705110990833 3.19324881837921
32.0894443950822 3.18133612177083
32.2088201340828 3.16939327960094
32.3286399620146 3.15742013049436
32.4489055309299 3.14541675375738
32.569618499027 3.13338307425971
32.6907805306726 3.12131968147929
32.8123932964254 3.10922606013846
32.9344584730584 3.09710244180017
33.0569777435824 3.08494876250976
33.1799527972693 3.07276517330364
33.3033853296751 3.06055181748063
33.4272770426635 3.04830851729422
33.5516296444293 3.03603549011424
33.6764448495218 3.0237331035311
33.8017243788689 3.01140114662122
33.9274699598002 2.99903977896986
34.0536833260713 2.98664912506563
34.1803662178875 2.97422938845211
34.3075203819277 2.9617805755429
34.4351475713689 2.94930265911102
34.5632495459097 2.93679558584019
34.6918280717952 2.92425979864264
34.8208849218411 2.91169534545379
34.9504218754581 2.89910198412929
35.0804407186764 2.88647973106105
35.2109432441705 2.87382885324504
35.3419312512837 2.86114927736907
35.4734065460531 2.8484411674181
35.6053709412345 2.83570482173408
35.7378262563273 2.82294008676669
35.8707743175993 2.81014740273223
36.0042169581128 2.79732700328179
36.1381560177486 2.78447892268411
36.2725933432325 2.77160352371643
36.40753078816 2.75870096943408
36.5429702130224 2.74577153510279
36.6789134852321 2.73281560728483
36.8153624791483 2.71983368756789
36.9523190761032 2.70682585073954
37.0897851644277 2.69379282659414
37.2277626394773 2.68073497195775
37.3662534036585 2.66765272900339
37.5052593664551 2.65454674093238
37.6447824444542 2.64141754494073
37.7848245613726 2.62826570728918
37.9253876480839 2.61509203779747
38.0664736426444 2.60189721051151
38.2080844903204 2.58868176284846
38.3502221436146 2.57544663279208
38.4928885622931 2.5621921022169
38.6360857134129 2.54891909156168
38.7798155713483 2.53562815779082
38.9240801178185 2.52232054727373
39.068881341915 2.50899655975159
39.2142212401288 2.49565747882647
39.3601018163781 2.4823038124468
39.5065250820358 2.46893644762207
39.6534930559574 2.45555629911077
39.8010077645086 2.44216391563879
39.9490712415935 2.42876035986971
40.0976855286824 2.4153466379815
40.2468526748401 2.40192339288764
40.3965747367541 2.38849147216591
40.5468537787631 2.37505193848234
40.6976918728852 2.36160552171076
40.8490910988465 2.34815327457116
41.0010535441102 2.33469608140539
41.1535813039047 2.32123540486417
41.3066764812531 2.30777185358486
41.4603411870018 2.29430656309598
41.6145775398498 2.28084056414678
41.7693876663778 2.26737493821742
41.9247737010778 2.25391074799314
42.080737786382 2.24044907941881
42.2372820726929 2.2269909627306
42.3944087184125 2.2135370879571
42.5521198899724 2.20008902395023
42.7104177618635 2.18664744811697
42.869304516666 2.17321370164208
43.0287823450793 2.15978866691645
43.1888534459529 2.14637352783672
43.3495200263157 2.13296946540948
43.5107843014072 2.11957743105901
43.6726484947079 2.10619831120506
43.8351148379697 2.09283353422846
43.9981855712467 2.07948367616445
44.1618629429266 2.06615010238149
44.3261492097609 2.05283388553603
44.4910466368967 2.03953617698283
44.6565574979076 2.02625798513678
44.822684074825 2.01300032702954
44.9894286581698 1.99976443100346
45.1567935469838 1.98655108299205
45.3247810488614 1.97336105049809
45.4933934799815 1.960195651399
45.6626331651395 1.94705565686171
45.8325024377791 1.93394224756241
46.0030036400248 1.92085618374814
46.1741391227139 1.90779905314247
46.345911245429 1.89477154499407
46.5183223765307 1.88177495096968
46.69137489319 1.86881026931715
46.8650711814213 1.85587891790747
47.0394136361151 1.84298172142856
47.2144046610712 1.83011982077347
47.3900466690317 1.81729415197888
47.5663420817144 1.80450585866126
47.743293329846 1.7917557523569
47.9209028531959 1.77904470100563
48.0991731006096 1.76637384272551
48.2781065300423 1.75374407920062
48.4577056085935 1.74115609555897
48.63797281254 1.7286105211556
48.8189106273711 1.71610830815978
49.000521547822 1.70365056683667
49.1828080779086 1.69123772732967
49.3657727309621 1.67887044886492
49.5494180296635 1.6665493869494
49.7337465060782 1.65427558822156
49.9187607016915 1.64204967576618
50.1044631674429 1.62987232838903
50.2908564637618 1.61774455245815
50.4779431606027 1.6056668717223
50.6657258374805 1.59364028110288
50.854207083506 1.58166555437591
51.043389497422 1.56974348963399
51.2332756876387 1.55787497472264
51.4238682722698 1.54606080011655
51.6151698791687 1.53430224242736
51.8071831459647 1.52260056253494
51.9999107200992 1.51095665693822
52.1933552588626 1.49937173019814
52.3875194294302 1.48784725721984
52.5824059089 1.47638441122647
52.7780173843286 1.46498449444925
52.9743565527689 1.45364868008613
53.1714261213071 1.44237837261071
53.3692288070999 1.43117505536329
53.5677673374123 1.42003974730982
53.7670444496548 1.40897390250588
53.9670628914213 1.39797860645921
54.1678254205271 1.38705545472609
54.3693348050468 1.37620546850109
54.5715938233525 1.3654299804001
54.7746052641521 1.35473017402814
54.9783719265278 1.34410716707596
55.1828966199745 1.33356206836481
55.3881821644389 1.32309599299749
55.594231390358 1.31270949226254
55.8010471386984 1.30240372052392
56.0086322609952 1.2921793409085
56.2169896193917 1.28203736808343
56.4261220866785 1.2719783673104
56.6360325463332 1.26200324285493
56.8467238925604 1.25211258986515
57.0581990303312 1.24230699338244
57.2704608754236 1.23258729332526
57.4835123544625 1.22295415020356
57.6973564049602 1.21340821088237
57.9119959753568 1.20394997923997
58.1274340250607 1.19457995874535
58.3436735244898 1.18529862191632
58.5607174551122 1.17610629656731
58.7785688094872 1.16700348618509
58.9972305913069 1.15799046334855
59.2167058154372 1.14906793461505
59.4369975079597 1.14023571114449
59.6581087062134 1.13149441386169
59.8800424588363 1.12284402714845
60.1028018258077 1.11428521368028
60.3263898784903 1.10581833420141
60.5508096996726 1.09744379547494
60.7760643836113 1.08916213666094
61.0021570360742 1.08097373568709
61.2290907743825 1.07287939418404
61.4568687274545 1.06487933412149
61.685494035848 1.0569742809729
61.9149698518044 1.04916472001574
62.1452993392914 1.0414513217097
62.376485674047 1.03383466929185
62.6085320436233 1.02631527000028
62.8414416474305 1.01889386532719
63.0752176967808 1.01157101272777
63.3098634149326 1.00434707996303
63.5453820371355 0.997222451529691
63.7817768106743 0.990197622613723
64.0190509949139 0.983273274971316
64.2572078613447 0.976449860862587
64.4962506936269 0.969727669034786
64.7361827876367 0.963106970206399
64.9770074515108 0.956588122356791
65.2187280056928 0.950171381695966
65.4613477829786 0.943856605432507
65.7048701285624 0.937644081019449
65.9492984000827 0.931533715093746
66.1946359676689 0.92552528034851
66.4408862139876 0.919618517337313
66.688052534289 0.913813237730237
66.9361383364543 0.908109182774839
67.1851470410421 0.902505752796531
67.4350820813359 0.897002725899374
67.6859469033913 0.891599898876258
67.9377449660834 0.886297081963467
68.190479741155 0.881093340088865
68.4441547132637 0.875989017469419
68.6987733800307 0.870983542151355
68.9543392520884 0.866076740766497
69.2108558531293 0.861268686406336
69.4683267199542 0.856558868338857
69.7267554025213 0.851947288343117
69.9861454639949 0.847434003703433
70.2465004807944 0.843019027140075
70.5078240426442 0.838702059153506
70.7701197526224 0.834483173760736
71.0333912272113 0.83036212858929
71.2976420963466 0.826338884625215
71.5628760034677 0.8224130986263
71.8290966055681 0.818584734022753
72.0963075732454 0.814853381297582
72.3645125907524 0.811218732760486
72.6337153560475 0.807680424223158
72.903919580846 0.804237859245958
73.1751289906711 0.800890594540503
73.4473473249052 0.797637747620412
73.7205783368417 0.794478459008554
73.9948257937363 0.79141199898521
74.2700934768597 0.788437156494365
74.5463851815488 0.785552761003744
74.82370471726 0.782757512686428
75.1020559076207 0.780050216403147
75.3814425904831 0.777429510640397
75.6618686179762 0.774893571887346
75.9433378565593 0.772440835750918
76.2258541870754 0.770069719730983
76.5094215048047 0.767778327798966
76.7940437195179 0.765564872836019
77.0797247555308 0.763427384163915
77.3664685517576 0.761364116888557
77.654279061766 0.75937288771286
77.9431602538311 0.757451793459056
78.2331161109905 0.755598935708186
78.524150631099 0.753812164082562
78.8162678268838 0.752090153945428
79.1094717259999 0.750430719041529
79.4037663710853 0.748832330816616
79.6991558198174 0.747293075354814
79.9956441449681 0.745811410925628
80.2932354344608 0.744385492197662
80.5919337914261 0.74301443358809
80.8917433342586 0.741696035327494
81.192668196674 0.740428907309004
81.4947125277655 0.739211522367861
81.7978804920615 0.738042534311128
82.1021762695827 0.736919992907371
82.4076040558999 0.735842404964253
82.714168062192 0.734808238322239
83.0218725153037 0.733815826527338
83.3307216578039 0.732863558118363
83.6407197480444 0.73194961497936
83.9518710602185 0.731072332007152
84.2641798844197 0.730229871205578
84.5776505267013 0.729420825850425
84.8922873091352 0.72864304560758
85.2080945698721 0.727894585434103
85.525076663201 0.727173446461756
85.8432379596091 0.726477259081494
86.1625828458423 0.725803940636981
86.4831157249656 0.725150959344296
86.804841016424 0.724515951676694
87.1277631561029 0.723896618778052
87.4518865963899 0.723290450429007
87.7772158062356 0.722694853399513
88.103755271216 0.722107683858564
88.4315094935933 0.721526395780147
88.760482992379 0.72094838897972
89.0906803033954 0.720371447736452
89.4221059793388 0.719793165899131
89.7547645898416 0.719211419826224
90.088660721536 0.718624258510038
90.4237989781166 0.718029719508062
90.7601839804045 0.717425881096186
91.0978203664104 0.716810821042993
91.436712791399 0.716182411200591
91.7768659279529 0.715539259951088
92.1182844660374 0.714879175053963
92.4609731130645 0.714200555373129
92.8049365939585 0.713501615920726
93.1501796512209 0.712780785212754
93.4967070449956 0.712036305481882
93.8445235531347 0.711266355204977
94.1936339712644 0.710469560325316
94.5440431128511 0.709644390484391
94.8957558092676 0.708789369922541
95.2487769098601 0.707902976147978
95.6031112820147 0.706984082183573
95.9587638112245 0.706031012014462
96.3157394011573 0.705042384182555
96.674042973723 0.704016858939784
97.0336794691412 0.702953363908787
97.39465384601 0.701850682935539
97.7569710813735 0.700707866220607
98.1206361707911 0.699523711341011
98.4856541284063 0.698297422528367
98.8520299870155 0.697028355058499
99.2197687981374 0.695715557116391
99.5888756320832 0.694358390871714
99.9593555780259 0.692956151796445
100.331213744071 0.691508341879655
100.704455257326 0.690014414130999
101.079085263972 0.688474112731925
101.455108929334 0.686887008175995
101.832531437955 0.685252971450347
102.211357993661 0.683571802454269
102.591593819639 0.681843307275439
102.973244158507 0.68006738367463
103.356314272386 0.678243519859448
103.74080944297 0.676371931145898
104.126734971605 0.674452280278658
104.514096179357 0.672484436673389
104.902898407086 0.670468361781853
105.293147015521 0.668403930535713
105.684847385335 0.666291569634693
106.078004917216 0.664131200434143
106.472625031943 0.66192274570431
106.868713170461 0.659666270036705
107.266274793956 0.657362482506327
107.665315383931 0.655011398607315
108.065840442278 0.652613338847096
108.467855491361 0.650168823640034
108.871366074083 0.647678419404897
109.27637775397 0.645142523300945
109.682896115245 0.642561963159169
110.090926762902 0.639937765311283
110.500475322789 0.637270383301002
110.911547441682 0.634561096102201
111.324148787363 0.631810585725225
111.738285048698 0.629019615177217
112.153961935718 0.626189433424924
112.571185179695 0.623320737461697
112.98996053322 0.620414761303889
113.410293770289 0.617472169371879
113.832190686372 0.614493592364002
114.255657098502 0.611479739021722
114.680698845352 0.608431154367802
115.107321787315 0.605348174502272
115.535531806584 0.602231390436843
115.965334807235 0.599081091494269
116.396736715309 0.595898120123821
116.829743478891 0.592682659776603
117.264361068193 0.589435198572171
117.700595475639 0.586156726943963
118.138452715943 0.582847455059281
118.577938826195 0.579508192302412
119.019059865945 0.576139628303067
119.461821917283 0.572742461373127
119.906231084925 0.569317288362315
120.3522934963 0.5658648491722
120.800015301628 0.562385979007673
121.24940267401 0.558881032238437
121.700461809513 0.555350834148174
122.15319892725 0.551796038622179
122.607620269474 0.548217470455293
123.063732101657 0.544615708432882
123.52154071258 0.540991477640831
123.981052414419 0.53734513327714
124.442273542832 0.53367741044375
124.905210457046 0.529988690494709
125.369869539945 0.526279354445985
125.836257198157 0.522549503625905
126.304379862144 0.518799550809203
126.774243986291 0.51502984982896
127.245856048992 0.511240797008844
127.719222552743 0.507432553428734
128.194350024229 0.50360502397946
128.671245014415 0.499758629499466
129.149914098635 0.495893645011618
129.630363876686 0.492010525989652
130.112600972915 0.488109481782527
130.596632036314 0.484191362378078
131.082463740608 0.480256482941885
131.570102784351 0.476305587141296
132.059555891015 0.47233922037545
132.550829809082 0.468358228350689
133.043931312143 0.464363571374649
133.538867198985 0.460355928752671
134.035644293687 0.456336131519611
134.534269445714 0.452305102766861
135.034749530014 0.448263906638869
135.537091447108 0.4442130892783
136.041302123189 0.440153371410084
136.547388510214 0.436085838121035
137.055357586005 0.43201116187186
137.56521635434 0.427930096422614
138.076971845052 0.423843623729689
138.590631114126 0.419752183299551
139.106201243796 0.415656533157098
139.623689342642 0.411557485668696
140.14310254569 0.407454848254043
140.664448014507 0.403349109596165
141.187732937303 0.399240452472825
141.712964529029 0.395128912574757
142.240150031474 0.391014913286202
142.769296713371 0.386898398012739
143.30041187049 0.382779922285366
143.833502825744 0.378659445322483
144.368576929286 0.374537839319888
144.905641558614 0.370415471688751
145.444704118671 0.366292945994121
145.985772041946 0.362170780106084
146.528852788578 0.358049289333002
147.073953846458 0.353929259328937
147.621082731334 0.349811208247272
148.170246986912 0.345695456948258
148.721454184961 0.34158280351716
149.274711925419 0.337473640100781
149.830027836496 0.333368763845786
150.387409574779 0.329268592370314
150.946864825339 0.325174255275727
151.508401301835 0.321086372911028
152.072026746624 0.317005281708573
152.637748930863 0.312931925157814
153.205575654619 0.308866761463912
153.775514746977 0.304810431542865
154.347574066145 0.300763728314839
154.921761499565 0.296727772009604
155.498084964022 0.292703058382783
156.076552405752 0.288690271970383
156.657171800551 0.284690182778986
157.239951153886 0.280703251200993
157.824898501005 0.276729848272925
158.412021907047 0.272769895194584
159.001329467157 0.268824005588444
159.592829306591 0.264891794878705
160.186529580835 0.260973105240527
160.78243847571 0.257067931272632
161.380564207495 0.253175895093387
161.980915023028 0.249296995691018
162.583499199831 0.245431116967138
163.188325046216 0.241577864355745
163.795400901405 0.237737199888593
164.40473513564 0.233908174130257
165.016336150303 0.230090337473428
165.630212378031 0.226283473248484
166.246372282828 0.222487114302929
166.864824360187 0.21870095153965
167.485577137204 0.214924739341411
168.108639172699 0.211158675565751
168.734019057329 0.207402413904858
169.36172541371 0.203656011596803
169.991766896534 0.199919677930045
170.624152192691 0.19619335488824
171.258890021386 0.192477236631531
171.89598913426 0.188771856010191
172.535458315511 0.185077532300563
173.177306382017 0.181394731530676
173.821542183453 0.17772390859295
174.468174602416 0.174065017099129
175.117212554548 0.170418809254367
175.768664988659 0.166785212925973
176.422540886846 0.163164491217238
177.078849264624 0.159556613375645
177.737599171045 0.155961425440389
178.398799688823 0.152379265113831
179.062459934462 0.148810054962662
179.728589058382 0.145253702689545
180.397196245039 0.141710325131786
181.068290713059 0.138179895069191
181.741881715363 0.134662198476943
182.417978539291 0.131157241480481
183.096590506735 0.12766491805098
183.777726974264 0.124184909963143
184.461397333255 0.120717127611896
185.147611010021 0.117261761347234
185.836377465944 0.113818547562773
186.5277061976 0.11038757356452
187.221606736895 0.106968573612943
187.918088651195 0.103561348598618
188.617161543456 0.100165386089921
189.318835052359 0.0967805600958913
190.023118852442 0.0934067726388657
190.730022654232 0.0900438263683663
191.439556204381 0.0866918482661916
192.151729285799 0.0833512853380833
192.86655171779 0.0800225832635517
193.584033356187 0.0767058171765198
194.304184093485 0.0734015725023438
195.027013858983 0.0701100186638115
195.752532618918 0.0668315531739045
196.480750376599 0.0635659589601802
197.211677172552 0.0603131234652263
197.945323084652 0.0570734358650276
198.681698228267 0.0538470257245693
199.420812756393 0.0506348721643191
200.162676859797 0.0474377337739007
200.907300767158 0.0442562694905666
201.654694745203 0.0410914124924995
202.404869098855 0.0379436645802276
203.157834171373 0.0348138302345466
203.913600344492 0.031702132041751
204.672178038568 0.0286089259887223
205.433577712722 0.0255343807589981
206.197809864986 0.0224789333063091
206.964885032443 0.0194429629484301
207.734813791375 0.0164268022302991
208.50760675741 0.0134308443919071
209.283274585667 0.0104550875070002
210.061827970903 0.00749970818445078
210.84327764766 0.0045645245060113
211.627634390414 0.00164944997587746
212.414909013722 -0.00124584506927761
213.205112372374 -0.00412169455742362
213.998255361539 -0.00697884011303884
214.794348916918 -0.0098177523658638
215.593404014895 -0.0126388015495609
216.395431672684 -0.0154422820648037
217.200442948486 -0.0182287659091429
218.008448941641 -0.0209984783526878
218.819460792778 -0.0237520323995488
219.633489683968 -0.0264899249707549
220.450546838885 -0.0292126204286269
221.270643522953 -0.0319205215116884
222.093791043505 -0.0346138448059703
222.920000749938 -0.0372927854724088
223.749284033871 -0.0399571588493375
224.5816523293 -0.042606407555529
225.417117112757 -0.0452401952811776
226.255689903467 -0.0478579293222916
227.097382263509 -0.0504585074138166
227.942205797972 -0.0530411969877669
228.790172155119 -0.0556047739067171
229.641293026544 -0.0581483441039152
230.495580147337 -0.060670737410466
231.35304529624 -0.0631711541842073
232.213700295818 -0.0656490921550503
233.077557012612 -0.0681028739408527
233.944627357311 -0.0705315547573484
234.814923284911 -0.0729341781205113
235.688456794884 -0.0753095387284963
236.565239931339 -0.0776565885685185
237.44528478319 -0.0799742343279899
238.328603484325 -0.0822618787810319
239.215208213769 -0.0845186782502401
240.105111195857 -0.0867444817580134
240.998324700395 -0.0889391835862607
241.894861042839 -0.0911034251533733
242.794732584456 -0.0932371834984602
243.6979517325 -0.0953411761591472
244.60453094038 -0.0974159551604545
245.514482707834 -0.0994623378353081
246.427819581099 -0.101481229229889
247.344554153085 -0.103473092602158
248.264699063551 -0.105438790177663
249.188266999274 -0.107378414707656
250.11527069423 -0.10929291306445
251.045722929764 -0.111182352848312
251.979636534771 -0.113046714853277
252.91702438587 -0.114886426513626
253.85789940758 -0.116701678112901
254.802274572504 -0.11849208166628
255.750162901502 -0.120257251148403
256.701577463874 -0.121996837280024
257.656531377538 -0.123710053232224
258.615037809212 -0.125396637729193
259.577109974596 -0.12705578039522
260.542761138553 -0.128687128808608
261.512004615294 -0.130290310768446
262.484853768559 -0.131865083189487
263.461322011801 -0.133411129108575
264.441422808376 -0.134928115201629
265.42516967172 -0.136415565767346
266.412576165545 -0.137873308328838
267.403655904018 -0.139300515642756
268.398422551953 -0.140696593480108
269.396889825 -0.142061467797604
270.39907148983 -0.143395260690647
271.404981364328 -0.144698055316325
272.414633317784 -0.145970672780082
273.428041271082 -0.147214105652224
274.445219196894 -0.148428985234099
275.466181119869 -0.149616447076052
276.490941116832 -0.15077739068582
277.519513316975 -0.151913089857051
278.551911902049 -0.153024199948452
279.588151106566 -0.154111293571245
280.628245217989 -0.155174981859118
281.672208576933 -0.156215571590317
282.720055577362 -0.157234149945873
283.771800666785 -0.158231569209049
284.827458346459 -0.159208874714493
285.887043171586 -0.160167011167148
286.950569751514 -0.16110714507024
288.018052749942 -0.16203035963416
289.089506885116 -0.162937621876382
290.164946930037 -0.16382948322445
291.244387712663 -0.164706289047938
292.327844116112 -0.165568408766839
293.41533107887 -0.166416178971431
294.506863594997 -0.16724990122824
295.602456714328 -0.168069904576828
296.702125542688 -0.168876464663735
297.805885242097 -0.169669556328865
298.913751030978 -0.170449559408824
300.025738184368 -0.171216553324127
301.14186203413 -0.171970440483197
302.262137969162 -0.172710772447895
303.386581435609 -0.173437271833809
304.51520793708 -0.174149162378678
305.648033034855 -0.17484638177577
306.785072348107 -0.175528620609493
307.926341554112 -0.176195569718884
309.071856388467 -0.176847052946642
310.221632645308 -0.177482294353654
311.375686177524 -0.171751712049486
312.534032896982 -0.165738766597051
313.69668877474 -0.159437604553336
314.86366984127 -0.152847150178281
316.03499218668 -0.145963943973728
317.210671960934 -0.1387910852963
318.390725374075 -0.131327078677256
319.57516869645 -0.12358270463109
320.764018258932 -0.115550713988434
321.957290453147 -0.107241887146368
323.1550017317 -0.0986627548761815
324.3571686084 -0.0898150902150952
325.563807658489 -0.0807064012700616
326.774935518872 -0.0713423668354403
327.990568888343 -0.06174760874705
329.210724527818 -0.0519066073106429
330.435419260565 -0.0418369147084726
331.664669972436 -0.0315532565858235
332.898493612101 -0.021060554817528
334.136907191279 -0.0103756078417506
335.379927784974 0.000497877257283841
336.627572531714 0.0115742507948804
337.879858633779 0.0228245254813259
339.136803357447 0.0342814513267898
340.398424033226 0.0459127710518321
341.664738056097 0.0577014112481889
342.935762885749 0.0696338507396619
344.211516046826 0.0817094423662146
345.492015129163 0.0938783106909012
346.777277788032 0.10612121706578
348.067321744384 0.118444552485717
349.362164785094 0.130823511943096
350.661824763204 0.143287288272743
351.966319598173 0.155820554951889
353.275667276122 0.168417137356591
354.58988585008 0.18106455022688
355.908993440238 0.193755994617927
357.233008234193 0.206483813413813
358.561948487204 0.21922260117313
359.895832522439 0.231975239421051
361.234678731231 0.244772220160128
362.578505573331 0.257576587183599
363.927331577162 0.270413293102421
365.281175340072 0.28329075765396
366.640055528597 0.296239217622592
368.003990878711 0.309208807759054
369.373000196088 0.322244712244582
370.747102356362 0.335356375904217
372.126316305386 0.348516756707693
373.510661059493 0.36176354627855
374.900155705758 0.375016231397723
376.294819402263 0.388310470581466
377.694671378358 0.401585940891184
379.099730934929 0.41486444831237
380.510017444665 0.428124581444606
381.92555035232 0.441314473650474
383.346349174985 0.454425077321976
384.772433502359 0.467464845502051
386.203822997013 0.480347568326415
387.640537394667 0.49305161413814
389.082596504459 0.505552246641742
390.530020209219 0.517836142729142
391.982828465741 0.529872578189513
393.441041305064 0.541688495358827
394.904678832742 0.553178749021225
396.373761229123 0.564456728138683
397.848308749629 0.575489363636539
399.328341725034 0.586316762159732
400.813880561743 0.596939116692082
402.304945742077 0.607371705722614
403.801557824551 0.617614191721745
405.303737444161 0.627665053020485
406.811505312667 0.637699322303661
408.324882218878 0.647592074751667
409.843889028939 0.657420228051544
411.368546686621 0.667110401941624
412.898876213606 0.676694784367567
414.434898709779 0.686098622533271
415.976635353518 0.695366432305422
417.524107401988 0.704456745971492
419.077336191431 0.713531934692659
420.636343137464 0.722516645157267
422.20114973537 0.731446887720145
423.771777560397 0.740343728811541
425.348248268055 0.749147320258176
426.930583594415 0.758023131364824
428.518805356409 0.766928969989534
430.112935452127 0.775741585255341
431.712995861126 0.784608047278051
433.319008644725 0.79347068201236
434.930995946316 0.802371946671837
436.548979991665 0.811262167976584
438.172983089221 0.820138947455279
439.803027630423 0.828881667518261
441.439136090005 0.837510715182808
443.081331026313 0.845858361634008
444.72963508161 0.853964630861457
446.384070982391 0.861902213733118
448.044661539696 0.86959543009694
449.711429649423 0.877106737159554
451.384398292646 0.884433357660595
453.063590535931 0.891674554161657
454.749029531652 0.898785423494081
456.440738518314 0.905867214185621
458.138740820871 0.91280579924832
459.843059851047 0.919613835339471
461.55371910766 0.926175827153818
463.270742176947 0.932396531426765
464.994152732887 0.938408640022966
466.723974537529 0.944044169447811
468.460231441319 0.949436693852776
470.202947383427 0.954543731861157
471.952146392082 0.959538075141988
473.707852584898 0.964400796259119
475.470090169211 0.969234667663806
477.238883442408 0.974133471457115
479.014256792265 0.979160091817518
480.796234697286 0.984198202872848
482.584841727032 0.989245915338248
484.38010254247 0.994388174022934
486.182041896305 0.999730315928487
487.990684633326 1.00513202109469
489.806055690746 1.01067902490571
491.628180098547 1.01634333304253
493.457082979826 1.02208934958775
495.292789551138 1.02787036069468
497.135325122848 1.03350386306137
498.984715099477 1.03900017794625
500.840984980053 1.0442263883464
502.704160358464 1.04927778780956
504.574266923808 1.05404749492781
506.451330460749 1.05840678994583
508.335376849875 1.06255067650286
510.226432068048 1.06631811664249
512.124522188771 1.0697792742485
514.029673382538 1.07279680357503
515.941911917204 1.07544378766818
517.86126415834 1.07763309645453
519.787756569601 1.0792712182462
521.721415713088 1.08054362418748
523.662268249716 1.08142721358393
525.610340939583 1.08186099132434
527.565660642334 1.08186081426771
529.528254317536 1.08139189342003
531.498149025047 1.08046875565948
533.475371925393 1.0790697581922
535.459950280137 1.07733846308441
537.451911452257 1.07508678515958
539.451282906527 1.07237239761095
541.45809220989 1.06913437674926
543.472367031842 1.06543064149066
545.49413514481 1.06120681279196
547.523424424539 1.05637664021052
549.560262850475 1.05091282731332
551.604678506148 1.04491985317234
553.656699579562 1.03844608458024
555.716354363585 1.03131995165607
557.783671256334 1.02369250861213
559.858678761572 1.01555375654028
561.941405489097 1.00697156734746
564.03188015514 0.998025334601025
566.130131582757 0.988449082582758
568.236188702231 0.978453513209025
570.350080551465 0.967735487573235
572.471836276389 0.95644727083868
574.601485131357 0.94448969089743
576.739056479551 0.931692102157431
578.88457979339 0.918116577085227
581.038084654929 0.903888062579264
583.199600756274 0.888885048753267
585.369157899988 0.873295404462446
587.5467859995 0.857192311686558
589.732515079524 0.840761370384638
591.926375276465 0.823958205083071
594.128396838839 0.806593429167784
596.338610127691 0.788820854801389
598.557045617011 0.770326460415826
600.783733894154 0.751295435715924
603.018705660264 0.73141039337553
605.261991730696 0.710412707869106
607.513623035441 0.688467310754727
609.773630619552 0.665537755995019
612.042045643573 0.64149289334362
614.318899383969 0.616229609775304
616.604223233554 0.589760750801612
618.898048701927 0.562235981213899
621.200407415909 0.533473255300203
623.51133111997 0.501387477648532
625.830851676678 0.468861101077975
628.159001067128 0.436090893296234
630.49581139139 0.403178066893222
632.841314868951 0.370389833411073
635.195543839153 0.337904239776973
637.558530761648 0.305759833267004
639.930308216838 0.273887298785766
642.310908906328 0.242412838502418
644.700365653376 0.211064409895128
647.098711403346 0.17982985007394
649.505979224161 0.148709035468809
651.922202306761 0.11773194157561
654.347413965559 0.0868733316163759
656.781647638899 0.0562734683465909
659.224936889521 0.0259089795835727
661.677315405021 -0.00401717949680069
664.138816998315 -0.0334388007727995
666.609475608108 -0.0625098802192348
669.089325299358 -0.0911365540899638
671.578400263749 -0.119467970631788
674.076734820163 -0.147266544690783
676.584363415148 -0.174790492681501
679.101320623398 -0.202024430911573
681.627641148229 -0.228806516842619
684.163359822055 -0.255279134504233
686.708511606871 -0.281285152294823
689.263131594734 -0.306842337105495
691.827255008246 -0.331725551279435
694.400917201039 -0.356215130143465
696.984153658268 -0.380114185334527
699.576999997092 -0.403913372647546
702.179491967171 -0.427306773455383
704.791665451156 -0.450416515071035
707.413556465187 -0.472932711713778
710.045201159385 -0.495041194805607
712.686635818355 -0.516586896853656
715.337896861682 -0.537390484803606
717.999020844436 -0.557524563621341
720.670044457676 -0.576861874552758
723.351004528956 -0.595658962127484
726.041938022828 -0.614022677212969
728.74288204136 -0.632095006141418
731.453873824642 -0.649897055758549
734.174950751298 -0.667306743214198
736.906150339008 -0.68427926082882
739.647510245018 -0.700883204382531
742.399068266665 -0.717201782163048
745.160862341893 -0.733531886570072
747.932930549781 -0.74971498556816
750.715311111065 -0.765818550584118
753.508042388666 -0.781489879893389
756.311162888217 -0.796675460786076
759.124711258597 -0.811265469757577
761.948726292463 -0.824957920714658
764.783246926784 -0.837662226469453
767.628312243377 -0.849669580414396
770.483961469448 -0.860578022389399
773.350233978131 -0.870566660180099
776.227169289033 -0.879360958319644
779.114807068777 -0.887147474527643
782.01318713155 -0.894102046521638
784.92234943965 -0.900169000376263
787.842334104041 -0.90518658144499
790.773181384902 -0.909342162619316
793.714931692182 -0.912720390186065
796.667625586163 -0.915555129387311
799.63130377801 -0.917943428238399
802.606007130343 -0.919909431018064
805.591776657789 -0.921438132586825
808.588653527558 -0.922709629830806
811.596679060002 -0.923690979861618
814.615894729193 -0.92443186896244
817.646342163485 -0.925162490813909
820.688063146098 -0.925621384608151
823.741099615688 -0.925731404178556
826.805493666926 -0.925373881295181
829.881287551079 -0.924489320451201
832.968523676594 -0.923418166087389
836.06724460968 -0.922057202837777
839.177493074898 -0.920669853648899
842.299311955746 -0.919151251632329
845.432744295255 -0.917333215484287
848.577833296579 -0.915469748034116
851.734622323592 -0.913492274560753
854.903154901485 -0.911211389841728
858.083474717367 -0.908806659528439
861.275625620868 -0.906329313713066
864.479651624742 -0.903839152729395
867.695596905475 -0.901120045413682
870.923505803893 -0.898359117338279
874.163422825774 -0.895262373413175
877.415392642464 -0.89198576525394
880.679460091487 -0.88825172140316
883.955670177168 -0.883943816405603
887.244068071255 -0.878973926474819
890.544699113535 -0.873892716866438
893.857608812465 -0.86829162031553
897.1828428458 -0.862381257384936
900.520447061216 -0.856383940102896
903.870467476951 -0.850252965510677
907.232950282432 -0.844388323404271
910.607941838916 -0.838840216061747
913.99548868013 -0.833393640858565
917.395637512907 -0.828005760367216
920.808435217838 -0.822565859946788
924.233928849912 -0.816811741744214
927.672165639167 -0.810849531641836
931.12319299134 -0.804646546344621
934.587058488525 -0.798342321728354
938.063809889823 -0.791681866375178
941.553495132005 -0.784812860364942
945.056162330171 -0.777638312425173
948.571859778412 -0.770359551005908
952.100635950479 -0.76295564673587
955.64253950045 -0.755928659977405
959.197619263401 -0.74925015430825
962.765924256078 -0.743031177849529
966.347503677575 -0.737379201057218
969.942406910009 -0.732438121938568
973.550683519207 -0.727945895748647
977.172383255382 -0.72419089539855
980.807556053824 -0.720989905503167
984.456252035586 -0.718192956035816
988.118521508177 -0.715454445813473
991.794414966255 -0.712734419373398
995.483983092322 -0.71029920621574
999.187276757423 -0.708204795848438
1002.90434702185 -0.705957733684929
1006.63524513584 -0.703502995588856
1010.3800225403 -0.70121281677541
1014.13873086747 -0.698929488934015
1017.9114219417 -0.696761955480442
1021.69814778013 -0.694860824265007
1025.49896059337 -0.692747746892723
1029.31391278631 -0.690471457304469
1033.14305695876 -0.687878414473325
1036.98644590621 -0.685025492223568
1040.84413262056 -0.681866831943223
1044.71617029083 -0.67888061477538
1048.60261230394 -0.67616328539993
1052.50351224539 -0.673510545630903
1056.41892390001 -0.670554386633697
1060.34890125276 -0.667295309494376
1064.29349848938 -0.663842736978228
1068.25276999721 -0.660296796464594
1072.22677036593 -0.656815236164299
1076.21555438826 -0.653391899600594
1080.21917706079 -0.650234443919583
1084.23769358469 -0.647082424273325
1088.27115936647 -0.644243856031171
1092.31963001878 -0.641456795476433
1096.38316136114 -0.638554412467407
1100.46180942073 -0.636229146964199
1104.55563043316 -0.634004418773669
1108.66468084322 -0.631773967063072
1112.7890173057 -0.62948538567788
1116.92869668616 -0.627254977649811
1121.08377606168 -0.625035596130633
1125.25431272169 -0.622927087899555
1129.44036416873 -0.620873766607279
1133.64198811927 -0.61887089940339
1137.85924250447 -0.616713814419816
1142.09218547102 -0.614313427925198
1146.34087538191 -0.611449850320692
1150.60537081725 -0.608399971351922
1154.88573057506 -0.604848397369327
1159.18201367212 -0.600932184234967
1163.49427934474 -0.596699343594778
1167.8225870496 -0.592410790267264
1172.16699646455 -0.588273764459318
1176.52756748948 -0.584417240393382
1180.90436024707 -0.5806005354315
1185.2974350837 -0.576856892254309
1189.70685257023 -0.572801026176901
1194.13267350285 -0.568654787579083
1198.5749589039 -0.56465343983033
1203.03377002276 -0.560394675543503
1207.50916833664 -0.555715142728024
1212.00121555147 -0.550911927713148
1216.50997360271 -0.54560050088503
1221.03550465623 -0.540122445877948
1225.57787110919 -0.534304054276033
1230.13713559085 -0.528219581276245
1234.71336096344 -0.521702617019681
1239.30661032308 -0.515067803201049
1243.9169470006 -0.508118030361922
1248.54443456241 -0.500962037689904
1253.18913681141 -0.493692805624864
1257.85111778785 -0.486386804049831
1262.53044177021 -0.479135651911943
1267.22717327611 -0.472418296480821
1271.94137706315 -0.465705023623876
1276.67311812987 -0.459117132504453
1281.42246171659 -0.452634211273912
1286.18947330632 -0.445937984355858
1290.97421862569 -0.439086480977613
1295.77676364585 -0.431813323650225
1300.59717458334 -0.424333983649634
1305.43551790105 -0.416753831096949
1310.29186030912 -0.409069338580803
1315.16626876584 -0.401499472260564
1320.05881047861 -0.393596896204942
1324.96955290485 -0.385559901042763
1329.8985637529 -0.377558607705916
1334.84591098301 -0.369630980320775
1339.81166280824 -0.361561194026024
1344.79588769541 -0.353653883600591
1349.79865436604 -0.345773521421476
1354.82003179729 -0.337872806170436
1359.86008922295 -0.329613550098447
1364.91889613434 -0.321185549376944
1369.9965222813 -0.312381422596921
1375.09303767316 -0.303423499178702
1380.20851257966 -0.294521812257116
1385.343017532 -0.285121595844799
1390.49662332371 -0.27566086114334
1395.6694010117 -0.265975906416067
1400.86142191724 -0.256553208051441
1406.07275762689 -0.247280315057591
1411.30347999353 -0.238110423204111
1416.55366113734 -0.228637839426103
1421.82337344679 -0.219404750008653
1427.11268957965 -0.210238815719189
1432.42168246399 -0.201104167936581
1437.75042529915 -0.192166220685481
1443.09899155681 -0.183243408738839
1448.46745498195 -0.174054715180358
1453.85588959391 -0.164667460272211
1459.26436968736 -0.155301003468836
1464.69296983337 -0.145996746325014
1470.14176488043 -0.136770773061334
1475.61082995546 -0.12765957432668
1481.10024046487 -0.118025419345525
1486.61007209556 -0.108381405761309
1492.14040081604 -0.0986600652810434
1497.69130287738 -0.0890939161144111
1503.26285481435 -0.0795841676731879
1508.85513344643 -0.0701596323186404
1514.46821587884 -0.0609932480777911
1520.10217950369 -0.0521239726305822
1525.75710200096 -0.0435522163694735
1531.43306133963 -0.0348995962098844
1537.1301357787 -0.026093346006629
1542.84840386835 -0.017056327738775
1548.58794445092 -0.00835570371979344
1554.34883666208 -8.83954536536891E-05
1560.1311599319 0.00849514915309157
1565.93499398592 0.0167768379397124
1571.76041884628 0.0246890528947592
1577.60751483278 0.0324043718635458
1583.47636256406 0.0401373465797779
1589.36704295864 0.0479589880939795
1595.27963723608 0.0558213299507848
1601.21422691806 0.0637085147930954
1607.17089382956 0.0716511097755372
1613.14972009994 0.0794541802740483
1619.15078816409 0.0871139935567786
1625.17418076356 0.0947411030825407
1631.21998094772 0.102494595645279
1637.28827207488 0.110092638691862
1643.37913781346 0.117640643941131
1649.49266214312 0.12482790865117
1655.62892935595 0.131957281975271
1661.7880240576 0.139261582977108
1667.97003116847 0.146461930007856
1674.17503592487 0.153651564881704
1680.40312388019 0.160525798213341
1686.6543809061 0.166892603341122
1692.9288931937 0.173215063592274
1699.22674725475 0.179634771088669
1705.54802992284 0.185761620017081
1711.89282835457 0.191414976767614
1718.26123003079 0.196816138947945
1724.65332275779 0.201906742614119
1731.06919466848 0.20674713104081
1737.50893422366 0.211640985960244
1743.9726302132 0.216128097241702
1750.46037175728 0.220652287215367
1756.97224830763 0.224856648160376
1763.50834964871 0.228834176244007
1770.06876589903 0.232796006979173
1776.65358751231 0.236686366850796
1783.26290527881 0.240206764051194
1789.8968103265 0.243460380655046
1796.55539412237 0.246457798256371
1803.23874847367 0.248848134007508
1809.94696552921 0.251274263793817
1816.68013778055 0.253586950864799
1823.43835806337 0.255523888273453
1830.22171955869 0.25764616558606
1837.03031579418 0.259346694951617
1843.86424064544 0.260821826474876
1850.72358833728 0.262021813866728
1857.60845344505 0.263221960400621
1864.51893089594 0.264520131441236
1871.45511597026 0.265763873231771
1878.41710430278 0.266849151018748
1885.40499188403 0.267821730031137
1892.41887506164 0.268678443400155
1899.45885054167 0.269156463062407
1906.52501538993 0.269369144166337
1913.61746703332 0.269688763747316
1920.73630326118 0.270438107991911
1927.88162222663 0.270918912617711
1935.05352244795 0.271345078474933
1942.25210280989 0.271399473039988
1949.47746256507 0.271719044912915
1956.72970133535 0.272148177559131
1964.00891911318 0.272516066829745
1971.315216263 0.272729156326754
1978.6486935226 0.272729156326752
1986.00945200454 0.272788817567683
1993.39759319752 0.272738353071366
2000.8132189678 0.272558435108833
2008.25643156057 0.271864805869264
2015.7273336014 0.271250286895683
2023.22602809763 0.270325239207423
2030.75261843979 0.269300381031904
2038.30720840305 0.268215250501257
2045.88990214862 0.267008952263678
2053.50080422521 0.265361452094352
2061.14001957043 0.263266011123664
2068.80765351232 0.260942924674357
2076.5038117707 0.258509804967511
2084.22860045872 0.256205058406756
2091.98212608424 0.254035789073988
2099.76449555137 0.25144397658903
2107.57581616189 0.248823970239753
2115.41619561679 0.245805502265306
2123.28574201767 0.242995575668425
2131.18456386831 0.23988333468696
2139.11277007613 0.236664685277781
2147.07046995368 0.233607354093179
2155.05777322019 0.23083481806912
2163.07479000302 0.228243907347249
2171.12163083925 0.225599912824656
2179.19840667714 0.222569047454423
2187.30522887772 0.218996561860241
2195.44220921625 0.215596642246613
2203.60945988384 0.211907144447958
2211.80709348895 0.207890167127776
2220.03522305895 0.203735136005273
2228.29396204169 0.199494492496497
2236.58342430704 0.194843920384445
2244.90372414851 0.190063760189686
2253.25497628476 0.185209856107637
2261.63729586123 0.180352786516073
2270.0507984517 0.175354966488548
2278.49560005991 0.169813460022954
2286.97181712113 0.163994874530143
2295.4795665038 0.158155229023773
2304.0189655111 0.151674916315734
2312.59013188261 0.144892920877162
2321.19318379588 0.137767729030847
2329.82823986813 0.130332287296982
2338.49541915782 0.123223358975993
2347.19484116633 0.116003551455629
2355.9266258396 0.108631125412627
2364.69089356977 0.101158884487399
2373.48776519685 0.0933034542656639
2382.3173620104 0.0853709027392782
2391.17980575117 0.0773434723091455
2400.07521861281 0.0694969445810329
2409.00372324354 0.0612809698644323
2417.96544274784 0.0528446823980087
2426.96050068814 0.0443968528834873
2435.98902108656 0.0360928756192411
2445.05112842657 0.0275499552384932
2454.14694765475 0.0186406543507562
2463.27660418247 0.00985369090790833
2472.44022388765 0.000647350047101369
2481.63793311651 -0.00869869019719083
2490.86985868525 -0.0182353321439823
2500.13612788187 -0.0280556856605383
2509.43686846789 -0.0382954440725261
2518.7722086801 -0.048669263348307
2528.14227723234 -0.0591227979924174
2537.54720331731 -0.0700224952576995
2546.98711660828 -0.0810646472449275
2556.46214726094 -0.0922093313332706
2565.97242591516 -0.103656848255204
2575.51808369681 -0.115309927130491
2585.09925221956 -0.127362472523547
2594.7160635867 -0.139749470522597
2604.36865039294 -0.152550054932501
2614.05714572626 -0.165475658117142
2623.78168316975 -0.178416690503164
2633.54239680345 -0.191712023622443
2643.33942120615 -0.205227195495048
2653.17289145733 -0.218794456604581
2663.04294313896 -0.23266482446828
2672.94971233738 -0.247045573796244
2682.89333564519 -0.261975266984351
2692.87395016314 -0.27680918727526
2702.89169350199 -0.291991080763086
2712.94670378444 -0.307543560960278
2723.03911964699 -0.323640347511487
2733.16908024193 -0.339866038166782
2743.33672523916 -0.356365083887873
2753.54219482819 -0.372883681838717
2763.78562972005 -0.389607662698021
2774.06717114922 -0.406289276645312
2784.38696087559 -0.423152740986176
2794.74514118641 -0.440062883063579
2805.14185489824 -0.457235169576762
2815.57724535896 -0.4743015474036
2826.05145644968 -0.491627212848915
2836.56463258679 -0.509085566326412
2847.11691872391 -0.526827053741169
2857.7084603539 -0.544671312676865
2868.33940351088 -0.562475395935635
2879.00989477221 -0.580051051433342
2889.72008126055 -0.59795734374627
2900.47011064586 -0.615929560901302
2911.26013114745 -0.633947283801442
2922.09029153602 -0.651873849473196
2932.9607411357 -0.67003325774205
2943.87162982615 -0.688524959740166
2954.82310804455 -0.707598061892188
2965.81532678776 -0.727197498660553
2976.84843761435 -0.746972739501595
2987.9225926467 -0.767063193144125
2999.0379445731 -0.787431193640469
3010.19464664985 -0.808019228336287
3021.39285270338 -0.828595848460623
3032.63271713238 -0.849236235086124
3043.91439490991 -0.870009351925235
3055.23804158553 -0.891251749007692
3066.60381328749 -0.913067141331155
3078.01186672482 -0.935070405924213
3089.46235918954 -0.956840812385456
3100.95544855881 -0.979017804292427
3112.4912932971 -1.00128001485823
3124.07005245839 -1.02344031304849
3135.69188568836 -1.04533032322038
3147.35695322657 -1.06725038956307
3159.0654159087 -1.08895299833829
3170.81743516875 -1.11119776650308
3182.61317304128 -1.1335338609172
3194.45279216361 -1.15581550510358
3206.3364557781 -1.17811713108643
3218.26432773439 -1.20020202705999
3230.23657249166 -1.22200487379908
3242.25335512088 -1.24382274598558
3254.3148413071 -1.26557589503146
3266.42119735174 -1.28724131596239
3278.57259017489 -1.30884283245754
3290.76918731757 -1.33044905074605
3303.01115694409 -1.35218407887976
3315.29866784434 -1.37409712801893
3327.63188943612 -1.39618681845558
3340.01099176749 -1.41818739844435
3352.43614551909 -1.43989904269585
3364.90752200653 -1.46131940966679
3377.42529318271 -1.48225449039075
3389.98963164021 -1.50304526640513
3402.60071061369 -1.52390820749355
3415.25870398225 -1.54406526704807
3427.96378627182 -1.56402143120707
3440.71613265761 -1.58369684226616
3453.51591896648 -1.60282524357853
3466.36332167938 -1.62147874629191
3479.25851793381 -1.64021514650406
3492.20168552621 -1.65870541579415
3505.19300291445 -1.6767562743608
3518.23264922029 -1.69445653367006
3531.32080423182 -1.71187493337191
3544.45764840598 -1.7289158031883
3557.64336287101 -1.74587723631664
3570.87812942896 -1.762666439018
3584.16213055823 -1.77857560273281
3597.49554941602 -1.79358033594762
3610.87856984091 -1.80784853398648
3624.31137635539 -1.8217790151449
3637.79415416837 -1.83528983664001
3651.32708917776 -1.84812043171185
3664.91036797302 -1.86059448873577
3678.54417783777 -1.87221676264125
3692.2287067523 -1.88317904133166
3705.96414339624 -1.89380494901314
3719.75067715111 -1.90412423183679
3733.58849810294 -1.91375295215825
3747.47779704492 -1.92269617750098
3761.41876547999 -1.93122857003546
3775.4115956235 -1.93934255039361
3789.45648040586 -1.94624616239404
3803.55361347522 -1.95261548164595
3817.70318920008 -1.95857365263407
3831.90540267205 -1.96416845627518
3846.16044970847 -1.96916488329231
3860.46852685515 -1.97381205170685
3874.82983138907 -1.9776306130492
3889.24456132109 -1.98108611677433
3903.7129153987 -1.98388916134097
3918.23509310874 -1.98635077286677
3932.81129468018 -1.98867320740192
3947.44172108682 -1.99051917485999
3962.12657405015 -1.99214339787944
3976.86605604205 -1.993147968479
3991.66037028761 -1.99332468844561
4006.50972076797 -1.99311595333423
4021.41431222307 -1.99260355393969
4036.37435015451 -1.99183853911639
4051.39004082838 -1.99059583592433
4066.46159127809 -1.98921219413981
4081.58920930724 -1.98764597584088
4096.77310349248 -1.98566029672289
4112.01348318638 -1.98348715800825
4127.31055852032 -1.98058890697973
4142.6645404074 -1.9774290205011
4158.07564054532 -1.974244441268
4173.54407141932 -1.97056536567326
4189.07004630512 -1.96666122780003
4204.65377927183 -1.96234234072968
4220.29548518492 -1.95775387279362
4235.99537970918 -1.95244171451749
4251.7536793117 -1.94687500169063
4267.57060126484 -1.94113869486774
4283.44636364922 -1.93511447703254
4299.38118535678 -1.92927932195741
4315.37528609372 -1.92301285076284
4331.42888638358 -1.91644172265211
4347.54220757028 -1.90946350806844
4363.71547182114 -1.90240951451847
4379.94890212999 -1.89462402888694
4396.24272232018 -1.88649890919544
4412.59715704774 -1.87806042853061
4429.01243180443 -1.86941127158827
4445.48877292084 -1.86030885143012
4462.02640756957 -1.85168881198033
4478.62556376828 -1.84259244316176
4495.28647038291 -1.83337677910319
4512.0093571308 -1.82413674489987
4528.79445458383 -1.81499872871141
4545.64199417167 -1.80606649429723
4562.5522081849 -1.79752099455308
4579.52532977826 -1.78878651191338
4596.56159297383 -1.78059017003763
4613.6612326643 -1.77257956766207
4630.82448461615 -1.76469906051539
4648.05158547297 -1.75708662957691
4665.34277275865 -1.74951469811172
4682.69828488072 -1.74229964447751
4700.11836113359 -1.73533877204797
4717.60324170188 -1.72869923836469
4735.15316766371 -1.72230021774203
4752.76838099403 -1.71604606674156
4770.44912456798 -1.71014364113311
4788.1956421642 -1.70467698157757
4806.00817846821 -1.69959371044982
4823.88697907579 -1.69489606662317
4841.83229049635 -1.69037202672015
4859.84436015636 -1.68565646367503
4877.92343640271 -1.68125879536431
4896.06976850618 -1.67702083588206
4914.28360666486 -1.6727967921646
4932.5652020076 -1.66849701618439
4950.91480659747 -1.66436377355026
4969.33267343524 -1.66029215503662
4987.81905646287 -1.65633307150382
5006.374210567 -1.65294286768418
5024.99839158248 -1.64945486276713
5043.69185629588 -1.64587772052785
5062.45486244905 -1.64209078499494
5081.28766874266 -1.63825098764956
5100.19053483977 -1.63441050691778
5119.16372136941 -1.63121901891472
5138.20748993018 -1.62803035543595
5157.32210309384 -1.62492869654518
5176.50782440896 -1.62193219042631
5195.76491840452 -1.61923178639186
5215.09365059358 -1.61691036442765
5234.49428747691 -1.61457197471073
5253.96709654673 -1.61279712143715
5273.51234629033 -1.61086992070965
5293.1303061938 -1.60942173760105
5312.82124674575 -1.60847623217644
5332.58543944101 -1.60808053844085
5352.42315678444 -1.60779272360661
5372.3346722946 -1.60809221243997
5392.32026050759 -1.60887178602706
5412.38019698081 -1.61008386401308
5432.51475829674 -1.61184250323826
5452.72422206679 -1.61392207183292
5473.00886693511 -1.6165077972823
5493.36897258242 -1.61934780488811
5513.80481972988 -1.62266753819328
5534.31669014299 -1.62631482186368
5554.9048666354 -1.63071882125095
5575.56963307287 -1.63523776262191
5596.31127437719 -1.64041691949325
5617.13007653004 -1.64558928128404
5638.02632657703 -1.65094451977227
5659.00031263156 -1.65668463204942
5680.05232387887 -1.66283809444362
5701.18265057998 -1.66925403315581
5722.39158407572 -1.67586159535409
5743.67941679072 -1.68275840958982
5765.04644223748 -1.69011353405631
5786.49295502037 -1.69752409056414
5808.01925083973 -1.70479161210835
5829.62562649593 -1.71224704916904
5851.31237989346 -1.71984191128
5873.07981004505 -1.72768283588696
5894.92821707578 -1.73510091077639
5916.85790222723 -1.74254322866559
5938.86916786162 -1.75022429892423
5960.96231746598 -1.75759782877771
5983.13765565636 -1.76497635719416
6005.395488182 -1.77255498588681
6027.73612192954 -1.78030961951658
6050.1598649273 -1.7880213789691
6072.66702634946 -1.79569075665081
6095.25791652038 -1.80334148337929
6117.93284691885 -1.81150043036766
6140.69213018238 -1.81965925714207
6163.53608011154 -1.82822920113799
6186.46501167426 -1.83703676273392
6209.47924101016 -1.84650383905297
6232.57908543496 -1.85626815834412
6255.7648634448 -1.86628394215765
6279.03689472068 -1.87686429735612
6302.39550013281 -1.88772038031047
6325.84100174511 -1.8990290317552
6349.37372281957 -1.91027812069881
6372.99398782075 -1.92228098027655
6396.70212242028 -1.93462867435777
6420.49845350128 -1.94771752314256
6444.38330916293 -1.96055263201696
6468.35701872496 -1.9739073075062
6492.4199127322 -1.98762576245279
6516.57232295915 -2.00158652436836
6540.81458241452 -2.01582277715264
6565.14702534586 -2.03026401133719
6589.56998724415 -2.04477213020922
6614.08380484842 -2.05936881109561
6638.68881615042 -2.0740234813773
6663.38536039924 -2.08912750080855
6688.17377810601 -2.10414049071099
6713.05441104861 -2.11927067804682
6738.02760227635 -2.13470120337765
6763.09369611472 -2.15018154405952
6788.25303817014 -2.16545007234078
6813.5059753347 -2.18078844591833
6838.85285579099 -2.19608574644708
6864.29402901684 -2.21148828046056
6889.82984579019 -2.22721332514952
6915.4606581939 -2.24312658235086
6941.18681962062 -2.25925233146078
6967.00868477764 -2.27609776962974
6992.92660969181 -2.29315633051795
7018.94095171442 -2.31065887393543
7045.05206952614 -2.32857355670922
7071.26032314197 -2.3466513280494
7097.56607391621 -2.36508451384637
7123.96968454742 -2.38379428514114
7150.47151908342 -2.40322928692405
7177.07194292636 -2.42403731567722
7203.77132283768 -2.44611050738668
7230.57002694323 -2.46889253843965
7257.46842473831 -2.49226354702645
7284.46688709279 -2.51645943794509
7311.5657862562 -2.54183519056679
7338.76549586288 -2.56833408260762
7366.06639093713 -2.59504192044228
7393.46884789835 -2.62277938691759
7420.97324456628 -2.6515708029348
7448.57996016619 -2.68111305039682
7476.28937533407 -2.71178579858805
7504.10187212195 -2.74332029032764
7532.0178340031 -2.77562541752298
7560.03764587737 -2.80891091286078
7588.16169407645 -2.84301208453196
7616.39036636925 -2.8777371778566
7644.72405196718 -2.91332339242562
7673.16314152958 -2.9496005920071
7701.70802716907 -2.98635603310328
7730.35910245697 -3.02409536815063
7759.11676242871 -3.06222890097677
7787.98140358931 -3.10106743792903
7816.95342391881 -3.14061740117122
7846.03322287777 -3.18049448817972
7875.22120141279 -3.22116754955354
7904.51776196203 -3.26202489473944
7933.92330846076 -3.30333055438339
7963.4382463469 -3.34529025439353
7993.06298256668 -3.3878871787061
8022.79792558017 -3.43062371640459
8052.64348536698 -3.47389856860268
8082.60007343185 -3.51756296429926
8112.66810281039 -3.5616486115485
8142.84798807473 -3.60590785799406
8173.14014533922 -3.65039093479795
8203.54499226624 -3.69548152876281
8234.06294807188 -3.74098506087744
8264.69443353176 -3.78677360310289
8295.43987098684 -3.8332923972593
8326.29968434921 -3.88032725550538
8357.27429910795 -3.9280181871281
8388.36414233502 -3.97610912017235
8419.56964269112 -4.02454128211098
8450.89123043159 -4.07378405142868
8482.32933741237 -4.12370797462147
8513.88439709597 -4.17416131140883
8545.55684455738 -4.22521489062524
8577.34711649014 -4.27691823550177
8609.25565121232 -4.32913889997734
8641.28288867257 -4.38187140374252
8673.42927045619 -4.43523551772747
8705.69523979124 -4.48933522868162
8738.0812415546 -4.5441677146374
8770.58772227814 -4.59891533508148
8803.2151301549 -4.65424029372561
8835.96391504519 -4.70987809466876
8868.83452848289 -4.76590029479722
8901.82742368161 -4.82205669268073
8934.94305554094 -4.87855098040507
8968.18188065276 -4.93533754009359
9001.54435730751 -4.99205512698266
9035.03094550052 -5.0487192447435
9068.64210693833 -5.10487318708095
9102.37830504507 -5.16113421070566
9136.24000496888 -5.21729513769294
9170.22767358826 -5.27313448007862
9204.34177951857 -5.32851855809218
9238.58279311844 -5.38341722201608
9272.9511864963 -5.43828747522386
9307.44743351684 -5.49305399768238
9342.07200980759 -5.54734714804106
9376.82539276547 -5.60161692148398
9411.70806156333 -5.65556809014543
9446.72049715662 -5.70928619119141
9481.86318228997 -5.76245761857556
9517.13660150386 -5.81536525795362
9552.54124114133 -5.86804673574008
9588.07758935464 -5.9203947681527
9623.74613611202 -5.97210662972399
9659.54737320446 -6.02395265022373
9695.48179425241 -6.0757754309988
9731.54989471268 -6.12744798269552
9767.75217188519 -6.17943904462023
9804.08912491989 -6.23140132356068
9840.5612548236 -6.28294045570696
9877.16906446693 -6.33435188798209
9913.91305859123 -6.38557088994866
9950.79374381551 -6.43659715458255
9987.81162864349 -6.48781261194318
10024.9672234705 -6.53885782248877
10062.2610405907 -6.59032889174716
10099.6935942039 -6.64160707760966
10137.265400423 -6.69336840609639
10174.9769772805 -6.74462601787933
10212.8288447364 -6.79569344783088
10250.8215246849 -6.84651205937395
10288.9555409616 -6.89726136146965
10327.231419351 -6.94764737091484
10365.6496875932 -6.9971323915855
10404.210875392 -7.04658829345558
10442.9155144215 -7.09555604413434
10481.7641383337 -7.14396995440027
10520.7572827658 -7.19190118783181
10559.8954853477 -7.23932631744905
10599.1792857094 -7.2862554829636
10638.6092254881 -7.33241204734517
10678.1858483363 -7.37763614679543
10717.9096999286 -7.42212849953124
10757.7813279699 -7.46576914534462
10797.8012822023 -7.50842296643219
10837.9701144131 -7.55009961413607
10878.2883784424 -7.59124000920232
10918.7566301905 -7.63133836087137
10959.3754276259 -7.67068556618644
11000.1453307925 -7.70939697094269
11041.0669018179 -7.74789168736864
11082.1407049206 -7.78632672097295
11123.3673064183 -7.82428751922429
11164.7472747353 -7.86202987963138
11206.2811804106 -7.89944807363698
11247.9695961055 -7.93677149950681
11289.8130966117 -7.97388269341548
11331.8122588594 -8.01093742601848
11373.9676619248 -8.04768860663155
11416.2798870383 -8.0839491542017
11458.7495175926 -8.1199905433625
11501.3771391508 -8.15615163198236
11544.1633394541 -8.19215711890634
11587.1087084304 -8.2284016453878
11630.213838202 -8.26462274881888
11673.4793230941 -8.30099409211122
11716.9057596427 -8.33684725315177
11760.4937466031 -8.37250564811871
11804.2438849579 -8.40775488054505
11848.1567779254 -8.44224487666154
11892.2330309682 -8.47646933918539
11936.473251801 -8.51016302102727
11980.8780503993 -8.54330895852355
12025.4480390078 -8.57569692273727
12070.1838321489 -8.60740750096713
12115.0860466309 -8.63857182896835
12160.1553015568 -8.66898324681384
12205.3922183327 -8.69887011376584
12250.7974206764 -8.72799494765262
12296.371534626 -8.75588034127614
12342.1151885484 -8.7833998904775
12388.0290131483 -8.81033585997499
12434.1136414765 -8.83658194758525
12480.3697089389 -8.86276364913316
12526.7978533051 -8.88855964417937
12573.3987147173 -8.91400512199477
12620.1729356991 -8.9389754423723
12667.1211611643 -8.96339414868126
12714.244038426 -8.98778439962742
12761.5422172051 -9.01150011011037
12809.0163496398 -9.03509014481356
12856.667090294 -9.05837795005581
12904.495096167 -9.08133269909771
12952.5010267019 -9.10374663609475
13000.6855437952 -9.12562499165668
13049.0493118056 -9.14737483444315
13097.5929975632 -9.16865274009411
13146.317270379 -9.18949340258616
13195.2228020538 -9.21012633944884
13244.3102668874 -9.23021839809532
13293.5803416882 -9.24977677768922
13343.0337057825 -9.26897849445959
13392.6710410235 -9.28767959691314
13442.4930318013 -9.30644978398169
13492.5003650516 -9.32450258974993
13542.6937302658 -9.34236833699856
13593.0738195003 -9.36039437789707
13643.6413273859 -9.37810407517772
13694.3969511376 -9.39591126812871
13745.3413905639 -9.41334870209349
13796.4753480769 -9.43042169254883
13847.7995287016 -9.44682100062508
13899.3146400859 -9.46256091165072
13951.02139251 -9.47774371602257
14002.9204988965 -9.49223035932978
14055.0126748202 -9.50634269717483
14107.2986385179 -9.51958480717279
14159.7791108982 -9.53242320546442
14212.4548155516 -9.55757347454572
14265.3264787606 -9.58268669916369
14318.3948295092 -9.60654326692296
14371.6605994936 -9.62992621985505
14425.1245231318 -9.65247087761298
14478.7873375739 -9.67428535174184
14532.6497827125 -9.69555874266278
14586.7126011923 -9.71598177035835
14640.9765384209 -9.73570793442149
14695.442342579 -9.75483325857327
14750.1107646304 -9.77333090614816
14804.9825583328 -9.79096161734018
14860.0584802475 -9.80780032968627
14915.3392897509 -9.82389491054261
14970.8257490437 -9.83911154347013
15026.5186231627 -9.85344502958267
15082.4186799901 -9.8671703674435
15138.5266902652 -9.88020845529397
15194.8434275942 -9.89276067142147
15251.3696684613 -9.90438742337308
15308.1061922393 -9.91548568685925
15365.0537812003 -9.92573391700485
15422.2132205266 -9.93532173257227
15479.5852983214 -9.94428234801508
15537.1708056196 -9.95275822372517
15594.9705363991 -9.9610215777357
15652.9852875913 -9.96894786350904
15711.2158590922 -9.97585351869812
15769.6630537736 -9.98209487207111
15828.327677494 -9.98782333206958
15887.2105391099 -9.9930332456237
15946.3124504865 -9.99757907129368
16005.6342265097 -10.0016439088331
16065.1766850963 -10.0050913920265
16124.9406472063 -10.0081978138131
16184.9269368535 -10.0107622597242
16245.1363811172 -10.0126942868232
16305.5698101534 -10.0140705207768
16366.2280572065 -10.0150650399763
16427.1119586206 -10.0152293547058
16488.2223538509 -10.0146138098058
16549.5600854758 -10.013336993604
16611.1259992079 -10.0111920399389
16672.9209439061 -10.0084355256369
16734.9457715869 -10.0048498783662
16797.2013374366 -10.0007658031397
16859.6884998228 -9.99603657301385
16922.4081203063 -9.99045110720862
16985.3610636531 -9.98449540779216
17048.5481978459 -9.97735742290023
17111.9703940967 -9.96971394463793
17175.6285268585 -9.96179657571891
17239.523473837 -9.95319392675456
17303.6561160034 -9.94425841244424
17368.027337606 -9.93493763981816
17432.6380261827 -9.92535286455966
17497.489072573 -9.91522489149009
17562.5813709306 -9.90456140204047
17627.9158187353 -9.89413601615043
17693.4933168058 -9.88312648700356
17759.3147693119 -9.87224830432988
17825.3810837868 -9.86070543288957
17891.6931711401 -9.84902035250979
17958.2519456698 -9.83685240039372
18025.0583250755 -9.82480268452992
18092.1132304703 -9.81250840100704
18159.4175863943 -9.79989440735399
18226.9723208268 -9.78678979755202
18294.7783651994 -9.77351012283579
18362.8366544084 -9.75992955794536
18431.1481268284 -9.74645350184651
18499.7137243246 -9.73255147701421
18568.5343922661 -9.71838398855651
18637.6110795389 -9.7037132374412
18706.9447385587 -9.6889021922477
18776.5363252847 -9.67418763543111
18846.3867992321 -9.65936522270516
18916.4971234854 -9.64408951374589
18986.8682647123 -9.62915989542499
19057.5011931763 -9.61349880685855
19128.3968827505 -9.59789575186364
19199.5563109307 -9.58254879822906
19270.9804588494 -9.566618985623
19342.6703112886 -9.55121922947881
19414.6268566943 -9.53550786971671
19486.851087189 -9.51962665090165
19559.3439985865 -9.50349133322013
19632.1065904049 -9.48721417266999
19705.1398658807 -9.47095684012415
19778.4448319822 -9.4547647345679
19852.0224994243 -9.43859812006779
19925.8738826813 -9.42219539732108
20000.0000000017 -9.40679750461092
