69.1864925799725 0
87.7772158062356 2.55117481782407
89.4221059793388 2.59854327659948
91.0978203664104 2.69560672723571
92.8049365939585 2.82388555119009
94.5440431128511 2.95230688664352
96.3157394011573 3.02852879484995
98.1206361707911 3.01612085255584
99.9593555780259 2.95369858823287
101.832531437955 2.83448244258722
103.74080944297 2.61631686687598
105.684847385335 2.24329275609893
107.665315383931 1.73115049609941
109.682896115245 1.02022794739483
111.738285048698 0.258666630369238
113.832190686372 -0.512083337771905
115.965334807235 -1.35319230747541
118.138452715943 -2.29309743410353
120.3522934963 -3.28604017426443
122.607620269474 -4.3284417752032
124.905210457046 -5.23561451083254
127.245856048992 -5.97442115191317
129.630363876686 -6.6846611036976
132.059555891015 -7.39004372766928
134.534269445714 -8.03168592439447
137.055357586005 -8.60330107769833
139.623689342642 -8.99271076400231
142.240150031474 -9.21469633992772
144.905641558614 -9.36963379687332
147.621082731334 -9.44175546345688
150.387409574779 -9.41984418579245
153.205575654619 -9.26411451428878
156.076552405752 -8.87299947888881
159.001329467157 -8.46350207447423
161.980915023028 -8.08158916022496
165.016336150303 -7.65388258291181
168.108639172699 -7.23001138555112
171.258890021386 -6.71327211699621
174.468174602416 -5.99329594650862
177.737599171045 -5.30337289436
181.068290713059 -4.77601319233482
184.461397333255 -4.42753466047767
187.918088651195 -4.23123361387225
191.439556204381 -4.01737510554969
195.027013858983 -3.73017650507522
198.681698228267 -3.40774674800288
202.404869098855 -3.07373974329634
206.197809864986 -2.86634173834785
210.061827970903 -2.81283553318781
213.998255361539 -2.71699499858079
218.008448941641 -2.74637820998978
222.093791043505 -2.84850024633223
226.255689903467 -2.84669927845133
230.495580147337 -2.66420689856286
234.814923284911 -2.44313910277672
239.215208213769 -2.20820633284346
243.6979517325 -2.21145848101442
248.264699063551 -2.44829247256963
252.91702438587 -2.72607522777801
257.656531377538 -2.81593042378038
262.484853768559 -2.61065770936872
267.403655904018 -2.34138966960931
272.414633317784 -2.15091464637814
277.519513316975 -2.09260775097613
282.720055577362 -2.11604285329185
288.018052749942 -2.17232213491775
293.41533107887 -2.12334273962988
298.913751030978 -1.86924502196198
304.51520793708 -1.43825665444282
310.221632645308 -0.901828993869351
316.03499218668 -0.40767979440307
321.957290453147 -0.0123733698665357
327.990568888343 0.172294446854214
334.136907191279 0.38410995468459
340.398424033226 0.798799457694239
346.777277788032 1.38814964150604
353.275667276122 1.91728549577062
359.895832522439 2.25941144277507
366.640055528597 2.37856311257765
373.510661059493 2.28322484354188
380.510017444665 2.22804694509945
387.640537394667 2.14390301295946
394.904678832742 2.05843777104669
402.304945742077 2.04543590047936
409.843889028939 1.92207779981434
417.524107401988 1.67678798588761
425.348248268055 1.48072436715085
433.319008644725 1.11394886135231
441.439136090005 0.706751313482738
449.711429649423 0.575302962940692
458.138740820871 0.569941911798487
466.723974537529 0.659849300900113
475.470090169211 0.755735642402655
484.38010254247 0.778706702183547
493.457082979826 0.84735041601454
502.704160358464 0.764489845560739
512.124522188771 0.787205885098792
521.721415713088 0.990065964178319
531.498149025047 1.05162049572191
541.45809220989 1.12038379573437
551.604678506148 1.35031273687877
561.941405489097 1.4255960346361
572.471836276389 1.33765809377604
583.199600756274 1.2428070413245
594.128396838839 1.23217890459412
605.261991730696 1.04806476815602
616.604223233554 0.83089324304665
628.159001067128 0.680706349327393
639.930308216838 0.459548851779394
651.922202306761 0.0619726319153945
664.138816998315 -0.0695207516346069
676.584363415148 -0.250936895790606
689.263131594734 -0.645542273694606
702.179491967171 -0.889206596692607
715.337896861682 -0.930610291328607
728.74288204136 -1.05702619388661
742.399068266665 -1.23259308362861
756.311162888217 -1.2410520816046
770.483961469448 -1.3672761157836
784.92234943965 -1.48112769889361
799.63130377801 -1.3614227454106
814.615894729193 -1.15818461763261
829.881287551079 -1.01866137781761
845.432744295255 -0.871630400574607
861.275625620868 -0.690541132155606
877.415392642464 -0.545701421251604
893.857608812465 -0.523605341530605
910.607941838916 -0.565234732614607
927.672165639167 -0.317607360826608
945.056162330171 -0.156233986389606
962.765924256078 -0.0326824543006064
980.807556053824 0.150993905727392
999.187276757423 0.183430962592395
