10 6.69250774383545
10.0372009367102 6.68691252891031
10.0745402643896 6.65489512468447
10.1120184978655 6.60123408401819
10.1496361538807 6.54760663146284
10.1873937510998 6.49426229309479
10.2252918101175 6.44182355217303
10.2633308534646 6.38941090805208
10.3015114056161 6.33702851808007
10.3398339929981 6.2853301153107
10.3782991439948 6.23374076888204
10.4169073889563 6.18217600980661
10.4556592602056 6.13124611540478
10.4945552920458 6.08082460971522
10.5335960207679 6.0304208034429
10.5727819846578 5.98026937902326
10.6121137240039 5.93095712663243
10.6515917811047 5.88165866747181
10.6912167002759 5.83237238166529
10.7309890278581 5.78370814181962
10.7709093122244 5.73513602865975
10.8109781037879 5.68657664256348
10.8511959550093 5.63861934367459
10.8915634204045 5.59114980125309
10.9320810565522 5.54369135234942
10.9727494221018 5.49639020020355
11.0135690777806 5.44963956906695
11.0545405864021 5.40289741231859
11.0956645128736 5.35616307569817
11.1369414242037 5.31032224393082
11.1783718895104 5.26459404603684
11.2199564800288 5.21868410731508
11.2616957691193 5.17339621092625
11.3035903322749 5.12851857742682
11.3456407471298 5.08363765200568
11.3878475934668 5.03898033131284
11.4302114532258 4.99506147491702
11.4727329105113 4.95114050263244
11.515412551601 4.90721680181465
11.5582509649534 4.86388343848648
11.6012487412161 4.82061481469177
11.6444064732342 4.77734216728729
11.6877247560581 4.73476678848554
11.7312041869517 4.6929510554253
11.774845365401 4.65139461614423
11.818648893122 4.61023654199371
11.8626153740693 4.56983967128506
11.9067454144441 4.52967983895082
11.9510396227028 4.48975392802131
11.9954986095653 4.45062498464907
12.0401229880234 4.41178750803179
12.0849133733495 4.37316455312844
12.1298703831044 4.33539011746925
12.1749946371469 4.29829249937259
12.2202867576412 4.26139275780365
12.2657473690664 4.22488570650355
12.3113770982243 4.18920502620105
12.3571765742489 4.15370814082334
12.4031464286144 4.11839270916523
12.4492872951442 4.08380231255499
12.4955998100196 4.04944987400697
12.5420846117884 4.01526600189729
12.5887423413741 3.97592156139427
12.6355736420843 3.93781426846476
12.6825791596199 3.89996852969208
12.7297595420838 3.86263083214925
12.7771154399899 3.82630139026469
12.8246475062721 3.79023438970893
12.8723563962932 3.7544307847331
12.9202427678541 3.71942463170006
12.9683072812028 3.68474284320012
13.0165505990434 3.65032631172225
13.0649733865454 3.61663157827549
13.1135763113527 3.58355163048033
13.162360043593 3.55075822253568
13.2113252558868 3.51848747130733
13.260472623357 3.48721483715942
13.3098028236379 3.45622908771766
13.3593165368846 3.42553013565693
13.4090144457825 3.39563385126005
13.4588972355569 3.36608073251489
13.5089655939818 3.33681816035107
13.5592202113899 3.30827933407147
13.6096617806823 3.28034535366048
13.6602909973373 3.25270518630617
13.7111085594207 3.2255850413856
13.7621151675953 3.19940535261615
13.8133115251301 3.17352369056896
13.8646983379105 3.14794281728569
13.9162763144479 3.12330325531988
13.9680461658894 3.09901929953499
14.0200086060276 3.07492467023634
14.0721643513105 3.05133851737018
14.1245141208514 3.02817722559972
14.1770586364386 3.00520759855532
14.2297986225456 2.98265230004001
14.2827348063412 2.96091368460881
14.3358679176991 2.939370617766
14.3891986892083 2.91802463093767
14.442727856183 2.89761693419035
14.496456156673 2.87746500582248
14.5503843314737 2.85751397473671
14.6045131241361 2.83807207738455
14.6588432809775 2.81905428202726
14.7133755510915 2.80024060008339
14.7681106863584 2.78181325029616
14.8230494414556 2.76409772400197
14.8781925738679 2.74653516697947
14.9335408438982 2.72912707276828
14.9890950146774 2.71247521697492
15.0448558521758 2.69603306548987
15.1008241252129 2.67974812536906
15.1570006054682 2.66397092984544
15.2133860674922 2.6485992751864
15.2699812887167 2.63338782966817
15.3267870494654 2.61853669720638
15.3838041329651 2.60441331751247
15.4410333253564 2.59045387239233
15.498475415704 2.57665936331805
15.5561311960084 2.56354788754094
15.6140014612162 2.55064769450651
15.6720870092313 2.53791564504222
15.730388640926 2.52570486077745
15.7889071601517 2.51390526513013
15.8476433737505 2.50226273939536
15.9065980915658 2.49095177642498
15.9657721264536 2.48028151139455
16.0251662942941 2.46977078025955
16.0847814140026 2.45942048291182
16.1446183075405 2.44974957953571
16.2046777999274 2.4402794500532
16.2649607192518 2.43097217996743
16.3254678966828 2.42231943602188
16.3862001664817 2.41427657266212
16.447158366013 2.4065838423745
16.5083433357566 2.39936417028521
16.569755919319 2.39287778059304
16.6313969634448 2.38671687097101
16.6932673180286 2.38088207222983
16.7553678361271 2.3759719918522
16.8176993739698 2.37142706342418
16.880262790972 2.3672091722626
16.9430589497458 2.3636197587749
17.0060887161124 2.36055372154313
17.069352959114 2.35781598715386
17.1328525510256 2.35557580005807
17.1965883673671 2.35409593927165
17.2605612869157 2.35294603920706
17.3247721917173 2.35212588332575
17.3892219670996 2.35217214117875
17.4539115016833 2.35257769397443
17.5188416873952 2.35331465787652
17.5840134194801 2.35474516284962
17.649427596513 2.35673547438195
17.7150851204118 2.35905834965657
17.7809868964498 2.36184096914672
17.8471338332678 2.36529446772997
17.9135268428867 2.36908223152439
17.9801668407205 2.37320395900025
18.0470547455885 2.37818411641288
18.1141914797281 2.38353089103602
18.1815779688074 2.38921335024266
18.2492151419383 2.39549723511948
18.3171039316889 2.40230603902953
18.3852452740965 2.40948448831399
18.4536401086808 2.41717244698661
18.5222893784564 2.42544723811545
18.5911940299459 2.43387840677499
18.6603550131934 2.44224577108207
18.7297732817769 2.4508024119942
18.799449792822 2.45915864367896
18.8693855070149 2.46729096517048
18.9395813886156 2.4755011152384
19.0100384054711 2.48367190694456
19.0807575290291 2.4916189147441
19.151739734351 2.49948270058659
19.2229860001258 2.5074648609766
19.2944973086829 2.51522286907709
19.3662746460064 2.52275618261333
19.4383190017482 2.53053982970283
19.5106313692418 2.53811715024835
19.5832127455161 2.54547032366324
19.6560641313089 2.55285015989031
19.7291865310809 2.56016225785819
19.8025809530295 2.56727115196685
19.8762484091027 2.57431426955782
19.950189915013 2.58149603086762
20.0244064902514 2.58847523256467
20.0988991581017 2.59525245184373
20.1736689456542 2.60219899698282
20.2487168838201 2.60896043628719
20.3240440073458 2.61552078025034
20.3996513548271 2.62216145651472
20.4755399687231 2.628767235251
20.5517108953714 2.63517290763555
20.6281651850019 2.64151437658643
20.7049038917513 2.64796752120285
20.7819280736781 2.65422193518173
20.8592387927765 2.66027778206255
20.9368371149918 2.66648728706499
21.0147241102344 2.67273611816072
21.092900852395 2.67905828290083
21.1713684193594 2.68567592661779
21.2501278930231 2.69249702379375
21.3291803593062 2.69939046466804
21.4085269081689 2.70647783892234
21.4881686336258 2.71392773808766
21.5681066337615 2.72144874862684
21.6483420107456 2.72903965753283
21.7288758708478 2.73704264137408
21.8097093244533 2.7451264634152
21.8908434860779 2.75327983822822
21.9722794743837 2.76174244684571
22.0540184121942 2.77040819532453
22.1360614265099 2.77914818000114
22.2184096485239 2.78817787475991
22.3010642136375 2.79764040231764
22.3840262614756 2.80727776063539
22.4672969359028 2.81709007594503
22.5508773850389 2.82739768110126
22.6347687612749 2.83789030188584
22.7189722212887 2.84855663831056
22.8034889260611 2.85961665729947
22.8883200408921 2.87097084660509
22.9734667354164 2.88249872253439
23.0589301836202 2.89428196914148
23.1447115638567 2.9064239206315
23.230812058863 2.91869401734171
23.3172328557757 2.93108879327775
23.4039751461482 2.94392237271777
23.491040125966 2.95688594289723
23.5784289956642 2.97004734821313
23.6661429601435 2.9836181888222
23.754183228787 2.9975073998191
23.8425510154766 3.01160848227225
23.9312475386102 3.02601739946188
24.0202740211181 3.04084720008892
24.1096316904802 3.05588899495608
24.1993217787425 3.07114506327454
24.2893455225345 3.08690084123642
24.3797041630861 3.10287606265446
24.4703989462445 3.11906607620203
24.5614311224917 3.13564906565103
24.6528019469616 3.15254386417501
24.7445126794573 3.16965391553878
24.8365645844686 3.18706718847735
24.9289589311891 3.20488286765833
25.0216969935341 3.22291654201456
25.1147800501579 3.24116699492313
25.2082093844715 3.25990378627402
25.3019862846603 3.2788635857672
25.3961120437021 3.29804221635504
25.4905879593843 3.31759301130172
25.5854153343225 3.33744463771482
25.6805954759781 3.35735894887942
25.7761296966763 3.37738175822648
25.8720193136242 3.39750300301999
25.9682656489293 3.41747477044323
26.0648700296171 3.43729646413961
26.1618337876502 3.45720009840142
26.2591582599459 3.47695596127205
26.356844788395 3.49662344748018
26.4548947198803 3.51640790626248
26.5533094062951 3.53623313276978
26.6520902045621 3.55601647155617
26.7512384766515 3.57581699129263
26.8507555896003 3.59569642895651
26.9506429155313 3.615538234986
27.0509018316712 3.63534506545499
27.1515337203705 3.65533006016196
27.2525399691221 3.67528164098293
27.3539219705804 3.6952018896177
27.4556811225806 3.71523028073424
27.5578188281582 3.73529972009241
27.6603364955679 3.75534110555657
27.7632355383033 3.77541646149355
27.8665173751163 3.79558598333521
27.9701834300368 3.81558520227068
28.0742351323921 3.83518156577286
28.1786739168268 3.85452661378961
28.2835012233224 3.87346992700349
28.3887184972175 3.89201155055727
28.4943271892273 3.91027134474585
28.6003287554639 3.92819147456567
28.7067246574561 3.9457124068018
28.81351636217 3.96284361576526
28.9207053420286 3.97963469093921
29.0282930749329 3.99596587662988
29.1362810442814 4.01183687023083
29.2446707389912 4.02736709658193
29.3534636535184 4.04243701116101
29.4626612878783 4.05704492211725
29.5722651476666 4.07147973461512
29.6822767440801 4.08575236605594
29.7926975939372 4.09980674587498
29.9035292196989 4.11369312460658
30.0147731494902 4.12745866163024
30.1264309171207 4.14100318017571
30.2385040621058 4.15432544397651
30.3509941296883 4.16751480327163
30.4639026708593 4.18044320046154
30.5772312423796 4.1931100757716
30.6909814068016 4.2055745656575
30.8051547324904 4.21780347097917
30.9197527936455 4.22976786816004
31.0347771703225 4.24150757859415
31.1502294484553 4.253058049166
31.2661112198773 4.26433943205465
31.3824240823437 4.27530199537232
31.4991696395536 4.28591817552933
31.616349501172 4.29612773766447
31.733965282852 4.30592682886146
31.852018606257 4.31537391669895
31.9705110990833 4.32443432525664
32.0894443950822 4.33307560554365
32.2088201340828 4.34131477823937
32.3286399620146 4.34916734550761
32.4489055309299 4.35659167600409
32.569618499027 4.36358501190591
32.6907805306726 4.37092971142384
32.8123932964254 4.37867117649007
32.9344584730584 4.38680783782726
33.0569777435824 4.39537964760561
33.1799527972693 4.40436255227938
33.3033853296751 4.41345204857967
33.4272770426635 4.42261126866141
33.5516296444293 4.43184530232435
33.6764448495218 4.44113301058778
33.8017243788689 4.45047528336242
33.9274699598002 4.45989599782918
34.0536833260713 4.46935456155532
34.1803662178875 4.47884509717596
34.3075203819277 4.48836554269841
34.4351475713689 4.4979139302387
34.5632495459097 4.50748695983249
34.6918280717952 4.51709306157978
34.8208849218411 4.52673913651012
34.9504218754581 4.5362773993575
35.0804407186764 4.54540444770763
35.2109432441705 4.55431353120705
35.3419312512837 4.56279998349727
35.4734065460531 4.57085840517411
35.6053709412345 4.57838447260732
35.7378262563273 4.58543056663011
35.8707743175993 4.59203963128106
36.0042169581128 4.5981755980648
36.1381560177486 4.60381075053467
36.2725933432325 4.60906024426459
36.40753078816 4.61393162164708
36.5429702130224 4.61836581149045
36.6789134852321 4.62271310064697
36.8153624791483 4.62701849669863
36.9523190761032 4.63124367425495
37.0897851644277 4.63541360536509
37.2277626394773 4.63954682662915
37.3662534036585 4.64409973059714
37.5052593664551 4.64911218494854
37.6447824444542 4.65460727336348
37.7848245613726 4.66058636587709
37.9253876480839 4.66705414472759
38.0664736426444 4.67401307519814
38.2080844903204 4.68146564720839
38.3502221436146 4.68939153521554
38.4928885622931 4.69780726243496
38.6360857134129 4.70672418020969
38.7798155713483 4.71614407822646
38.9240801178185 4.72607042013997
39.068881341915 4.73650641558161
39.2142212401288 4.74739879987482
39.3601018163781 4.75859151477183
39.5065250820358 4.77017483290096
39.6534930559574 4.78289233255783
39.8010077645086 4.79723230726771
39.9490712415935 4.81318536474509
40.0976855286824 4.8307484119048
40.2468526748401 4.84992644605519
40.3965747367541 4.87072260557236
40.5468537787631 4.89314439861748
40.6976918728852 4.91734202613725
40.8490910988465 4.94341096950834
41.0010535441102 4.97129787513581
41.1535813039047 5.00100883938682
41.3066764812531 5.03256926345045
41.4603411870018 5.06597015609852
41.6145775398498 5.10121281706431
41.7693876663778 5.13832222180054
41.9247737010778 5.17727220248841
42.080737786382 5.21695988187332
42.2372820726929 5.25739295517972
42.3944087184125 5.29862963990858
42.5521198899724 5.34061947934338
42.7104177618635 5.38336633159678
42.869304516666 5.42691322302764
43.0287823450793 5.4712544770582
43.1888534459529 5.51638676863506
43.3495200263157 5.56231500445301
43.5107843014072 5.60904698082982
43.6726484947079 5.65658590963237
43.8351148379697 5.70493880800946
43.9981855712467 5.75408214423131
44.1618629429266 5.80405187466274
44.3261492097609 5.85523326424674
44.4910466368967 5.90824261629108
44.6565574979076 5.96334979998743
44.822684074825 6.02059657969231
44.9894286581698 6.07997245406242
45.1567935469838 6.14147876808939
45.3247810488614 6.20516169674879
45.4933934799815 6.27103064161632
45.6626331651395 6.33902121626585
45.8325024377791 6.40922852169294
46.0030036400248 6.4816734042493
46.1741391227139 6.55592697066739
46.345911245429 6.63200923682568
46.5183223765307 6.70996206685685
46.69137489319 6.78866729785351
46.8650711814213 6.86786880717032
47.0394136361151 6.94751127990612
47.2144046610712 7.0270460227175
47.3900466690317 7.10639639830879
47.5663420817144 7.18564254783379
47.743293329846 7.26478509674683
47.9209028531959 7.34376027997663
48.0991731006096 7.42263303014504
48.2781065300423 7.50143854762909
48.4577056085935 7.58011256559574
48.63797281254 7.65862661029724
48.8189106273711 7.73706879380227
49.000521547822 7.816308987933
49.1828080779086 7.89666135112076
49.3657727309621 7.97830222117775
49.5494180296635 8.06138930287153
49.7337465060782 8.14588590159742
49.9187607016915 8.23197485626914
50.1044631674429 8.31974006095298
50.2908564637618 8.40909341725171
50.4779431606027 8.50000368868421
50.6657258374805 8.59260565570587
50.854207083506 8.68688824719217
51.043389497422 8.78261910334811
51.2332756876387 8.87995780506933
51.4238682722698 8.97830202114778
51.6151698791687 9.07742041824404
51.8071831459647 9.17679639135934
51.9999107200992 9.27642075139682
52.1933552588626 9.37618049363867
52.3875194294302 9.47543123460295
52.5824059089 9.57421916107232
52.7780173843286 9.67226999079068
52.9743565527689 9.76932664451941
53.1714261213071 9.86563361849953
53.3692288070999 9.96118185287995
53.5677673374123 10.0559040267389
53.7670444496548 10.1502105604046
53.9670628914213 10.2441401504598
54.1678254205271 10.3376529602
54.3693348050468 10.4307220662862
54.5715938233525 10.5233991632554
54.7746052641521 10.6156837677255
54.9783719265278 10.7081094744687
55.1828966199745 10.8008627487732
55.3881821644389 10.8940623482069
55.594231390358 10.9881814537498
55.8010471386984 11.0830959819477
56.0086322609952 11.1782806478058
56.2169896193917 11.2736007076788
56.4261220866785 11.3691326474197
56.6360325463332 11.4646169761201
56.8467238925604 11.5600988909752
57.0581990303312 11.6560012272571
57.2704608754236 11.7518515123573
57.4835123544625 11.8475835357557
57.6973564049602 11.9432388670048
57.9119959753568 12.0385422529016
58.1274340250607 12.1333485745071
58.3436735244898 12.2286051905521
58.5607174551122 12.3246722212774
58.7785688094872 12.4212515380189
58.9972305913069 12.5183677947753
59.2167058154372 12.6160814587437
59.4369975079597 12.7145934052143
59.6581087062134 12.8139004235561
59.8800424588363 12.914231996393
60.1028018258077 13.0154769759689
60.3263898784903 13.1177618739536
60.5508096996726 13.2215050418422
60.7760643836113 13.3283913454484
61.0021570360742 13.4383029037149
61.2290907743825 13.5512395352292
61.4568687274545 13.6672914752479
61.685494035848 13.7863763015607
61.9149698518044 13.9085032422906
62.1452993392914 14.0337484154822
62.376485674047 14.1620684087367
62.6085320436233 14.2933016349653
62.8414416474305 14.4266984213065
63.0752176967808 14.5575930640227
63.3098634149326 14.6859508893272
63.5453820371355 14.8117649156274
63.7817768106743 14.9350339931486
64.0190509949139 15.0557453220168
64.2572078613447 15.1738929795373
64.4962506936269 15.2894767220342
64.7361827876367 15.4024894840474
64.9770074515108 15.512922423395
65.2187280056928 15.6204198853915
65.4613477829786 15.7242185944041
65.7048701285624 15.8245555270438
65.9492984000827 15.9220899223772
66.1946359676689 16.0168962280041
66.4408862139876 16.1093058720354
66.688052534289 16.2003376201389
66.9361383364543 16.2898985175464
67.1851470410421 16.3780716410604
67.4350820813359 16.4648897305101
67.6859469033913 16.5501700924577
67.9377449660834 16.6340544579745
68.190479741155 16.7177952170612
68.4441547132637 16.8013845883024
68.6987733800307 16.8846216389677
68.9543392520884 16.9677738172755
69.2108558531293 17.0502936896125
69.4683267199542 17.1316726571372
69.7267554025213 17.2121092755466
69.9861454639949 17.2913571729222
70.2465004807944 17.3688380438752
70.5078240426442 17.4443901782155
70.7701197526224 17.5153734923185
71.0333912272113 17.5817082459794
71.2976420963466 17.6431800408702
71.5628760034677 17.7000088170207
71.8290966055681 17.7521786657
72.0963075732454 17.7994406738472
72.3645125907524 17.8444085253185
72.6337153560475 17.888180186687
72.903919580846 17.9306692424466
73.1751289906711 17.9716352514696
73.4473473249052 18.010324162731
73.7205783368417 18.0466991627725
73.9948257937363 18.0816495924209
74.2700934768597 18.1154953935563
74.5463851815488 18.1483018960604
74.82370471726 18.180322317099
75.1020559076207 18.2115552006217
75.3814425904831 18.2419971228698
75.6618686179762 18.2716086957345
75.9433378565593 18.3000947370702
76.2258541870754 18.3273888759485
76.5094215048047 18.3534774047978
76.7940437195179 18.3783911981473
77.0797247555308 18.4032666966419
77.3664685517576 18.4281481150384
77.654279061766 18.4523332360619
77.9431602538311 18.4753283852957
78.2331161109905 18.4970817536779
78.524150631099 18.5174219540394
78.8162678268838 18.5361956848253
79.1094717259999 18.5533617491691
79.4037663710853 18.5669957412344
79.6991558198174 18.5769938782381
79.9956441449681 18.5832004589735
80.2932354344608 18.585592267135
80.5919337914261 18.5842819231937
80.8917433342586 18.5791435786852
81.192668196674 18.5719908848111
81.4947125277655 18.5640087207301
81.7978804920615 18.5556126079848
82.1021762695827 18.5466631721604
82.4076040558999 18.5366610155925
82.714168062192 18.5255640592322
83.0218725153037 18.5131531147731
83.3307216578039 18.4994200387487
83.6407197480444 18.4846361513666
83.9518710602185 18.4695321446851
84.2641798844197 18.4546777318088
84.5776505267013 18.4402065945626
84.8922873091352 18.4260750219865
85.2080945698721 18.4118136053
85.525076663201 18.3972263867462
85.8432379596091 18.3812923866776
86.1625828458423 18.3638362639641
86.4831157249656 18.3463630907485
86.804841016424 18.3291797145183
87.1277631561029 18.3120745917225
87.4518865963899 18.2949715946663
87.7772158062356 18.2779902503798
88.103755271216 18.2611349395621
88.4315094935933 18.2442551395158
88.760482992379 18.2238292555862
89.0906803033954 18.201528729858
89.4221059793388 18.1770284873872
89.7547645898416 18.1503356147777
90.088660721536 18.1214943339346
90.4237989781166 18.0904654099839
90.7601839804045 18.0572320274556
91.0978203664104 18.0229152649096
91.436712791399 17.9876004701767
91.7768659279529 17.9516026329681
92.1182844660374 17.9151346076352
92.4609731130645 17.8783114289996
92.8049365939585 17.8410666497034
93.1501796512209 17.8034550620609
93.4967070449956 17.7654987921011
93.8445235531347 17.727414762964
94.1936339712644 17.689830786685
94.5440431128511 17.6530915752701
94.8957558092676 17.6171955137813
95.2487769098601 17.5823824371067
95.6031112820147 17.5498981463425
95.9587638112245 17.520393318273
96.3157394011573 17.4928114414275
96.674042973723 17.4672545588475
97.0336794691412 17.4438760739008
97.39465384601 17.4229869576586
97.7569710813735 17.4046918063051
98.1206361707911 17.3874683298402
98.4856541284063 17.3713265617327
98.8520299870155 17.3567771180765
99.2197687981374 17.3439656535204
99.5888756320832 17.3295993542774
99.9593555780259 17.3177071462667
100.331213744071 17.309871697996
100.704455257326 17.3066616175862
101.079085263972 17.3082637742482
101.455108929334 17.3147373285179
101.832531437955 17.3259982064462
102.211357993661 17.3410454235656
102.591593819639 17.3600561052398
102.973244158507 17.383623156096
103.356314272386 17.4119070972596
103.74080944297 17.4461863650972
104.126734971605 17.486467731397
104.514096179357 17.5326229411491
104.902898407086 17.5841957876733
105.293147015521 17.6399979082906
105.684847385335 17.6997055153326
106.078004917216 17.7633212640416
106.472625031943 17.830938219431
106.868713170461 17.9025249105167
107.266274793956 17.9803164434839
107.665315383931 18.0668300777337
108.065840442278 18.1620957309444
108.467855491361 18.2660098020912
108.871366074083 18.377662014033
109.27637775397 18.4970406747171
109.682896115245 18.6185864911895
110.090926762902 18.7388628850816
110.500475322789 18.8579050962859
110.911547441682 18.9760005846974
111.324148787363 19.0933128487709
111.738285048698 19.2098571081742
112.153961935718 19.3272554660962
112.571185179695 19.447136787594
112.98996053322 19.5702078415646
113.410293770289 19.6964913002922
113.832190686372 19.8260877122275
114.255657098502 19.9603092833069
114.680698845352 20.0982235503529
115.107321787315 20.2397953848691
115.535531806584 20.3853632230886
115.965334807235 20.5348348966184
116.396736715309 20.6881734998584
116.829743478891 20.8441356670428
117.264361068193 21.0026311713145
117.700595475639 21.162867856966
118.138452715943 21.3237789194796
118.577938826195 21.4845073943359
119.019059865945 21.6455236710294
119.461821917283 21.8072965368544
119.906231084925 21.9699522012525
120.3522934963 22.1345095153481
120.800015301628 22.3021095477279
121.24940267401 22.4736205176703
121.700461809513 22.6496408298452
122.15319892725 22.8285220030236
122.607620269474 23.0102729916388
123.063732101657 23.1896071473043
123.52154071258 23.3635111995401
123.981052414419 23.5305448099843
124.442273542832 23.690716845067
124.905210457046 23.843930555498
125.369869539945 23.9935386831343
125.836257198157 24.1429173976289
126.304379862144 24.295249139267
126.774243986291 24.4505226410503
127.245856048992 24.6087337324665
127.719222552743 24.7698782278454
128.194350024229 24.9357066839727
128.671245014415 25.1072963260228
129.149914098635 25.2846113600828
129.630363876686 25.4672499929083
130.112600972915 25.6552320681813
130.596632036314 25.8448688804809
131.082463740608 26.0314541556544
131.570102784351 26.2149081326627
132.059555891015 26.3949721491933
132.550829809082 26.571637164995
133.043931312143 26.7423271558473
133.538867198985 26.9069681453941
134.035644293687 27.0659770206591
134.534269445714 27.2193598005713
135.034749530014 27.3660521951954
135.537091447108 27.5064594451743
136.041302123189 27.6412725861291
136.547388510214 27.7711473269638
137.055357586005 27.8955380121522
137.56521635434 28.0158940031003
138.076971845052 28.1338534792595
138.590631114126 28.2499070732179
139.106201243796 28.3625736388757
139.623689342642 28.4718707501384
140.14310254569 28.5781795577507
140.664448014507 28.6848114796928
141.187732937303 28.7934464558231
141.712964529029 28.9057402279017
142.240150031474 29.0197235472038
142.769296713371 29.1341845700816
143.30041187049 29.2491734333036
143.833502825744 29.3652148680776
144.368576929286 29.482147409401
144.905641558614 29.5995449413706
145.444704118671 29.7167877656074
145.985772041946 29.8339295069689
146.528852788578 29.9470478584479
147.073953846458 30.0532177714961
147.621082731334 30.1525466486019
148.170246986912 30.2455795126073
148.721454184961 30.3334164784506
149.274711925419 30.4140366408209
149.830027836496 30.4868730359859
150.387409574779 30.5517544234442
150.946864825339 30.6086269062433
151.508401301835 30.654521428933
152.072026746624 30.6874467793943
152.637748930863 30.7073151849484
153.205575654619 30.7141169783095
153.775514746977 30.707759792305
154.347574066145 30.6897050805657
154.921761499565 30.6675074297401
155.498084964022 30.6447731887725
156.076552405752 30.6223144895126
156.657171800551 30.6028764917
157.239951153886 30.5869730485895
157.824898501005 30.5746156238968
158.412021907047 30.5657996644185
159.001329467157 30.5587844609887
159.592829306591 30.5515652332227
160.186529580835 30.5428122459203
160.78243847571 30.5329857153988
161.380564207495 30.5217419655832
161.980915023028 30.5076998587188
162.583499199831 30.4905070182412
163.188325046216 30.469591097254
163.795400901405 30.4449975090996
164.40473513564 30.4167978339966
165.016336150303 30.3872263949206
165.630212378031 30.3579829268705
166.246372282828 30.330798951807
166.864824360187 30.3067454628629
167.485577137204 30.2859154855242
168.108639172699 30.2637616412459
168.734019057329 30.2391874363389
169.36172541371 30.2121848777929
169.991766896534 30.1805129578125
170.624152192691 30.1402086735108
171.258890021386 30.0905003354185
171.89598913426 30.0304991588602
172.535458315511 29.9603007863571
173.177306382017 29.8800621964684
173.821542183453 29.7948254293625
174.468174602416 29.7073930474913
175.117212554548 29.6199596121365
175.768664988659 29.5357547242797
176.422540886846 29.4547354824504
177.078849264624 29.3760844179032
177.737599171045 29.2961362668312
178.398799688823 29.2109761640451
179.062459934462 29.1205226537832
179.728589058382 29.0275005513127
180.397196245039 28.933317928665
181.068290713059 28.8374282270189
181.741881715363 28.7383347451659
182.417978539291 28.637678959139
183.096590506735 28.5354191018173
183.777726974264 28.431575514885
184.461397333255 28.3303505932775
185.147611010021 28.2368300998614
185.836377465944 28.1529105413155
186.5277061976 28.0778927110787
187.221606736895 28.009681417458
187.918088651195 27.9505865026732
188.617161543456 27.8970314997487
189.318835052359 27.853374354076
190.023118852442 27.8197135316348
190.730022654232 27.795669677574
191.439556204381 27.7736493313103
192.151729285799 27.7521649645355
192.86655171779 27.7305429823914
193.584033356187 27.708833590218
194.304184093485 27.6854534099024
195.027013858983 27.6583573687696
195.752532618918 27.62697221317
196.480750376599 27.5897708575724
197.211677172552 27.5465121119891
197.945323084652 27.4968455612055
198.681698228267 27.4407828077942
199.420812756393 27.3743489617027
200.162676859797 27.2945934541405
200.907300767158 27.2034266164082
201.654694745203 27.1059187272315
202.404869098855 27.0029192863465
203.157834171373 26.8972820308008
203.913600344492 26.7897879159817
204.672178038568 26.6821044135422
205.433577712722 26.5756608141972
206.197809864986 26.4709479598914
206.964885032443 26.3711954227958
207.734813791375 26.2794861440249
208.50760675741 26.1959846824801
209.283274585667 26.1182560986719
210.061827970903 26.0422268539966
210.84327764766 25.969127596299
211.627634390414 25.9005131650829
212.414909013722 25.8449722226789
213.205112372374 25.8029593119947
213.998255361539 25.7753354904537
214.794348916918 25.7579058901004
215.593404014895 25.7497882915088
216.395431672684 25.7509498607775
217.200442948486 25.7569885654573
218.008448941641 25.7662333936504
218.819460792778 25.7772884810446
219.633489683968 25.7901707439362
220.450546838885 25.8006343870548
221.270643522953 25.8047676004999
222.093791043505 25.8004188787174
222.920000749938 25.7888125783914
223.749284033871 25.7699107745559
224.5816523293 25.7436579677554
225.417117112757 25.7115839586142
226.255689903467 25.6727162159191
227.097382263509 25.6248149442216
227.942205797972 25.5708823680909
228.790172155119 25.5112479322719
229.641293026544 25.44569613539
230.495580147337 25.3761668581986
231.35304529624 25.3038308648699
232.213700295818 25.2286967386247
233.077557012612 25.152406993287
233.944627357311 25.0747355024402
234.814923284911 24.9943659559974
235.688456794884 24.9091400722646
236.565239931339 24.8183047496285
237.44528478319 24.7262818386761
238.328603484325 24.6377996961481
239.215208213769 24.5534612407206
240.105111195857 24.4751821592482
240.998324700395 24.4084413491702
241.894861042839 24.3535121711467
242.794732584456 24.3114665054965
243.6979517325 24.276783010123
244.60453094038 24.2489912274836
245.514482707834 24.2288932579232
246.427819581099 24.2193737690297
247.344554153085 24.2194671626216
248.264699063551 24.2257214086711
249.188266999274 24.2351150994654
250.11527069423 24.2460995661746
251.045722929764 24.2611676728733
251.979636534771 24.2791577936199
252.91702438587 24.2998314203323
253.85789940758 24.3165665157165
254.802274572504 24.326688744667
255.750162901502 24.3294429635631
256.701577463874 24.3251856542721
257.656531377538 24.3121164570484
258.615037809212 24.2884982558604
259.577109974596 24.2506297372098
260.542761138553 24.1984821013887
261.512004615294 24.1321726171054
262.484853768559 24.0523632209599
263.461322011801 23.9629432400841
264.441422808376 23.8686231670466
265.42516967172 23.7690049457695
266.412576165545 23.6638382904928
267.403655904018 23.5488014339182
268.398422551953 23.4266585550218
269.396889825 23.2998875404122
270.39907148983 23.1771134205457
271.404981364328 23.0594448885317
272.414633317784 22.9482031247265
273.428041271082 22.8410108734964
274.445219196894 22.7383977745171
275.466181119869 22.6415963518376
276.490941116832 22.5524612655073
277.519513316975 22.4763481279254
278.551911902049 22.4150141980832
279.588151106566 22.3675677102827
280.628245217989 22.3293511559587
281.672208576933 22.3022595000115
282.720055577362 22.2846299339317
283.771800666785 22.2751407267342
284.827458346459 22.271766681718
285.887043171586 22.27603907817
286.950569751514 22.2825222773026
288.018052749942 22.2923334776233
289.089506885116 22.3054103708601
290.164946930037 22.3172302182496
291.244387712663 22.3190231040386
292.327844116112 22.308643400597
293.41533107887 22.2831786370402
294.506863594997 22.2430115796622
295.602456714328 22.1931300992136
296.702125542688 22.1461521930448
297.805885242097 22.102317465213
298.913751030978 22.0518534660613
300.025738184368 21.9870177927946
301.14186203413 21.9126214882997
302.262137969162 21.8304563676628
303.386581435609 21.7444603159085
304.51520793708 21.6556254702457
305.648033034855 21.5638243257445
306.785072348107 21.4709409067154
307.926341554112 21.3761167653898
309.071856388467 21.2782050313612
310.221632645308 21.174521135809
311.375686177524 21.0704599705117
312.534032896982 20.9686293475481
313.69668877474 20.8706452869549
314.86366984127 20.7784678198974
316.03499218668 20.6944073314113
317.210671960934 20.6169656886324
318.390725374075 20.5447726144012
319.57516869645 20.4794500382476
320.764018258932 20.4223971643008
321.957290453147 20.3723482556297
323.1550017317 20.3303012125144
324.3571686084 20.3009264310745
325.563807658489 20.2852726577975
326.774935518872 20.2738380150568
327.990568888343 20.2609825258834
329.210724527818 20.2496108957484
330.435419260565 20.2399750191261
331.664669972436 20.2353496659646
332.898493612101 20.245895343742
334.136907191279 20.2686082030315
335.379927784974 20.2941324835013
336.627572531714 20.315742625268
337.879858633779 20.3340454723706
339.136803357447 20.346359185016
340.398424033226 20.3532923913412
341.664738056097 20.3561897134851
342.935762885749 20.3518390480881
344.211516046826 20.3425254915571
345.492015129163 20.3267610367503
346.777277788032 20.3017865182871
348.067321744384 20.2670898446348
349.362164785094 20.2216714498344
350.661824763204 20.159468172651
351.966319598173 20.0849469812876
353.275667276122 20.0131224534052
354.58988585008 19.9438851889942
355.908993440238 19.8740617504667
357.233008234193 19.8028236592123
358.561948487204 19.7294026632349
359.895832522439 19.6554533360533
361.234678731231 19.5847435759068
362.578505573331 19.5159237886724
363.927331577162 19.4535811363268
365.281175340072 19.4029412588046
366.640055528597 19.3591229295315
368.003990878711 19.319650850033
369.373000196088 19.2992839528741
370.747102356362 19.2965660261639
372.126316305386 19.3115769347616
373.510661059493 19.342798542945
374.900155705758 19.3840297119838
376.294819402263 19.432874297829
377.694671378358 19.4857406521029
379.099730934929 19.5371398739422
380.510017444665 19.5850584586363
381.92555035232 19.6303867863238
383.346349174985 19.6768399771426
384.772433502359 19.7176819609098
386.203822997013 19.7529753677049
387.640537394667 19.7833615027472
389.082596504459 19.8080880530852
390.530020209219 19.8311460957329
391.982828465741 19.8468398799328
393.441041305064 19.843172058482
394.904678832742 19.8259984792658
396.373761229123 19.8091714823506
397.848308749629 19.7862031521735
399.328341725034 19.7567061632362
400.813880561743 19.7210672177612
402.304945742077 19.6779113975503
403.801557824551 19.6396824724518
405.303737444161 19.6069870866486
406.811505312667 19.5733067140245
408.324882218878 19.533895698366
409.843889028939 19.4886593080697
411.368546686621 19.4498790507119
412.898876213606 19.4171312730727
414.434898709779 19.396959400448
415.976635353518 19.3876876580772
417.524107401988 19.3844165833328
419.077336191431 19.3803043150507
420.636343137464 19.3731079534735
422.20114973537 19.3643703025663
423.771777560397 19.3562298441346
425.348248268055 19.3432940845413
426.930583594415 19.335628505027
428.518805356409 19.3349857649286
430.112935452127 19.3427600368731
431.712995861126 19.3466338948519
433.319008644725 19.344726578473
434.930995946316 19.3477859424904
436.548979991665 19.3506908403823
438.172983089221 19.3524646768788
439.803027630423 19.3526325213579
441.439136090005 19.3489380150112
443.081331026313 19.3406238390573
444.72963508161 19.3244381901051
446.384070982391 19.3004454555462
448.044661539696 19.2773702715479
449.711429649423 19.2563075561774
451.384398292646 19.2365570200505
453.063590535931 19.22692112792
454.749029531652 19.2275486151652
456.440738518314 19.2319602863641
458.138740820871 19.2271994709009
459.843059851047 19.2092342126033
461.55371910766 19.2055931330989
463.270742176947 19.2106208515538
464.994152732887 19.2131843504432
466.723974537529 19.21229357679
468.460231441319 19.1984768243802
470.202947383427 19.1634367390763
471.952146392082 19.1155415140321
473.707852584898 19.064470367781
475.470090169211 19.0136204515933
477.238883442408 18.9567759270115
479.014256792265 18.9006575119895
480.796234697286 18.8510341491613
482.584841727032 18.802913577981
484.38010254247 18.747905554298
486.182041896305 18.6958045053311
487.990684633326 18.6597940029159
489.806055690746 18.6232758592431
491.628180098547 18.5800036072821
493.457082979826 18.5418302567294
495.292789551138 18.5156135164298
497.135325122848 18.4970282115873
498.984715099477 18.4717826321509
500.840984980053 18.4498424010561
502.704160358464 18.4418449497792
504.574266923808 18.4461726845252
506.451330460749 18.4662895879157
508.335376849875 18.4875010170458
510.226432068048 18.5126913866254
512.124522188771 18.5413438177037
514.029673382538 18.5647260035254
515.941911917204 18.5883925567753
517.86126415834 18.621349284474
519.787756569601 18.6605467651561
521.721415713088 18.6962810672543
523.662268249716 18.7246738710392
525.610340939583 18.7406710707662
527.565660642334 18.7334137451393
529.528254317536 18.7162056403312
531.498149025047 18.7060757705816
533.475371925393 18.702884613994
535.459950280137 18.6989345762264
537.451911452257 18.6775473306505
539.451282906527 18.6429121018817
541.45809220989 18.5898278191147
543.472367031842 18.5319878136326
545.49413514481 18.4902192292186
547.523424424539 18.4483206582613
549.560262850475 18.3956597895864
551.604678506148 18.3367308874082
553.656699579562 18.2923504971754
555.716354363585 18.2673246327694
557.783671256334 18.2625275124892
559.858678761572 18.2680854132933
561.941405489097 18.2810554457097
564.03188015514 18.3009855255284
566.130131582757 18.3209973083465
568.236188702231 18.3528668643686
570.350080551465 18.3883320805046
572.471836276389 18.4158531570609
574.601485131357 18.4404485727002
576.739056479551 18.4546831826775
578.88457979339 18.4743404139122
581.038084654929 18.4939002874445
583.199600756274 18.5124569269484
585.369157899988 18.5169849093033
587.5467859995 18.513176013179
589.732515079524 18.5100250659497
591.926375276465 18.5120143742621
594.128396838839 18.5214003617616
596.338610127691 18.537189391523
598.557045617011 18.5601632678909
600.783733894154 18.5902001744646
603.018705660264 18.6143496245068
605.261991730696 18.6344358000993
607.513623035441 18.6458455234295
609.773630619552 18.6662332064381
612.042045643573 18.6987227310048
614.318899383969 18.7164267771281
616.604223233554 18.7323682964714
618.898048701927 18.7550656948828
621.200407415909 18.7916227672798
623.51133111997 18.839780361968
625.830851676678 18.8962817120676
628.159001067128 18.9593087317335
630.49581139139 19.0151962564853
632.841314868951 19.0572567509181
635.195543839153 19.0768450627505
637.558530761648 19.0845546658805
639.930308216838 19.0990467244758
642.310908906328 19.1030178000478
644.700365653376 19.1197070185545
647.098711403346 19.1347351787305
649.505979224161 19.1444950013874
651.922202306761 19.154048970944
654.347413965559 19.1596565188677
656.781647638899 19.1520768132112
659.224936889521 19.1426371854976
661.677315405021 19.1352615637277
664.138816998315 19.1435987637529
666.609475608108 19.1657674774589
669.089325299358 19.1904465539531
671.578400263749 19.2188812659795
674.076734820163 19.2526171137143
676.584363415148 19.295112903797
679.101320623398 19.3526726389038
681.627641148229 19.4217266862067
684.163359822055 19.4916178854789
686.708511606871 19.5499290727871
689.263131594734 19.6169303179502
691.827255008246 19.7047380871488
694.400917201039 19.7971641018484
696.984153658268 19.8768621255443
699.576999997092 19.9396680178235
702.179491967171 19.9885442311522
704.791665451156 20.0242726243507
707.413556465187 20.036214747779
710.045201159385 20.0308495094762
712.686635818355 20.005634400186
715.337896861682 19.9610480187031
717.999020844436 19.9152565447817
720.670044457676 19.8850307450777
723.351004528956 19.8778114551468
726.041938022828 19.8873138532242
728.74288204136 19.8914146096758
731.453873824642 19.8875979974609
734.174950751298 19.8809319535103
736.906150339008 19.8922102417393
739.647510245018 19.9209078517014
742.399068266665 19.9482558038696
745.160862341893 19.9840294294766
747.932930549781 20.0412008473885
750.715311111065 20.112296524542
753.508042388666 20.1890064146771
756.311162888217 20.2710553878657
759.124711258597 20.3535484965992
761.948726292463 20.4301604093737
764.783246926784 20.507592685006
767.628312243377 20.5669748530847
770.483961469448 20.6041529229184
773.350233978131 20.6549399195475
776.227169289033 20.7089518833139
779.114807068777 20.752235411698
782.01318713155 20.7757568401854
784.92234943965 20.77924345268
787.842334104041 20.7768077950981
790.773181384902 20.7720546916248
793.714931692182 20.7599694861312
796.667625586163 20.7353055758925
799.63130377801 20.7083204123402
802.606007130343 20.6727849356966
805.591776657789 20.6265910409676
808.588653527558 20.6043736535593
811.596679060002 20.5769577083453
814.615894729193 20.5567131780865
817.646342163485 20.5338994585962
820.688063146098 20.4947431119674
823.741099615688 20.4429166817017
826.805493666926 20.3892992111501
829.881287551079 20.3454456227131
832.968523676594 20.3115767646589
836.06724460968 20.2979317420493
839.177493074898 20.304347997615
842.299311955746 20.3105697543302
845.432744295255 20.3161983837038
848.577833296579 20.3378258686293
851.734622323592 20.3596897176786
854.903154901485 20.3648109738078
858.083474717367 20.3702296847152
861.275625620868 20.3798694334951
864.479651624742 20.3972338349791
867.695596905475 20.3974285113191
870.923505803893 20.3769208088005
874.163422825774 20.3571874493825
877.415392642464 20.3367920712583
880.679460091487 20.3155172978682
883.955670177168 20.2905656298327
887.244068071255 20.2756367251694
890.544699113535 20.285879234314
893.857608812465 20.3012199841614
897.1828428458 20.3393094810662
900.520447061216 20.3847866079102
903.870467476951 20.4092310699525
907.232950282432 20.4326590037578
910.607941838916 20.430635469838
913.99548868013 20.4234103974506
917.395637512907 20.4117164005838
920.808435217838 20.3846623337825
924.233928849912 20.3437006345684
927.672165639167 20.283497110754
931.12319299134 20.2154690348994
934.587058488525 20.1686741955675
938.063809889823 20.1262297974947
941.553495132005 20.0714944598498
945.056162330171 19.9979188529847
948.571859778412 19.9172186726102
952.100635950479 19.8366701730027
955.64253950045 19.7482979681043
959.197619263401 19.6411155669462
962.765924256078 19.5487100223983
966.347503677575 19.4971718400821
969.942406910009 19.4802301585124
973.550683519207 19.4543874891408
977.172383255382 19.428298853157
980.807556053824 19.4106712346077
984.456252035586 19.3825397141954
988.118521508177 19.3735695099548
991.794414966255 19.3514519856516
995.483983092322 19.3207819209757
999.187276757423 19.2895678926076
1002.90434702185 19.2798424051447
1006.63524513584 19.3059806210423
1010.3800225403 19.3452455496986
1014.13873086747 19.3852691433284
1017.9114219417 19.4078654283603
1021.69814778013 19.3964479329184
1025.49896059337 19.3686824431068
1029.31391278631 19.34179342654
1033.14305695876 19.3224354267007
1036.98644590621 19.3057499117745
1040.84413262056 19.3008175392016
1044.71617029083 19.3124942290931
1048.60261230394 19.3336369724056
1052.50351224539 19.3226719682418
1056.41892390001 19.2812902802098
1060.34890125276 19.2387921262618
1064.29349848938 19.1912891993023
1068.25276999721 19.1243311556681
1072.22677036593 19.0588995219339
1076.21555438826 18.9848369820911
1080.21917706079 18.9252923940104
1084.23769358469 18.8874071153489
1088.27115936647 18.8541314515054
1092.31963001878 18.8298968496865
1096.38316136114 18.823627498642
1100.46180942073 18.8301715876456
1104.55563043316 18.8307723949761
1108.66468084322 18.8455963162202
1112.7890173057 18.847009643355
1116.92869668616 18.8432655463131
1121.08377606168 18.8087498255708
1125.25431272169 18.7707535357397
1129.44036416873 18.737052536371
1133.64198811927 18.7087898372212
1137.85924250447 18.7112274109776
1142.09218547102 18.6926459296564
1146.34087538191 18.6742777281246
1150.60537081725 18.6332224567034
1154.88573057506 18.6114063853703
1159.18201367212 18.6027870391639
1163.49427934474 18.6162243774615
1167.8225870496 18.6391942512897
1172.16699646455 18.6757583663972
1176.52756748948 18.6804199001062
1180.90436024707 18.6590998642571
1185.2974350837 18.6194653269485
1189.70685257023 18.5808053202376
1194.13267350285 18.5391866365395
1198.5749589039 18.5027732157862
1203.03377002276 18.4629844721293
1207.50916833664 18.4368228000395
1212.00121555147 18.4055214286534
1216.50997360271 18.3590244200938
1221.03550465623 18.3000090055567
1225.57787110919 18.2555962560437
1230.13713559085 18.2106665069835
1234.71336096344 18.1971779397518
1239.30661032308 18.1824131984195
1243.9169470006 18.1608030525999
1248.54443456241 18.1570224804274
1253.18913681141 18.1772728178604
1257.85111778785 18.1792524620324
1262.53044177021 18.1618344081544
1267.22717327611 18.1305580105555
1271.94137706315 18.0933115399893
1276.67311812987 18.0748042971965
1281.42246171659 18.072937020994
1286.18947330632 18.102901581128
1290.97421862569 18.1318643994703
1295.77676364585 18.1637040238179
1300.59717458334 18.1804638578102
1305.43551790105 18.2293202340939
1310.29186030912 18.2600287772063
1315.16626876584 18.2569674882876
1320.05881047861 18.226436785731
1324.96955290485 18.2175084096574
1329.8985637529 18.1996917680199
1334.84591098301 18.1944485094508
1339.81166280824 18.1809921509198
1344.79588769541 18.1880245057459
1349.79865436604 18.1890849957773
1354.82003179729 18.2040842873497
1359.86008922295 18.1948852870616
1364.91889613434 18.1534160823197
1369.9965222813 18.0991102875073
1375.09303767316 18.0833891789593
1380.20851257966 18.0571497917394
1385.343017532 18.0275096895969
1390.49662332371 18.0057618197181
1395.6694010117 17.970688086722
1400.86142191724 17.982936792541
1406.07275762689 18.0051880150078
1411.30347999353 18.0426922502698
1416.55366113734 18.0688302426422
1421.82337344679 18.0926838317886
1427.11268957965 18.1154785867119
1432.42168246399 18.1356431275815
1437.75042529915 18.1482395368171
1443.09899155681 18.1844768019234
1448.46745498195 18.2458671720226
1453.85588959391 18.290524008406
1459.26436968736 18.3378903224593
1464.69296983337 18.3760031018862
1470.14176488043 18.4193308270804
1475.61082995546 18.4497908996189
1481.10024046487 18.4762231254251
1486.61007209556 18.5116212486853
1492.14040081604 18.5392037951395
1497.69130287738 18.5812207404152
1503.26285481435 18.6150036974503
1508.85513344643 18.6316510930003
1514.46821587884 18.6621625320485
1520.10217950369 18.6957321505634
1525.75710200096 18.7244664468126
1531.43306133963 18.7562425054826
1537.1301357787 18.7924309125165
1542.84840386835 18.814956735219
1548.58794445092 18.8414133801074
1554.34883666208 18.8288269921614
1560.1311599319 18.8379842020676
1565.93499398592 18.8499967528515
1571.76041884628 18.8688259808169
1577.60751483278 18.8781299128683
1583.47636256406 18.9193936544173
1589.36704295864 18.9346885098785
1595.27963723608 18.9727457293077
1601.21422691806 19.0269393330219
1607.17089382956 19.0595092521952
1613.14972009994 19.049751379764
1619.15078816409 19.0289231700521
1625.17418076356 19.0549048793087
1631.21998094772 19.0857544765902
1637.28827207488 19.1342711588215
1643.37913781346 19.1376991201328
1649.49266214312 19.1476173180033
1655.62892935595 19.1888810660013
1661.7880240576 19.2276174285803
1667.97003116847 19.2445110007784
1674.17503592487 19.2803763598828
1680.40312388019 19.3107930878239
1686.6543809061 19.3323534609663
1692.9288931937 19.316249934153
1699.22674725475 19.3253096681472
1705.54802992284 19.3374442655125
1711.89282835457 19.3329544255897
1718.26123003079 19.3526344285808
1724.65332275779 19.3841323746754
1731.06919466848 19.3564282291098
1737.50893422366 19.3443735991255
1743.9726302132 19.3153496955535
1750.46037175728 19.2828770617953
1756.97224830763 19.2964877211652
1763.50834964871 19.2937658490142
1770.06876589903 19.2706221081669
1776.65358751231 19.2469406296467
1783.26290527881 19.2517623652516
1789.8968103265 19.2698592043431
1796.55539412237 19.2980536324146
1803.23874847367 19.2951889128182
1809.94696552921 19.2890854390001
1816.68013778055 19.2797966526688
1823.43835806337 19.2751369454166
1830.22171955869 19.2709368486913
1837.03031579418 19.2509517107224
1843.86424064544 19.2418937910222
1850.72358833728 19.2380142462992
1857.60845344505 19.2492313875858
1864.51893089594 19.255386345937
1871.45511597026 19.2508146656438
1878.41710430278 19.2926387189927
1885.40499188403 19.2986831342026
1892.41887506164 19.3037394680767
1899.45885054167 19.292938250436
1906.52501538993 19.3002700712203
1913.61746703332 19.330593192401
1920.73630326118 19.3473109616159
1927.88162222663 19.3463592362114
1935.05352244795 19.3424260621778
1942.25210280989 19.3117140154601
1949.47746256507 19.2707365547924
1956.72970133535 19.2485715026243
1964.00891911318 19.2295474962189
1971.315216263 19.2255343718316
1978.6486935226 19.2095069314194
1986.00945200454 19.1741957375191
1993.39759319752 19.1032752929517
2000.8132189678 19.0988292774606
2008.25643156057 19.0963993196878
2015.7273336014 19.0929583908426
2023.22602809763 19.0814495793213
2030.75261843979 19.065216175534
2038.30720840305 19.080455694307
2045.88990214862 19.0409602517807
2053.50080422521 18.9932475849943
2061.14001957043 18.9506804306149
2068.80765351232 18.9400692799238
2076.5038117707 18.9572656431679
2084.22860045872 18.9553505538818
2091.98212608424 18.9259779022124
2099.76449555137 18.9330271939683
2107.57581616189 18.9267483652738
2115.41619561679 18.8809379504176
2123.28574201767 18.8828567611926
2131.18456386831 18.9145736436056
2139.11277007613 18.921964624084
2147.07046995368 18.9218368544169
2155.05777322019 18.922330850884
2163.07479000302 18.9253388015475
2171.12163083925 18.9308014601005
2179.19840667714 18.9421156723206
2187.30522887772 18.9427949077633
2195.44220921625 18.9593086852877
2203.60945988384 18.9663599305478
2211.80709348895 18.9507809357134
2220.03522305895 18.9167519356009
2228.29396204169 18.9258862026457
2236.58342430704 18.9498594119177
2244.90372414851 18.9513358920269
2253.25497628476 18.9435939518412
2261.63729586123 18.9411736655798
2270.0507984517 18.9517726621444
2278.49560005991 18.9382114497098
2286.97181712113 18.9207403470992
2295.4795665038 18.8983571480143
2304.0189655111 18.8704474115027
2312.59013188261 18.8741740817215
2321.19318379588 18.8670844027326
2329.82823986813 18.8544573510981
2338.49541915782 18.8164899297407
2347.19484116633 18.7799129565751
2355.9266258396 18.7840089662197
2364.69089356977 18.7085725973144
2373.48776519685 18.6530134044462
2382.3173620104 18.6111222298581
2391.17980575117 18.6134068046542
2400.07521861281 18.5886019310924
2409.00372324354 18.5369870409509
2417.96544274784 18.498397453223
2426.96050068814 18.4680745541341
2435.98902108656 18.4252739020306
2445.05112842657 18.4335293273951
2454.14694765475 18.471176044174
2463.27660418247 18.4813232342602
2472.44022388765 18.4782828430044
2481.63793311651 18.4578189990575
2490.86985868525 18.4294071638678
2500.13612788187 18.4258385098939
2509.43686846789 18.4616413795885
2518.7722086801 18.4679164832016
2528.14227723234 18.4211943589972
2537.54720331731 18.386129287412
2546.98711660828 18.3758468446352
2556.46214726094 18.3727836644196
2565.97242591516 18.3270321044034
2575.51808369681 18.3375015294273
2585.09925221956 18.3394641645147
2594.7160635867 18.329341889338
2604.36865039294 18.3100605049882
2614.05714572626 18.2623461592683
2623.78168316975 18.1997722350687
2633.54239680345 18.1818524940128
2643.33942120615 18.1393124205901
2653.17289145733 18.0910033440443
2663.04294313896 18.0727482314851
2672.94971233738 18.0362987333501
2682.89333564519 18.0017299009056
2692.87395016314 17.9762060128461
2702.89169350199 17.9426803183685
2712.94670378444 17.938257249705
2723.03911964699 17.8887134266021
2733.16908024193 17.8161590754364
2743.33672523916 17.7696340534907
2753.54219482819 17.734031821752
2763.78562972005 17.7068062221544
2774.06717114922 17.6904905949845
2784.38696087559 17.6499977190736
2794.74514118641 17.6302641736071
2805.14185489824 17.583295775031
2815.57724535896 17.5299277724228
2826.05145644968 17.4830076868865
2836.56463258679 17.4063858922701
2847.11691872391 17.3203107932306
2857.7084603539 17.2590086140656
2868.33940351088 17.2398659905261
2879.00989477221 17.1808535247991
2889.72008126055 17.1448208076165
2900.47011064586 17.1099418199921
2911.26013114745 17.0524228324927
2922.09029153602 16.9950086829081
2932.9607411357 16.926822345799
2943.87162982615 16.8546636980961
2954.82310804455 16.8201780404294
2965.81532678776 16.7259015309238
2976.84843761435 16.6914633423116
2987.9225926467 16.6625214008475
2999.0379445731 16.6346545127369
3010.19464664985 16.5819909110778
3021.39285270338 16.534206239213
3032.63271713238 16.4784874866544
3043.91439490991 16.4479194763798
3055.23804158553 16.4006442851901
3066.60381328749 16.3571069360912
3078.01186672482 16.30894320005
3089.46235918954 16.2460958937666
3100.95544855881 16.1972413294816
3112.4912932971 16.1545044042854
3124.07005245839 16.1023426770911
3135.69188568836 16.055858647364
3147.35695322657 16.0026778258503
3159.0654159087 15.9481335326979
3170.81743516875 15.912310465382
3182.61317304128 15.8819744980482
3194.45279216361 15.8340343245405
3206.3364557781 15.771810417676
3218.26432773439 15.7265875852697
3230.23657249166 15.7016525254191
3242.25335512088 15.625432412358
3254.3148413071 15.5801547940094
3266.42119735174 15.5305030109555
3278.57259017489 15.4724746679404
3290.76918731757 15.4143462159935
3303.01115694409 15.3676979954061
3315.29866784434 15.3517902102214
3327.63188943612 15.3197974390797
3340.01099176749 15.3020620203376
3352.43614551909 15.2695271923317
3364.90752200653 15.2421214313586
3377.42529318271 15.1775550831726
3389.98963164021 15.1156612301896
3402.60071061369 15.0625338809411
3415.25870398225 15.0019907244829
3427.96378627182 14.9732877648595
3440.71613265761 14.95514859472
3453.51591896648 14.9360082813825
3466.36332167938 14.8917444209211
3479.25851793381 14.8303872436535
3492.20168552621 14.7945012259077
3505.19300291445 14.7542661324355
3518.23264922029 14.7510013622291
3531.32080423182 14.7081556225744
3544.45764840598 14.6722653671214
3557.64336287101 14.6588831416458
3570.87812942896 14.6707133850689
3584.16213055823 14.6801185161362
3597.49554941602 14.6520634874736
3610.87856984091 14.6464786913861
3624.31137635539 14.6439428653968
3637.79415416837 14.6484422566184
3651.32708917776 14.6401100522877
3664.91036797302 14.6216574154782
3678.54417783777 14.6008176980804
3692.2287067523 14.5710679250944
3705.96414339624 14.5681151712544
3719.75067715111 14.5410290848283
3733.58849810294 14.5682965444593
3747.47779704492 14.5813188124919
3761.41876547999 14.5382986011862
3775.4115956235 14.5370636008766
3789.45648040586 14.5144654325082
3803.55361347522 14.5047341064602
3817.70318920008 14.517489368478
3831.90540267205 14.5031787120653
3846.16044970847 14.5002223019699
3860.46852685515 14.5279798358732
3874.82983138907 14.5178098696934
3889.24456132109 14.4913026142863
3903.7129153987 14.4749936928862
3918.23509310874 14.4674673154487
3932.81129468018 14.4701948407454
3947.44172108682 14.4931258566459
3962.12657405015 14.4809177963781
3976.86605604205 14.462835346402
3991.66037028761 14.4685459020982
4006.50972076797 14.4866008214151
4021.41431222307 14.5064430270983
4036.37435015451 14.5155821348971
4051.39004082838 14.5247010603437
4066.46159127809 14.5227642160208
4081.58920930724 14.5640651470846
4096.77310349248 14.5899793541765
4112.01348318638 14.607967154418
4127.31055852032 14.6260404859483
4142.6645404074 14.6619271990038
4158.07564054532 14.6949299845821
4173.54407141932 14.7164327390842
4189.07004630512 14.7370380197473
4204.65377927183 14.7623261930463
4220.29548518492 14.8008261261325
4235.99537970918 14.8119877166895
4251.7536793117 14.8296153395672
4267.57060126484 14.858004212569
4283.44636364922 14.8923875974289
4299.38118535678 14.9365916526582
4315.37528609372 14.9731707725787
4331.42888638358 15.0089113895631
4347.54220757028 15.0324480142348
4363.71547182114 15.0473854116254
4379.94890212999 15.0700887186198
4396.24272232018 15.1015511225256
4412.59715704774 15.124917968434
4429.01243180443 15.1172868180105
4445.48877292084 15.1272287439464
4462.02640756957 15.1616535145184
4478.62556376828 15.1599473929741
4495.28647038291 15.1594295548465
4512.0093571308 15.1503582937584
4528.79445458383 15.1700305866906
4545.64199417167 15.1642771093329
4562.5522081849 15.1983355713728
4579.52532977826 15.1789665915241
4596.56159297383 15.1808986427161
4613.6612326643 15.1750897501423
4630.82448461615 15.1603385925972
4648.05158547297 15.1960979705575
4665.34277275865 15.2054758068225
4682.69828488072 15.2340736410329
4700.11836113359 15.2349356704278
4717.60324170188 15.2269598370707
4735.15316766371 15.2766910050093
4752.76838099403 15.2492125354682
4770.44912456798 15.2661999752893
4788.1956421642 15.2964598817125
4806.00817846821 15.3183315685379
4823.88697907579 15.3221234792711
4841.83229049635 15.3546510367288
4859.84436015636 15.3247557176359
4877.92343640271 15.3320103558678
4896.06976850618 15.3482741811167
4914.28360666486 15.3905494634041
4932.5652020076 15.4310278629038
4950.91480659747 15.4608369872569
4969.33267343524 15.4615975901169
4987.81905646287 15.4792808146266
5006.374210567 15.509688410951
5024.99839158248 15.5130233508035
5043.69185629588 15.5132894510559
5062.45486244905 15.5189246484796
5081.28766874266 15.5200824736651
5100.19053483977 15.5200586440496
5119.16372136941 15.5222470479249
5138.20748993018 15.4878178176988
5157.32210309384 15.4643976291919
5176.50782440896 15.464085572666
5195.76491840452 15.4539939114975
5215.09365059358 15.4547920186074
5234.49428747691 15.4410789199416
5253.96709654673 15.4119914005979
5273.51234629033 15.4192380106545
5293.1303061938 15.4080086125196
5312.82124674575 15.3980722640509
5332.58543944101 15.3846283025371
5352.42315678444 15.4182059056303
5372.3346722946 15.4278372884788
5392.32026050759 15.4195089556469
5412.38019698081 15.4078579958361
5432.51475829674 15.4019562708526
5452.72422206679 15.3491896146117
5473.00886693511 15.3203774137712
5493.36897258242 15.3370579299041
5513.80481972988 15.3430956480988
5534.31669014299 15.3227626915487
5554.9048666354 15.3211984111326
5575.56963307287 15.3079568178122
5596.31127437719 15.3329550677107
5617.13007653004 15.3075294119433
5638.02632657703 15.303489692895
5659.00031263156 15.336610517206
5680.05232387887 15.3668031309272
5701.18265057998 15.3564119468675
5722.39158407572 15.3646335534145
5743.67941679072 15.3746121905688
5765.04644223748 15.4075499660843
5786.49295502037 15.4491887809895
5808.01925083973 15.4969735483713
5829.62562649593 15.5499527314613
5851.31237989346 15.5851037943333
5873.07981004505 15.6334278694817
5894.92821707578 15.658142083543
5916.85790222723 15.7072658361533
5938.86916786162 15.7759524093632
5960.96231746598 15.8327825274354
5983.13765565636 15.9010971757279
6005.395488182 15.9629077367244
6027.73612192954 15.9970699977804
6050.1598649273 16.0221679368953
6072.66702634946 16.1055565973271
6095.25791652038 16.1776946725278
6117.93284691885 16.2542500074009
6140.69213018238 16.2972306744034
6163.53608011154 16.3850458030353
6186.46501167426 16.4487897552285
6209.47924101016 16.4704955626507
6232.57908543496 16.5034274825438
6255.7648634448 16.5947177414749
6279.03689472068 16.6720421347849
6302.39550013281 16.7448749303226
6325.84100174511 16.7984911136409
6349.37372281957 16.8747905744003
6372.99398782075 16.9228760475345
6396.70212242028 16.982362682033
6420.49845350128 17.0697323667702
6444.38330916293 17.1809902551689
6468.35701872496 17.2839186411838
6492.4199127322 17.357398958949
6516.57232295915 17.4272444359612
6540.81458241452 17.5325682935856
6565.14702534586 17.5918695330593
6589.56998724415 17.6745992346973
6614.08380484842 17.7557748582741
6638.68881615042 17.8092667214053
6663.38536039924 17.8818228799443
6688.17377810601 17.9501036222417
6713.05441104861 18.0216697978431
6738.02760227635 18.0699191431078
6763.09369611472 18.1351526767978
6788.25303817014 18.2108310491675
6813.5059753347 18.2946380109761
6838.85285579099 18.3668379674426
6864.29402901684 18.4772360998351
6889.82984579019 18.570344079365
6915.4606581939 18.6652916073035
6941.18681962062 18.7604954299544
6967.00868477764 18.8559356656823
6992.92660969181 18.9464544854762
7018.94095171442 19.0378228476488
7045.05206952614 19.1337922294401
7071.26032314197 19.2212966069894
7097.56607391621 19.3337652995124
7123.96968454742 19.3793277016805
7150.47151908342 19.442508315338
7177.07194292636 19.5145898177803
7203.77132283768 19.5963644811377
7230.57002694323 19.6657605278262
7257.46842473831 19.7303296672495
7284.46688709279 19.755737448672
7311.5657862562 19.7989061168643
7338.76549586288 19.8462350509797
7366.06639093713 19.8700771198307
7393.46884789835 19.8815117910587
7420.97324456628 19.9103469508446
7448.57996016619 19.9009762209956
7476.28937533407 19.8853703531449
7504.10187212195 19.8517954118096
7532.0178340031 19.8350564440259
7560.03764587737 19.8319568469624
7588.16169407645 19.8223858037536
7616.39036636925 19.8284814695354
7644.72405196718 19.8032780307359
7673.16314152958 19.7585716129698
7701.70802716907 19.7525310543004
7730.35910245697 19.7564675643746
7759.11676242871 19.7225608001609
7787.98140358931 19.6849995201357
7816.95342391881 19.6681061893122
7846.03322287777 19.6465072127222
7875.22120141279 19.5720805920824
7904.51776196203 19.513341483639
7933.92330846076 19.4462776898492
7963.4382463469 19.4086154055244
7993.06298256668 19.3312511593051
8022.79792558017 19.280982874861
8052.64348536698 19.2422123854152
8082.60007343185 19.1592312528914
8112.66810281039 19.0603042285777
8142.84798807473 18.9674687420978
8173.14014533922 18.9131927284546
8203.54499226624 18.8407800145513
8234.06294807188 18.7353524426164
8264.69443353176 18.6652582420098
8295.43987098684 18.6131908863439
8326.29968434921 18.5602438126524
8357.27429910795 18.4869120453298
8388.36414233502 18.4235193695451
8419.56964269112 18.3427955681856
8450.89123043159 18.2655934881479
8482.32933741237 18.2233613149838
8513.88439709597 18.1360216785416
8545.55684455738 18.0394338135938
8577.34711649014 17.943058884619
8609.25565121232 17.8674721871392
8641.28288867257 17.7778004851135
8673.42927045619 17.6740526282453
8705.69523979124 17.5659029532157
8738.0812415546 17.4623883456085
8770.58772227814 17.3501001440463
8803.2151301549 17.2455664621313
8835.96391504519 17.1474531395681
8868.83452848289 17.0319095525819
8901.82742368161 16.9285533866836
8934.94305554094 16.7906621209529
8968.18188065276 16.6823931984258
9001.54435730751 16.5673415889437
9035.03094550052 16.472483542236
9068.64210693833 16.3195059247663
9102.37830504507 16.162239351302
9136.24000496888 16.0153990184813
9170.22767358826 15.8951344392854
9204.34177951857 15.7719784408385
9238.58279311844 15.6412285404608
9272.9511864963 15.5216560004002
9307.44743351684 15.4369330551181
9342.07200980759 15.3417613372311
9376.82539276547 15.2510265870979
9411.70806156333 15.1593073631038
9446.72049715662 15.0833964036817
9481.86318228997 15.0019247437653
9517.13660150386 14.9194186086965
9552.54124114133 14.8300126264926
9588.07758935464 14.7279888447502
9623.74613611202 14.6225584345115
9659.54737320446 14.4882315430668
9695.48179425241 14.3518923357107
9731.54989471268 14.2395083316597
9767.75217188519 14.120221492104
9804.08912491989 14.020815175006
9840.5612548236 13.9255711881386
9877.16906446693 13.8135515761752
9913.91305859123 13.7130251677554
9950.79374381551 13.5978895744081
9987.81162864349 13.5134445562544
10024.9672234705 13.3920887063034
10062.2610405907 13.2928353290993
10099.6935942039 13.1851331518784
10137.265400423 13.0602252783054
10174.9769772805 12.9380270280757
10212.8288447364 12.8189295251486
10250.8215246849 12.7123652638972
10288.9555409616 12.5766318758902
10327.231419351 12.4464188503634
10365.6496875932 12.346167772933
10404.210875392 12.2413169639123
10442.9155144215 12.1216795336357
10481.7641383337 11.9846579045779
10520.7572827658 11.8769908625628
10559.8954853477 11.7578182903225
10599.1792857094 11.6321881721976
10638.6092254881 11.5229915937071
10678.1858483363 11.3902179485938
10717.9096999286 11.2868187362385
10757.7813279699 11.185330166635
10797.8012822023 11.0704187672871
10837.9701144131 10.9349374316475
10878.2883784424 10.8312666895905
10918.7566301905 10.7391190436742
10959.3754276259 10.6192863780885
11000.1453307925 10.5133929073545
11041.0669018179 10.4157135025676
11082.1407049206 10.3101823528457
11123.3673064183 10.1976458181674
11164.7472747353 10.0855002038692
11206.2811804106 9.98140447859175
11247.9695961055 9.88282520568167
11289.8130966117 9.79865150448032
11331.8122588594 9.69569551343341
11373.9676619248 9.59875895345828
11416.2798870383 9.55017229498586
11458.7495175926 9.48333148445427
11501.3771391508 9.41752123153752
11544.1633394541 9.36122766423457
11587.1087084304 9.30628167548235
11630.213838202 9.25520900339566
11673.4793230941 9.19361615366654
11716.9057596427 9.09216500938758
11760.4937466031 9.00826815964421
11804.2438849579 8.92993305122501
11848.1567779254 8.82890041383444
11892.2330309682 8.75136535316569
11936.473251801 8.66707206708441
11980.8780503993 8.58185649663407
12025.4480390078 8.49673596013147
12070.1838321489 8.43276355801279
12115.0860466309 8.33964148702484
12160.1553015568 8.3050069429629
12205.3922183327 8.24409533219561
12250.7974206764 8.20041316400901
12296.371534626 8.15713518722093
12342.1151885484 8.07674702099731
12388.0290131483 8.02925043792144
12434.1136414765 7.98305130353903
12480.3697089389 7.92238241236012
12526.7978533051 7.90576982343004
12573.3987147173 7.86435196071652
12620.1729356991 7.81963107532334
12667.1211611643 7.80605359900233
12714.244038426 7.77852493523368
12761.5422172051 7.76949076530475
12809.0163496398 7.77927536550193
12856.667090294 7.73607724831711
12904.495096167 7.70671655035572
12952.5010267019 7.70987512027462
13000.6855437952 7.72278928674324
13049.0493118056 7.72073212687349
13097.5929975632 7.71219783429076
13146.317270379 7.72384640871711
13195.2228020538 7.72543056339273
13244.3102668874 7.75056872361127
13293.5803416882 7.77686899093566
13343.0337057825 7.80884712149423
13392.6710410235 7.87229214729862
13442.4930318013 7.90909423613223
13492.5003650516 7.95296755195529
13542.6937302658 8.00581295706023
13593.0738195003 8.04812874700579
13643.6413273859 8.11593781966598
13694.3969511376 8.1359897264847
13745.3413905639 8.19452811370048
13796.4753480769 8.24105527255712
13847.7995287016 8.2829740181722
13899.3146400859 8.33446331868986
13951.02139251 8.38944806838577
14002.9204988965 8.45372055256866
14055.0126748202 8.50045965266815
14107.2986385179 8.57591315614686
14159.7791108982 8.64252352995234
14212.4548155516 8.70199173902983
14265.3264787606 8.77150095583904
14318.3948295092 8.83508425055782
14371.6605994936 8.88661326856544
14425.1245231318 8.93193204587231
14478.7873375739 8.98589635552074
14532.6497827125 9.04361365109483
14586.7126011923 9.07541544132753
14640.9765384209 9.12308881555452
14695.442342579 9.16214463215296
14750.1107646304 9.22359508925607
14804.9825583328 9.27977862844403
14860.0584802475 9.33936774394039
14915.3392897509 9.41469622145263
14970.8257490437 9.47783136028971
15026.5186231627 9.56042008914077
15082.4186799901 9.60346392266378
15138.5266902652 9.68139396129195
15194.8434275942 9.74019207734289
15251.3696684613 9.81561124169862
15308.1061922393 9.86279466602827
15365.0537812003 9.94411471598621
15422.2132205266 9.96922802761945
15479.5852983214 10.0103304341202
15537.1708056196 10.0501832320869
15594.9705363991 10.0845345461765
15652.9852875913 10.0992135840026
15711.2158590922 10.1551046435342
15769.6630537736 10.1647148079537
15828.327677494 10.1795824826218
15887.2105391099 10.2127301838588
15946.3124504865 10.2191286033533
16005.6342265097 10.2399540383697
16065.1766850963 10.2458801197293
16124.9406472063 10.2547093786334
16184.9269368535 10.2918310946488
16245.1363811172 10.3180492840977
16305.5698101534 10.3050335755376
16366.2280572065 10.2912140935035
16427.1119586206 10.2796207529551
16488.2223538509 10.2436982975465
16549.5600854758 10.1898121111386
16611.1259992079 10.146875091837
16672.9209439061 10.0496325812694
16734.9457715869 9.95158330709309
16797.2013374366 9.87643209617603
16859.6884998228 9.75488275606575
16922.4081203063 9.6375915165905
16985.3610636531 9.5062576079145
17048.5481978459 9.407446891381
17111.9703940967 9.29905562665104
17175.6285268585 9.16521438109227
17239.523473837 9.060844328031
17303.6561160034 8.89638267483176
17368.027337606 8.75757886301626
17432.6380261827 8.611597563654
17497.489072573 8.43652910807404
17562.5813709306 8.27570029028354
17627.9158187353 8.12822004810909
17693.4933168058 7.99247005928643
17759.3147693119 7.8137455612874
17825.3810837868 7.62791037938655
17891.6931711401 7.55870838699196
17958.2519456698 7.49429655795203
18025.0583250755 7.42707851689912
18092.1132304703 7.35195117907129
18159.4175863943 7.29571135940239
18226.9723208268 7.21912708090716
18294.7783651994 7.1275756994293
18362.8366544084 7.05867635587077
18431.1481268284 6.97872436577502
18499.7137243246 6.90984244463087
18568.5343922661 6.8274311614185
18637.6110795389 6.73484978552745
18706.9447385587 6.6438362965951
18776.5363252847 6.54902564816278
18846.3867992321 6.44423280228933
18916.4971234854 6.32390561930873
18986.8682647123 6.21974597638491
19057.5011931763 6.10112937519536
19128.3968827505 5.98604425163557
19199.5563109307 5.87334684991418
19270.9804588494 5.76435424405363
19342.6703112886 5.62016709277753
19414.6268566943 5.50222555678062
19486.851087189 5.36726038897599
19559.3439985865 5.24528594560534
19632.1065904049 5.09362870581178
19705.1398658807 4.9909220860712
19778.4448319822 4.82842122543116
19852.0224994243 4.70579255709866
19925.8738826813 4.56225919723511
20000.0000000017 4.56225919723511
