88.7292379533455 0
112.153961935718 0.839301706489768
113.832190686372 0.328773619297594
115.535531806584 -0.242764093490705
117.264361068193 -0.872828233581226
119.019059865945 -1.52901630356531
120.800015301628 -2.19935582955917
122.607620269474 -2.92168778202243
124.442273542832 -3.61667169546218
126.304379862144 -4.23608184929669
128.194350024229 -4.89173392083213
130.112600972915 -5.62675484723774
132.059555891015 -6.38226518965678
134.035644293687 -7.0692731499784
136.041302123189 -7.66075147555798
138.076971845052 -8.16964211636874
140.14310254569 -8.6303569703356
142.240150031474 -9.08834089475655
144.368576929286 -9.56724183092004
146.528852788578 -10.0486308299538
148.721454184961 -10.4514659357723
150.946864825339 -10.7430849118065
153.205575654619 -10.8648824776846
155.498084964022 -10.8117023912287
157.824898501005 -10.7575180364628
160.186529580835 -10.7414714015187
162.583499199831 -10.704708162113
165.016336150303 -10.6167683182861
167.485577137204 -10.5306230070217
169.991766896534 -10.4402255407214
172.535458315511 -10.2348555148954
175.117212554548 -9.90917306372103
177.737599171045 -9.59980710222976
180.397196245039 -9.25123986437219
183.096590506735 -8.86738644460526
185.836377465944 -8.49872425459163
188.617161543456 -8.2564983744977
191.439556204381 -8.14658974388305
194.304184093485 -8.07168409823899
197.211677172552 -7.9458312493628
200.162676859797 -7.70678798120549
203.157834171373 -7.32210046140515
206.197809864986 -6.90810128742406
209.283274585667 -6.56743327200384
212.414909013722 -6.30585032858714
215.593404014895 -6.22205935389734
218.819460792778 -6.26067277428306
222.093791043505 -6.2946649843623
225.417117112757 -6.21645641473433
228.790172155119 -6.0264849670175
232.213700295818 -5.75397809161868
235.688456794884 -5.44408187183207
239.215208213769 -5.0976121798098
242.794732584456 -4.86433594983385
246.427819581099 -4.78048725909853
250.11527069423 -4.815024740078
253.85789940758 -4.8929004546683
257.656531377538 -4.89545877111955
261.512004615294 -4.72209518871279
265.42516967172 -4.36505277237579
269.396889825 -3.90158126904869
273.428041271082 -3.44785723998754
277.519513316975 -3.08789347862137
281.672208576933 -2.91810733244072
285.887043171586 -2.89583835017612
290.164946930037 -2.94069196231294
294.506863594997 -2.86989374172935
298.913751030978 -2.68193528630901
303.386581435609 -2.37752984858126
307.926341554112 -2.01194459594766
312.534032896982 -1.58674671143043
317.210671960934 -1.19675347010622
321.957290453147 -0.912972650226573
326.774935518872 -0.774820752480452
331.664669972436 -0.696842944479079
336.627572531714 -0.73633151941407
341.664738056097 -0.735436005968303
346.777277788032 -0.638842835866551
351.966319598173 -0.380701702113953
357.233008234193 -0.0593759841932426
362.578505573331 0.26465435305092
368.003990878711 0.50000785302133
373.510661059493 0.516674315247093
379.099730934929 0.361071992712904
384.772433502359 0.222316588381566
390.530020209219 0.15261628323962
396.373761229123 0.216084197731245
402.304945742077 0.387612996029112
408.324882218878 0.573977048161961
414.434898709779 0.746958534271497
420.636343137464 0.810761486204101
426.930583594415 0.881558618077208
433.319008644725 0.913959427945437
439.803027630423 0.943157545528623
446.384070982391 1.03355016580186
453.063590535931 1.14491216477058
459.843059851047 1.20278135252947
466.723974537529 1.23593755381409
473.707852584898 1.41192413463155
480.796234697286 1.64292723659447
487.990684633326 1.84697176059934
495.292789551138 1.99784600843334
502.704160358464 2.08400590120583
510.226432068048 2.01868624482038
517.86126415834 1.90858555441875
525.610340939583 1.78042224082621
533.475371925393 1.80170650761201
541.45809220989 1.88394332327991
549.560262850475 2.034816930608
557.783671256334 2.12332256729407
566.130131582757 2.00660143521189
574.601485131357 1.82307472259516
583.199600756274 1.68317549134777
591.926375276465 1.60753313219644
600.783733894154 1.44674325229757
609.773630619552 1.28160974533476
618.898048701927 1.09992953573897
628.159001067128 0.801107560975485
637.558530761648 0.583772913894486
647.098711403346 0.442446652020487
656.781647638899 0.334989040361486
666.609475608108 0.229768001062486
676.584363415148 0.0185877573594879
686.708511606871 -0.307502399962515
696.984153658268 -0.706593963879512
707.413556465187 -0.927386088536515
717.999020844436 -0.859501365803513
728.74288204136 -0.873416617436514
739.647510245018 -0.944997737821512
750.715311111065 -1.17544142987851
761.948726292463 -1.53577886924651
773.350233978131 -1.79273719333451
784.92234943965 -1.95248270806951
796.667625586163 -1.93408400716351
808.588653527558 -1.81125081283151
820.688063146098 -1.71656074563952
832.968523676594 -1.54974834494451
845.432744295255 -1.57094067340051
858.083474717367 -1.63392160572051
870.923505803893 -1.65983736923951
883.955670177168 -1.58679751673651
897.1828428458 -1.65417964406651
910.607941838916 -1.76220738296751
924.233928849912 -1.68701032965751
938.063809889823 -1.48467079055851
952.100635950479 -1.19622840719352
966.347503677575 -0.856450177837515
980.807556053824 -0.770221602261514
995.483983092322 -0.688535170709513
