10 4.76416311071049
10.0372009367102 4.76828366103275
10.0745402643896 4.77237101668991
10.1120184978655 4.77642524049063
10.1496361538807 4.78044454478717
10.1873937510998 4.78442849459125
10.2252918101175 4.78837592935511
10.2633308534646 4.79228607803308
10.3015114056161 4.79615778325763
10.3398339929981 4.79999030088401
10.3782991439948 4.80378240734293
10.4169073889563 4.80753315861373
10.4556592602056 4.8112421322881
10.4945552920458 4.81490769085609
10.5335960207679 4.81852923303611
10.5727819846578 4.82210599635929
10.6121137240039 4.82563671410896
10.6515917811047 4.82912093463503
10.6912167002759 4.83255701913034
10.7309890278581 4.83594469485648
10.7709093122244 4.83928317447453
10.8109781037879 4.84257163119996
10.8511959550093 4.8458088724951
10.8915634204045 4.84899391879267
10.9320810565522 4.8521262198369
10.9727494221018 4.85520475932753
11.0135690777806 4.85822928264436
11.0545405864021 4.86119881333361
11.0956645128736 4.86411234550014
11.1369414242037 4.86696924024842
11.1783718895104 4.86976868812817
11.2199564800288 4.87251035359009
11.2616957691193 4.87519294112223
11.3035903322749 4.87781597097593
11.3456407471298 4.88037890298156
11.3878475934668 4.8828805767993
11.4302114532258 4.88532070451572
11.4727329105113 4.8876987407219
11.515412551601 4.89001350210633
11.5582509649534 4.89226496514173
11.6012487412161 4.89445203511872
11.6444064732342 4.89657410338314
11.6877247560581 4.89863051199327
11.7312041869517 4.90062113656125
11.774845365401 4.90254477759602
11.818648893122 4.90440111752949
11.8626153740693 4.90618951302508
11.9067454144441 4.90790926165981
11.9510396227028 4.90956004332811
11.9954986095653 4.91114109104986
12.0401229880234 4.91265192546902
12.0849133733495 4.91409237736475
12.1298703831044 4.91546119011947
12.1749946371469 4.91675865496409
12.2202867576412 4.91798383925689
12.2657473690664 4.91913655982475
12.3113770982243 4.92021583142473
12.3571765742489 4.92122162924951
12.4031464286144 4.92215336331126
12.4492872951442 4.92301064626813
12.4955998100196 4.92379313472637
12.5420846117884 4.92450023163298
12.5887423413741 4.9251320580033
12.6355736420843 4.92568756441616
12.6825791596199 4.92616683883772
12.7297595420838 4.92656927893232
12.7771154399899 4.92689450010491
12.8246475062721 4.92714247108787
12.8723563962932 4.92731232513346
12.9202427678541 4.92740432516243
12.9683072812028 4.92741790778
13.0165505990434 4.9273529746702
13.0649733865454 4.92720880375849
13.1135763113527 4.9269856193405
13.162360043593 4.92668289621546
13.2113252558868 4.92630049491451
13.260472623357 4.92583818981314
13.3098028236379 4.92529589241416
13.3593165368846 4.92467329786901
13.4090144457825 4.92397032081257
13.4588972355569 4.92318689267471
13.5089655939818 4.9223227516585
13.5592202113899 4.92137805970052
13.6096617806823 4.92035266925393
13.6602909973373 4.9192465224855
13.7111085594207 4.91805983226372
13.7621151675953 4.91679250690121
13.8133115251301 4.9154442175649
13.8646983379105 4.91401539130588
13.9162763144479 4.91250557949341
13.9680461658894 4.91091530487062
14.0200086060276 4.90924451628957
14.0721643513105 4.90749334839479
14.1245141208514 4.90566176490763
14.1770586364386 4.90376442758717
14.2297986225456 4.90178708781462
14.2827348063412 4.89972997600682
14.3358679176991 4.89759313047045
14.3891986892083 4.89537666217992
14.442727856183 4.89308104425208
14.496456156673 4.89070606222107
14.5503843314737 4.88825221774665
14.6045131241361 4.88571935835165
14.6588432809775 4.88310788367725
14.7133755510915 4.88041824933053
14.7681106863584 4.87765043171543
14.8230494414556 4.87480487128575
14.8781925738679 4.87188164168183
14.9335408438982 4.86888106151187
14.9890950146774 4.8658033854556
15.0448558521758 4.86264885141776
15.1008241252129 4.85941799884617
15.1570006054682 4.8561110336787
15.2133860674922 4.85272831027758
15.2699812887167 4.84927006525131
15.3267870494654 4.84573661800072
15.3838041329651 4.84212822495249
15.4410333253564 4.83844526669773
15.498475415704 4.8346883092144
15.5561311960084 4.83085756638094
15.6140014612162 4.82695350847335
15.6720870092313 4.82297626062011
15.730388640926 4.81892640272335
15.7889071601517 4.8148044212141
15.8476433737505 4.81061052235998
15.9065980915658 4.80634521215628
15.9657721264536 4.80200876481778
16.0251662942941 4.79760176296179
16.0847814140026 4.79312460234257
16.1446183075405 4.78857761300792
16.2046777999274 4.78396150490775
16.2649607192518 4.77927658793488
16.3254678966828 4.77452331358042
16.3862001664817 4.76970195861338
16.447158366013 4.76481340842164
16.5083433357566 4.75985794281969
16.569755919319 4.7548360426874
16.6313969634448 4.74974813960932
16.6932673180286 4.74459481130629
16.7553678361271 4.73937665247722
16.8176993739698 4.73409406866564
16.880262790972 4.72874759249124
16.9430589497458 4.72333797289598
17.0060887161124 4.71786557374085
17.069352959114 4.71233115578805
17.1328525510256 4.70673502213905
17.1965883673671 4.70107799939739
17.2605612869157 4.69536063767781
17.3247721917173 4.68958364596361
17.3892219670996 4.68374729701646
17.4539115016833 4.677852674332
17.5188416873952 4.67190024740161
17.5840134194801 4.66589073752742
17.649427596513 4.65982497045127
17.7150851204118 4.65370317793129
17.7809868964498 4.64752641078316
17.8471338332678 4.64129499374398
17.9135268428867 4.63501007103901
17.9801668407205 4.62867207527835
18.0470547455885 4.62228178075272
18.1141914797281 4.61584012358668
18.1815779688074 4.60934758032447
18.2492151419383 4.60280516994907
18.3171039316889 4.59621369070293
18.3852452740965 4.58957369569626
18.4536401086808 4.5828862137172
18.5222893784564 4.5761518742342
18.5911940299459 4.56937162072549
18.6603550131934 4.56254622560355
18.7297732817769 4.55567658672321
18.799449792822 4.54876351965879
18.8693855070149 4.54180790260583
18.9395813886156 4.53481069102347
19.0100384054711 4.52777251626302
19.0807575290291 4.52069434429711
19.151739734351 4.51357723615769
19.2229860001258 4.50642189310406
19.2944973086829 4.4992293971746
19.3662746460064 4.49200062238189
19.4383190017482 4.48473614615197
19.5106313692418 4.47743700516121
19.5832127455161 4.47010435641601
19.6560641313089 4.46273883244859
19.7291865310809 4.45534147497134
19.8025809530295 4.44791336439112
19.8762484091027 4.44045532549291
19.950189915013 4.43296832480099
20.0244064902514 4.42632549071704
20.0988991581017 4.41960538893001
20.1736689456542 4.41280856780969
20.2487168838201 4.40593560451155
20.3240440073458 4.39898700324124
20.3996513548271 4.39196368715816
20.4755399687231 4.38486591444507
20.5517108953714 4.37769438051614
20.6281651850019 4.37044959257055
20.7049038917513 4.36313256740041
20.7819280736781 4.3557437462535
20.8592387927765 4.34828369625573
20.9368371149918 4.34075335285983
21.0147241102344 4.33315354529071
21.092900852395 4.32548449404638
21.1713684193594 4.31774736838658
21.2501278930231 4.30994263892728
21.3291803593062 4.30207131511473
21.4085269081689 4.29413418557684
21.4881686336258 4.28613168167314
21.5681066337615 4.27806475430378
21.6483420107456 4.26993373079388
21.7288758708478 4.26173996568129
21.8097093244533 4.25348397759907
21.8908434860779 4.24516698626077
21.9722794743837 4.23678927470439
22.0540184121942 4.22835199528782
22.1360614265099 4.21985567563279
22.2184096485239 4.21130134864988
22.3010642136375 4.20268992087331
22.3840262614756 4.19402216997998
22.4672969359028 4.18529887432698
22.5508773850389 4.17652084721058
22.6347687612749 4.16768893278849
22.7189722212887 4.1588042763905
22.8034889260611 4.149867330666
22.8883200408921 4.140879256024
22.9734667354164 4.13184082694222
23.0589301836202 4.12275291494925
23.1447115638567 4.11361619669991
23.230812058863 4.10443204583653
23.3172328557757 4.09520084934703
23.4039751461482 4.08592382255639
23.491040125966 4.07660152266541
23.5784289956642 4.06723494734297
23.6661429601435 4.05782507814329
23.754183228787 4.0483728301317
23.8425510154766 4.03887857366813
23.9312475386102 4.02934376174872
24.0202740211181 4.01976912417939
24.1096316904802 4.01015527220351
24.1993217787425 4.00050334166651
24.2893455225345 3.99081411253449
24.3797041630861 3.98108847916997
24.4703989462445 3.97132688458763
24.5614311224917 3.96153010933086
24.6528019469616 3.95169930663894
24.7445126794573 3.94183513771246
24.8365645844686 3.93193826173706
24.9289589311891 3.92200917908086
25.0216969935341 3.91204878870066
25.1147800501579 3.90205756540943
25.2082093844715 3.89203606648176
25.3019862846603 3.88198506017924
25.3961120437021 3.87190475302391
25.4905879593843 3.86179593813407
25.5854153343225 3.85165883715988
25.6805954759781 3.8414939785869
25.7761296966763 3.83130201661641
25.8720193136242 3.8210827633602
25.9682656489293 3.81083666034673
26.0648700296171 3.80056433001067
26.1618337876502 3.7902658043168
26.2591582599459 3.7799414688512
26.356844788395 3.76959169061386
26.4548947198803 3.75921666660523
26.5533094062951 3.74881657976268
26.6520902045621 3.73839175358317
26.7512384766515 3.72794233761141
26.8507555896003 3.71746867105972
26.9506429155313 3.70697108054707
27.0509018316712 3.69644976778478
27.1515337203705 3.68590500438686
27.2525399691221 3.67533713333976
27.3539219705804 3.66474609324656
27.4556811225806 3.65413220765128
27.5578188281582 3.64349569029832
27.6603364955679 3.63283664881779
27.7632355383033 3.62215549397403
27.8665173751163 3.61145247068607
27.9701834300368 3.60072785516772
28.0742351323921 3.58998178930227
28.1786739168268 3.57921442412633
28.2835012233224 3.56841338289019
28.3887184972175 3.5575785276603
28.4943271892273 3.5467096950295
28.6003287554639 3.53580713250658
28.7067246574561 3.52487068108862
28.81351636217 3.51390011003876
28.9207053420286 3.50289557021114
29.0282930749329 3.49185689742466
29.1362810442814 3.48078441222084
29.2446707389912 3.46967811177408
29.3534636535184 3.4585378052105
29.4626612878783 3.44736383862996
29.5722651476666 3.4361561252438
29.6822767440801 3.42491433627839
29.7926975939372 3.4136393253168
29.9035292196989 3.40233073426695
30.0147731494902 3.3909891048342
30.1264309171207 3.37961428289126
30.2385040621058 3.36820635544591
30.3509941296883 3.35676563290535
30.4639026708593 3.34529216360686
30.5772312423796 3.33378625284504
30.6909814068016 3.32224797286014
30.8051547324904 3.31067777569838
30.9197527936455 3.29907570944857
31.0347771703225 3.28744184901807
31.1502294484553 3.27577652891681
31.2661112198773 3.26407972861251
31.3824240823437 3.25235191789473
31.4991696395536 3.24059303598225
31.616349501172 3.22880302367536
31.733965282852 3.21698226678644
31.852018606257 3.20513084388037
31.9705110990833 3.19324881837921
32.0894443950822 3.18133612177083
32.2088201340828 3.16939327960094
32.3286399620146 3.15742013049436
32.4489055309299 3.14541675375738
32.569618499027 3.13338307425971
32.6907805306726 3.12131968147929
32.8123932964254 3.10922606013846
32.9344584730584 3.09710244180017
33.0569777435824 3.08494876250976
33.1799527972693 3.07276517330364
33.3033853296751 3.06055181748063
33.4272770426635 3.04830851729422
33.5516296444293 3.03603549011424
33.6764448495218 3.0237331035311
33.8017243788689 3.01140114662122
33.9274699598002 2.99903977896986
34.0536833260713 2.98664912506563
34.1803662178875 2.97422938845211
34.3075203819277 2.9617805755429
34.4351475713689 2.94930265911102
34.5632495459097 2.93679558584019
34.6918280717952 2.92425979864264
34.8208849218411 2.91169534545379
34.9504218754581 2.89910198412929
35.0804407186764 2.88647973106105
35.2109432441705 2.87382885324504
35.3419312512837 2.86114927736907
35.4734065460531 2.8484411674181
35.6053709412345 2.83570482173408
35.7378262563273 2.82294008676669
35.8707743175993 2.81014740273223
36.0042169581128 2.79732700328179
36.1381560177486 2.78447892268411
36.2725933432325 2.77160352371643
36.40753078816 2.75870096943408
36.5429702130224 2.74577153510279
36.6789134852321 2.73281560728483
36.8153624791483 2.71983368756789
36.9523190761032 2.70682585073954
37.0897851644277 2.69379282659414
37.2277626394773 2.68073497195775
37.3662534036585 2.66765272900339
37.5052593664551 2.65454674093238
37.6447824444542 2.64141754494073
37.7848245613726 2.62826570728918
37.9253876480839 2.61509203779747
38.0664736426444 2.60189721051151
38.2080844903204 2.58868176284846
38.3502221436146 2.57544663279208
38.4928885622931 2.5621921022169
38.6360857134129 2.54891909156168
38.7798155713483 2.53562815779082
38.9240801178185 2.52232054727373
39.068881341915 2.50899655975159
39.2142212401288 2.49565747882647
39.3601018163781 2.4823038124468
39.5065250820358 2.46893644762207
39.6534930559574 2.45555629911077
39.8010077645086 2.44216391563879
39.9490712415935 2.42876035986971
40.0976855286824 2.4153466379815
40.2468526748401 2.40192339288764
40.3965747367541 2.38849147216591
40.5468537787631 2.37505193848234
40.6976918728852 2.36160552171076
40.8490910988465 2.34815327457116
41.0010535441102 2.33469608140539
41.1535813039047 2.32123540486417
41.3066764812531 2.30777185358486
41.4603411870018 2.29430656309598
41.6145775398498 2.28084056414678
41.7693876663778 2.26737493821742
41.9247737010778 2.25391074799314
42.080737786382 2.24044907941881
42.2372820726929 2.2269909627306
42.3944087184125 2.2135370879571
42.5521198899724 2.20008902395023
42.7104177618635 2.18664744811697
42.869304516666 2.17321370164208
43.0287823450793 2.15978866691645
43.1888534459529 2.14637352783672
43.3495200263157 2.13296946540948
43.5107843014072 2.11957743105901
43.6726484947079 2.10619831120506
43.8351148379697 2.09283353422846
43.9981855712467 2.07948367616445
44.1618629429266 2.06615010238149
44.3261492097609 2.05283388553603
44.4910466368967 2.03953617698283
44.6565574979076 2.02625798513678
44.822684074825 2.01300032702954
44.9894286581698 1.99976443100346
45.1567935469838 1.98655108299205
45.3247810488614 1.97336105049809
45.4933934799815 1.960195651399
45.6626331651395 1.94705565686171
45.8325024377791 1.93394224756241
46.0030036400248 1.92085618374814
46.1741391227139 1.90779905314247
46.345911245429 1.89477154499407
46.5183223765307 1.88177495096968
46.69137489319 1.86881026931715
46.8650711814213 1.85587891790747
47.0394136361151 1.84298172142856
47.2144046610712 1.83011982077347
47.3900466690317 1.81729415197888
47.5663420817144 1.80450585866126
47.743293329846 1.7917557523569
47.9209028531959 1.77904470100563
48.0991731006096 1.76637384272551
48.2781065300423 1.75374407920062
48.4577056085935 1.74115609555897
48.63797281254 1.7286105211556
48.8189106273711 1.71610830815978
49.000521547822 1.70365056683667
49.1828080779086 1.69123772732967
49.3657727309621 1.67887044886492
49.5494180296635 1.6665493869494
49.7337465060782 1.65427558822156
49.9187607016915 1.64204967576618
50.1044631674429 1.62987232838903
50.2908564637618 1.61774455245815
50.4779431606027 1.6056668717223
50.6657258374805 1.59364028110288
50.854207083506 1.58166555437591
51.043389497422 1.56974348963399
51.2332756876387 1.55787497472264
51.4238682722698 1.54606080011655
51.6151698791687 1.53430224242736
51.8071831459647 1.52260056253494
51.9999107200992 1.51095665693822
52.1933552588626 1.49937173019814
52.3875194294302 1.48784725721984
52.5824059089 1.47638441122647
52.7780173843286 1.46498449444925
52.9743565527689 1.45364868008613
53.1714261213071 1.44237837261071
53.3692288070999 1.43117505536329
53.5677673374123 1.42003974730982
53.7670444496548 1.40897390250588
53.9670628914213 1.39797860645921
54.1678254205271 1.38705545472609
54.3693348050468 1.37620546850109
54.5715938233525 1.3654299804001
54.7746052641521 1.35473017402814
54.9783719265278 1.34410716707596
55.1828966199745 1.33356206836481
55.3881821644389 1.32309599299749
55.594231390358 1.31270949226254
55.8010471386984 1.30240372052392
56.0086322609952 1.2921793409085
56.2169896193917 1.28203736808343
56.4261220866785 1.2719783673104
56.6360325463332 1.26200324285493
56.8467238925604 1.25211258986515
57.0581990303312 1.24230699338244
57.2704608754236 1.23258729332526
57.4835123544625 1.22295415020356
57.6973564049602 1.21340821088237
57.9119959753568 1.20394997923997
58.1274340250607 1.19457995874535
58.3436735244898 1.18529862191632
58.5607174551122 1.17610629656731
58.7785688094872 1.16700348618509
58.9972305913069 1.15799046334855
59.2167058154372 1.14906793461505
59.4369975079597 1.14023571114449
59.6581087062134 1.13149441386169
59.8800424588363 1.12284402714845
60.1028018258077 1.11428521368028
60.3263898784903 1.10581833420141
60.5508096996726 1.09744379547494
60.7760643836113 1.08916213666094
61.0021570360742 1.08097373568709
61.2290907743825 1.07287939418404
61.4568687274545 1.06487933412149
61.685494035848 1.0569742809729
61.9149698518044 1.04916472001574
62.1452993392914 1.0414513217097
62.376485674047 1.03383466929185
62.6085320436233 1.02631527000028
62.8414416474305 1.01889386532719
63.0752176967808 1.01157101272777
63.3098634149326 1.00434707996303
63.5453820371355 0.997222451529691
63.7817768106743 0.990197622613723
64.0190509949139 0.983273274971316
64.2572078613447 0.976449860862587
64.4962506936269 0.969727669034786
64.7361827876367 0.963106970206399
64.9770074515108 0.956588122356791
65.2187280056928 0.950171381695966
65.4613477829786 0.943856605432507
65.7048701285624 0.937644081019449
65.9492984000827 0.931533715093746
66.1946359676689 0.92552528034851
66.4408862139876 0.919618517337313
66.688052534289 0.913813237730237
66.9361383364543 0.908109182774839
67.1851470410421 0.902505752796531
67.4350820813359 0.897002725899374
67.6859469033913 0.891599898876258
67.9377449660834 0.886297081963467
68.190479741155 0.881093340088865
68.4441547132637 0.875989017469419
68.6987733800307 0.870983542151355
68.9543392520884 0.866076740766497
69.2108558531293 0.861268686406336
69.4683267199542 0.856558868338857
69.7267554025213 0.851947288343117
69.9861454639949 0.847434003703433
70.2465004807944 0.843019027140075
70.5078240426442 0.838702059153506
70.7701197526224 0.834483173760736
71.0333912272113 0.83036212858929
71.2976420963466 0.826338884625215
71.5628760034677 0.8224130986263
71.8290966055681 0.818584734022753
72.0963075732454 0.814853381297582
72.3645125907524 0.811218732760486
72.6337153560475 0.807680424223158
72.903919580846 0.804237859245958
73.1751289906711 0.800890594540503
73.4473473249052 0.797637747620412
73.7205783368417 0.794478459008554
73.9948257937363 0.79141199898521
74.2700934768597 0.788437156494365
74.5463851815488 0.785552761003744
74.82370471726 0.782757512686428
75.1020559076207 0.780050216403147
75.3814425904831 0.777429510640397
75.6618686179762 0.774893571887346
75.9433378565593 0.772440835750918
76.2258541870754 0.770069719730983
76.5094215048047 0.767778327798966
76.7940437195179 0.765564872836019
77.0797247555308 0.763427384163915
77.3664685517576 0.761364116888557
77.654279061766 0.75937288771286
77.9431602538311 0.757451793459056
78.2331161109905 0.755598935708186
78.524150631099 0.753812164082562
78.8162678268838 0.752090153945428
79.1094717259999 0.750430719041529
79.4037663710853 0.748832330816616
79.6991558198174 0.747293075354814
79.9956441449681 0.745811410925628
80.2932354344608 0.744385492197662
80.5919337914261 0.74301443358809
80.8917433342586 0.741696035327494
81.192668196674 0.740428907309004
81.4947125277655 0.739211522367861
81.7978804920615 0.738042534311128
82.1021762695827 0.736919992907371
82.4076040558999 0.735842404964253
82.714168062192 0.734808238322239
83.0218725153037 0.733815826527338
83.3307216578039 0.732863558118363
83.6407197480444 0.73194961497936
83.9518710602185 0.731072332007152
84.2641798844197 0.730229871205578
84.5776505267013 0.729420825850425
84.8922873091352 0.72864304560758
85.2080945698721 0.727894585434103
85.525076663201 0.727173446461756
85.8432379596091 0.726477259081494
86.1625828458423 0.725803940636981
86.4831157249656 0.725150959344296
86.804841016424 0.724515951676694
87.1277631561029 0.723896618778052
87.4518865963899 0.723290450429007
87.7772158062356 0.722694853399513
88.103755271216 0.722107683858564
88.4315094935933 0.721526395780147
88.760482992379 0.72094838897972
89.0906803033954 0.720371447736452
89.4221059793388 0.719793165899131
89.7547645898416 0.719211419826224
90.088660721536 0.718624258510038
90.4237989781166 0.718029719508062
90.7601839804045 0.717425881096186
91.0978203664104 0.716810821042993
91.436712791399 0.716182411200591
91.7768659279529 0.715539259951088
92.1182844660374 0.714879175053963
92.4609731130645 0.714200555373129
92.8049365939585 0.713501615920726
93.1501796512209 0.712780785212754
93.4967070449956 0.712036305481882
93.8445235531347 0.711266355204977
94.1936339712644 0.710469560325316
94.5440431128511 0.709644390484391
94.8957558092676 0.708789369922541
95.2487769098601 0.707902976147978
95.6031112820147 0.706984082183573
95.9587638112245 0.706031012014462
96.3157394011573 0.705042384182555
96.674042973723 0.704016858939784
97.0336794691412 0.702953363908787
97.39465384601 0.701850682935539
97.7569710813735 0.700707866220607
98.1206361707911 0.699523711341011
98.4856541284063 0.698297422528367
98.8520299870155 0.697028355058499
99.2197687981374 0.695715557116391
99.5888756320832 0.694358390871714
99.9593555780259 0.692956151796445
100.331213744071 0.691508341879655
100.704455257326 0.690014414130999
101.079085263972 0.688474112731925
101.455108929334 0.686887008175995
101.832531437955 0.685252971450347
102.211357993661 0.683571802454269
102.591593819639 0.681843307275439
102.973244158507 0.68006738367463
103.356314272386 0.678243519859448
103.74080944297 0.676371931145898
104.126734971605 0.674452280278658
104.514096179357 0.672484436673389
104.902898407086 0.670468361781853
105.293147015521 0.668403930535713
105.684847385335 0.666291569634693
106.078004917216 0.664131200434143
106.472625031943 0.66192274570431
106.868713170461 0.659666270036705
107.266274793956 0.657362482506327
107.665315383931 0.655011398607315
108.065840442278 0.652613338847096
108.467855491361 0.650168823640034
108.871366074083 0.647678419404897
109.27637775397 0.645142523300945
109.682896115245 0.642561963159169
110.090926762902 0.639937765311283
110.500475322789 0.637270383301002
110.911547441682 0.634561096102201
111.324148787363 0.631810585725225
111.738285048698 0.629019615177217
112.153961935718 0.626189433424924
112.571185179695 0.623320737461697
112.98996053322 0.620414761303889
113.410293770289 0.617472169371879
113.832190686372 0.614493592364002
114.255657098502 0.611479739021722
114.680698845352 0.608431154367802
115.107321787315 0.605348174502272
115.535531806584 0.602231390436843
115.965334807235 0.599081091494269
116.396736715309 0.595898120123821
116.829743478891 0.592682659776603
117.264361068193 0.589435198572171
117.700595475639 0.586156726943963
118.138452715943 0.582847455059281
118.577938826195 0.579508192302412
119.019059865945 0.576139628303067
119.461821917283 0.572742461373127
119.906231084925 0.569317288362315
120.3522934963 0.5658648491722
120.800015301628 0.562385979007673
121.24940267401 0.558881032238437
121.700461809513 0.555350834148174
122.15319892725 0.551796038622179
122.607620269474 0.548217470455293
123.063732101657 0.544615708432882
123.52154071258 0.540991477640831
123.981052414419 0.53734513327714
124.442273542832 0.53367741044375
124.905210457046 0.529988690494709
125.369869539945 0.526279354445985
125.836257198157 0.522549503625905
126.304379862144 0.518799550809203
126.774243986291 0.51502984982896
127.245856048992 0.511240797008844
127.719222552743 0.507432553428734
128.194350024229 0.50360502397946
128.671245014415 0.499758629499466
129.149914098635 0.495893645011618
129.630363876686 0.492010525989652
130.112600972915 0.488109481782527
130.596632036314 0.484191362378078
131.082463740608 0.480256482941885
131.570102784351 0.476305587141296
132.059555891015 0.47233922037545
132.550829809082 0.468358228350689
133.043931312143 0.464363571374649
133.538867198985 0.460355928752671
134.035644293687 0.456336131519611
134.534269445714 0.452305102766861
135.034749530014 0.448263906638869
135.537091447108 0.4442130892783
136.041302123189 0.440153371410084
136.547388510214 0.436085838121035
137.055357586005 0.43201116187186
137.56521635434 0.427930096422614
138.076971845052 0.423843623729689
138.590631114126 0.419752183299551
139.106201243796 0.415656533157098
139.623689342642 0.411557485668696
140.14310254569 0.407454848254043
140.664448014507 0.403349109596165
141.187732937303 0.399240452472825
141.712964529029 0.395128912574757
142.240150031474 0.391014913286202
142.769296713371 0.386898398012739
143.30041187049 0.382779922285366
143.833502825744 0.378659445322483
144.368576929286 0.374537839319888
144.905641558614 0.370415471688751
145.444704118671 0.366292945994121
145.985772041946 0.362170780106084
146.528852788578 0.358049289333002
147.073953846458 0.353929259328937
147.621082731334 0.349811208247272
148.170246986912 0.345695456948258
148.721454184961 0.34158280351716
149.274711925419 0.337473640100781
149.830027836496 0.333368763845786
150.387409574779 0.329268592370314
150.946864825339 0.325174255275727
151.508401301835 0.321086372911028
152.072026746624 0.317005281708573
152.637748930863 0.312931925157814
153.205575654619 0.308866761463912
153.775514746977 0.304810431542865
154.347574066145 0.300763728314839
154.921761499565 0.296727772009604
155.498084964022 0.292703058382783
156.076552405752 0.288690271970383
156.657171800551 0.284690182778986
157.239951153886 0.280703251200993
157.824898501005 0.276729848272925
158.412021907047 0.272769895194584
159.001329467157 0.268824005588444
159.592829306591 0.264891794878705
160.186529580835 0.260973105240527
160.78243847571 0.257067931272632
161.380564207495 0.253175895093387
161.980915023028 0.249296995691018
162.583499199831 0.245431116967138
163.188325046216 0.241577864355745
163.795400901405 0.237737199888593
164.40473513564 0.233908174130257
165.016336150303 0.230090337473428
165.630212378031 0.226283473248484
166.246372282828 0.222487114302929
166.864824360187 0.21870095153965
167.485577137204 0.214924739341411
168.108639172699 0.211158675565751
168.734019057329 0.207402413904858
169.36172541371 0.203656011596803
169.991766896534 0.199919677930045
170.624152192691 0.19619335488824
171.258890021386 0.192477236631531
171.89598913426 0.188771856010191
172.535458315511 0.185077532300563
173.177306382017 0.181394731530676
173.821542183453 0.17772390859295
174.468174602416 0.174065017099129
175.117212554548 0.170418809254367
175.768664988659 0.166785212925973
176.422540886846 0.163164491217238
177.078849264624 0.159556613375645
177.737599171045 0.155961425440389
178.398799688823 0.152379265113831
179.062459934462 0.148810054962662
179.728589058382 0.145253702689545
180.397196245039 0.141710325131786
181.068290713059 0.138179895069191
181.741881715363 0.134662198476943
182.417978539291 0.131157241480481
183.096590506735 0.12766491805098
183.777726974264 0.124184909963143
184.461397333255 0.120717127611896
185.147611010021 0.117261761347234
185.836377465944 0.113818547562773
186.5277061976 0.11038757356452
187.221606736895 0.106968573612943
187.918088651195 0.103561348598618
188.617161543456 0.100165386089921
189.318835052359 0.0967805600958913
190.023118852442 0.0934067726388657
190.730022654232 0.0900438263683663
191.439556204381 0.0866918482661916
192.151729285799 0.0833512853380833
192.86655171779 0.0800225832635517
193.584033356187 0.0767058171765198
194.304184093485 0.0734015725023438
195.027013858983 0.0701100186638115
195.752532618918 0.0668315531739045
196.480750376599 0.0635659589601802
197.211677172552 0.0603131234652263
197.945323084652 0.0570734358650276
198.681698228267 0.0538470257245693
199.420812756393 0.0506348721643191
200.162676859797 0.0474377337739007
200.907300767158 0.0442562694905666
201.654694745203 0.0410914124924995
202.404869098855 0.0379436645802276
203.157834171373 0.0348138302345466
203.913600344492 0.031702132041751
204.672178038568 0.0286089259887223
205.433577712722 0.0255343807589981
206.197809864986 0.0224789333063091
206.964885032443 0.0194429629484301
207.734813791375 0.0164268022302991
208.50760675741 0.0134308443919071
209.283274585667 0.0104550875070002
210.061827970903 0.00749970818445078
210.84327764766 0.0045645245060113
211.627634390414 0.00164944997587746
212.414909013722 -0.00124584506927761
213.205112372374 -0.00412169455742362
213.998255361539 -0.00697884011303884
214.794348916918 -0.0098177523658638
215.593404014895 -0.0126388015495609
216.395431672684 -0.0154422820648037
217.200442948486 -0.0182287659091429
218.008448941641 -0.0209984783526878
218.819460792778 -0.0237520323995488
219.633489683968 -0.0264899249707549
220.450546838885 -0.0292126204286269
221.270643522953 -0.0319205215116884
222.093791043505 -0.0346138448059703
222.920000749938 -0.0372927854724088
223.749284033871 -0.0399571588493375
224.5816523293 -0.042606407555529
225.417117112757 -0.0452401952811776
226.255689903467 -0.0478579293222916
227.097382263509 -0.0504585074138166
227.942205797972 -0.0530411969877669
228.790172155119 -0.0556047739067171
229.641293026544 -0.0581483441039152
230.495580147337 -0.060670737410466
231.35304529624 -0.0631711541842073
232.213700295818 -0.0656490921550503
233.077557012612 -0.0681028739408527
233.944627357311 -0.0705315547573484
234.814923284911 -0.0729341781205113
235.688456794884 -0.0753095387284963
236.565239931339 -0.0776565885685185
237.44528478319 -0.0799742343279899
238.328603484325 -0.0822618787810319
239.215208213769 -0.0845186782502401
240.105111195857 -0.0867444817580134
240.998324700395 -0.0889391835862607
241.894861042839 -0.0911034251533733
242.794732584456 -0.0932371834984602
243.6979517325 -0.0953411761591472
244.60453094038 -0.0974159551604545
245.514482707834 -0.0994623378353081
246.427819581099 -0.101481229229889
247.344554153085 -0.103473092602158
248.264699063551 -0.105438790177663
249.188266999274 -0.107378414707656
250.11527069423 -0.10929291306445
251.045722929764 -0.111182352848312
251.979636534771 -0.113046714853277
252.91702438587 -0.114886426513626
253.85789940758 -0.116701678112901
254.802274572504 -0.11849208166628
255.750162901502 -0.120257251148403
256.701577463874 -0.121996837280024
257.656531377538 -0.123710053232224
258.615037809212 -0.125396637729193
259.577109974596 -0.12705578039522
260.542761138553 -0.128687128808608
261.512004615294 -0.130290310768446
262.484853768559 -0.131865083189487
263.461322011801 -0.133411129108575
264.441422808376 -0.134928115201629
265.42516967172 -0.136415565767346
266.412576165545 -0.137873308328838
267.403655904018 -0.139300515642756
268.398422551953 -0.140696593480108
269.396889825 -0.142061467797604
270.39907148983 -0.143395260690647
271.404981364328 -0.144698055316325
272.414633317784 -0.145970672780082
273.428041271082 -0.147214105652224
274.445219196894 -0.148428985234099
275.466181119869 -0.149616447076052
276.490941116832 -0.15077739068582
277.519513316975 -0.151913089857051
278.551911902049 -0.153024199948452
279.588151106566 -0.154111293571245
280.628245217989 -0.155174981859118
281.672208576933 -0.156215571590317
282.720055577362 -0.157234149945873
283.771800666785 -0.158231569209049
284.827458346459 -0.159208874714493
285.887043171586 -0.160167011167148
286.950569751514 -0.16110714507024
288.018052749942 -0.16203035963416
289.089506885116 -0.162937621876382
290.164946930037 -0.16382948322445
291.244387712663 -0.164706289047938
292.327844116112 -0.165568408766839
293.41533107887 -0.166416178971431
294.506863594997 -0.16724990122824
295.602456714328 -0.168069904576828
296.702125542688 -0.168876464663735
297.805885242097 -0.169669556328865
298.913751030978 -0.170449559408824
300.025738184368 -0.171216553324127
301.14186203413 -0.171970440483197
302.262137969162 -0.172710772447895
303.386581435609 -0.173437271833809
304.51520793708 -0.174149162378678
305.648033034855 -0.17484638177577
306.785072348107 -0.175528620609493
307.926341554112 -0.176195569718884
309.071856388467 -0.176847052946642
310.221632645308 -0.177482294353654
311.375686177524 -0.167675165023558
312.534032896982 -0.157833401463195
313.69668877474 -0.147958837260914
314.86366984127 -0.138051792579067
316.03499218668 -0.128109651291645
317.210671960934 -0.118129697221116
318.390725374075 -0.108117580009407
319.57516869645 -0.0980674376095704
320.764018258932 -0.0879825973061232
321.957290453147 -0.0778640081282962
323.1550017317 -0.0677089502217274
324.3571686084 -0.0575124228835965
325.563807658489 -0.0472595242869979
326.774935518872 -0.0369470720450049
327.990568888343 -0.0265776471542953
329.210724527818 -0.016137958496091
330.435419260565 -0.00564604471702465
331.664669972436 0.00491794141455976
332.898493612101 0.0155366048150063
334.136907191279 0.026199353817013
335.379927784974 0.036897650675388
336.627572531714 0.0476417634386918
337.879858633779 0.0584263011092663
339.136803357447 0.0692412184398464
340.398424033226 0.0800514821246306
341.664738056097 0.0908794048118075
342.935762885749 0.101693434077896
344.211516046826 0.112503378587275
345.492015129163 0.123330117867541
346.777277788032 0.13410498812427
348.067321744384 0.144828972375486
349.362164785094 0.155478247793062
350.661824763204 0.166054929642392
351.966319598173 0.176543064719148
353.275667276122 0.186964569712069
354.58988585008 0.19729359253529
355.908993440238 0.207544748034845
357.233008234193 0.217731646880759
358.561948487204 0.22787284959137
359.895832522439 0.237964963031212
361.234678731231 0.248005151436128
362.578505573331 0.258037671454026
363.927331577162 0.268013089182082
365.281175340072 0.278012258656817
366.640055528597 0.288073799431964
368.003990878711 0.298173894693207
369.373000196088 0.308381632666711
370.747102356362 0.318693649062446
372.126316305386 0.329083858770575
373.510661059493 0.339575170911494
374.900155705758 0.350197154336894
376.294819402263 0.360908139566706
377.694671378358 0.371732236286592
379.099730934929 0.382654607554801
380.510017444665 0.393716065286893
381.92555035232 0.404825823470582
383.346349174985 0.416044447867321
384.772433502359 0.427331054240129
386.203822997013 0.438662311044945
387.640537394667 0.450018164500097
389.082596504459 0.46143905800802
390.530020209219 0.472770513989891
391.982828465741 0.484030670309476
393.441041305064 0.495202322212633
394.904678832742 0.50630050832339
396.373761229123 0.517269119790764
397.848308749629 0.528115928708603
399.328341725034 0.538858648855125
400.813880561743 0.549475144697538
402.304945742077 0.56003262011753
403.801557824551 0.57053509158741
405.303737444161 0.581038350596241
406.811505312667 0.591473508832062
408.324882218878 0.601827995119097
409.843889028939 0.61213377466549
411.368546686621 0.622308378886181
412.898876213606 0.632354033367663
414.434898709779 0.642312679628854
415.976635353518 0.652217452456809
417.524107401988 0.662021581157972
419.077336191431 0.671786955972746
420.636343137464 0.681505396830436
422.20114973537 0.691173984990689
423.771777560397 0.700799985036514
425.348248268055 0.710396922543101
426.930583594415 0.720093659178079
428.518805356409 0.729804415932151
430.112935452127 0.739579004652295
431.712995861126 0.749451642797352
433.319008644725 0.759332380088617
434.930995946316 0.769282509124748
436.548979991665 0.779200969774049
438.172983089221 0.789130418233673
439.803027630423 0.799135254279635
441.439136090005 0.809218245950782
443.081331026313 0.819404925661474
444.72963508161 0.82966273167316
446.384070982391 0.840016649604724
448.044661539696 0.850355830502972
449.711429649423 0.860713547979429
451.384398292646 0.871017638318964
453.063590535931 0.881281398328561
454.749029531652 0.891512949162416
456.440738518314 0.901661979568925
458.138740820871 0.911694425854388
459.843059851047 0.921435819483505
461.55371910766 0.930878077122362
463.270742176947 0.939890601916819
464.994152732887 0.948401923889881
466.723974537529 0.956451016733078
468.460231441319 0.963968688008085
470.202947383427 0.970878882177704
471.952146392082 0.977270765326092
473.707852584898 0.983155898868846
475.470090169211 0.988612458505067
477.238883442408 0.993648278521077
479.014256792265 0.998167485789179
480.796234697286 1.00232560090847
482.584841727032 1.00608016288615
484.38010254247 1.00948787832414
486.182041896305 1.01263122959117
487.990684633326 1.01546881189007
489.806055690746 1.01791229991545
491.628180098547 1.02019540242096
493.457082979826 1.02239144746178
495.292789551138 1.02446703227062
497.135325122848 1.02649848542595
498.984715099477 1.0285245989174
500.840984980053 1.03062634002447
502.704160358464 1.03258600370016
504.574266923808 1.03445451860887
506.451330460749 1.03602216520186
508.335376849875 1.03725806018177
510.226432068048 1.03818622094871
512.124522188771 1.03878990168327
514.029673382538 1.03907846528706
515.941911917204 1.03901059505986
517.86126415834 1.03845755306095
519.787756569601 1.03742188164412
521.721415713088 1.03580567169658
523.662268249716 1.03345610237829
525.610340939583 1.03054697406434
527.565660642334 1.02682854621435
529.528254317536 1.02248665793718
531.498149025047 1.01748304860224
533.475371925393 1.01182662454611
535.459950280137 1.00550514766855
537.451911452257 0.998409752452614
539.451282906527 0.99060072998931
541.45809220989 0.9821863023709
543.472367031842 0.973001518740215
545.49413514481 0.963100360737275
547.523424424539 0.952427633838544
549.560262850475 0.941038830162088
551.604678506148 0.92899539655823
553.656699579562 0.916318734964567
555.716354363585 0.903241530618152
557.783671256334 0.88964852050074
559.858678761572 0.875775911125174
561.941405489097 0.861542395238022
564.03188015514 0.847131834878028
566.130131582757 0.832329145444523
568.236188702231 0.817174666155846
570.350080551465 0.80177039362119
572.471836276389 0.785955518259334
574.601485131357 0.769720263377747
576.739056479551 0.753079814862267
578.88457979339 0.736012124702657
581.038084654929 0.718644197763076
583.199600756274 0.70091717858111
585.369157899988 0.682786152723335
587.5467859995 0.664197946637352
589.732515079524 0.645263373726284
591.926375276465 0.625964388721913
594.128396838839 0.606418860094423
596.338610127691 0.586651645880528
598.557045617011 0.56657637473335
600.783733894154 0.546302348525239
603.018705660264 0.525784748516983
605.261991730696 0.504917554925055
607.513623035441 0.483883044331701
609.773630619552 0.462424333462793
612.042045643573 0.440735751614394
614.318899383969 0.418391107175196
616.604223233554 0.395583909117808
618.898048701927 0.372694730840839
621.200407415909 0.349633111099724
623.51133111997 0.32497031489897
625.830851676678 0.300449805092825
628.159001067128 0.275835965944834
630.49581139139 0.25126182669093
632.841314868951 0.226923303988334
635.195543839153 0.202952518393204
637.558530761648 0.179314564551312
639.930308216838 0.15624539718101
642.310908906328 0.133549334948246
644.700365653376 0.111127916854311
647.098711403346 0.0887236450553814
649.505979224161 0.0664989439801644
651.922202306761 0.0444132101002666
654.347413965559 0.0225653810679454
656.781647638899 0.000750328634158137
659.224936889521 -0.0208205213341
661.677315405021 -0.0423443352100605
664.138816998315 -0.0637040727119746
666.609475608108 -0.084670208682466
669.089325299358 -0.105227752406471
671.578400263749 -0.125446331516049
674.076734820163 -0.14518548343338
676.584363415148 -0.164397395859456
679.101320623398 -0.183426740332813
681.627641148229 -0.202131478176282
684.163359822055 -0.220418162372596
686.708511606871 -0.238157398435618
689.263131594734 -0.255617710122642
691.827255008246 -0.272428428981385
694.400917201039 -0.288491434535191
696.984153658268 -0.303915692778716
699.576999997092 -0.318736061421381
702.179491967171 -0.333102174971483
704.791665451156 -0.347083509921625
707.413556465187 -0.360795194440666
710.045201159385 -0.374338937197104
712.686635818355 -0.387455196448009
715.337896861682 -0.400037973465835
717.999020844436 -0.412145656073008
720.670044457676 -0.423603697923202
723.351004528956 -0.434675581206344
726.041938022828 -0.445420996891084
728.74288204136 -0.456372756602233
731.453873824642 -0.467232318904079
734.174950751298 -0.47811925465575
736.906150339008 -0.48887658023215
739.647510245018 -0.499277920650426
742.399068266665 -0.509537735623915
745.160862341893 -0.519788228812944
747.932930549781 -0.529942787947537
750.715311111065 -0.540047269935243
753.508042388666 -0.55009930724102
756.311162888217 -0.559975127412889
759.124711258597 -0.569819099533408
761.948726292463 -0.579400692456618
764.783246926784 -0.588801410377798
767.628312243377 -0.598024931407767
770.483961469448 -0.607018402104774
773.350233978131 -0.615567760643453
776.227169289033 -0.623511652973363
779.114807068777 -0.630958217615353
782.01318713155 -0.637625282184414
784.92234943965 -0.643739679810077
787.842334104041 -0.649178841558285
790.773181384902 -0.654111183207707
793.714931692182 -0.658637427733501
796.667625586163 -0.663140979433299
799.63130377801 -0.66773346015913
802.606007130343 -0.672160566783727
805.591776657789 -0.676330555419145
808.588653527558 -0.680613397349948
811.596679060002 -0.684628721545032
814.615894729193 -0.688427271672186
817.646342163485 -0.692276236924517
820.688063146098 -0.696074483642924
823.741099615688 -0.699875237170577
826.805493666926 -0.703515331377332
829.881287551079 -0.706675046428316
832.968523676594 -0.709725872567541
836.06724460968 -0.712297270587101
839.177493074898 -0.715027280221387
842.299311955746 -0.717867432759238
845.432744295255 -0.720870289500819
848.577833296579 -0.723980698094728
851.734622323592 -0.727306606352458
854.903154901485 -0.730689888678585
858.083474717367 -0.73413939999489
861.275625620868 -0.737914702990302
864.479651624742 -0.742072879393861
867.695596905475 -0.746499051060884
870.923505803893 -0.751192255484979
874.163422825774 -0.755641317318428
877.415392642464 -0.760321817651098
880.679460091487 -0.765077524830511
883.955670177168 -0.769810171433491
887.244068071255 -0.774236660190132
890.544699113535 -0.778626177020801
893.857608812465 -0.782989095420525
897.1828428458 -0.787309651898894
900.520447061216 -0.79156643120667
903.870467476951 -0.795774998244431
907.232950282432 -0.800202225017822
910.607941838916 -0.804629632757006
913.99548868013 -0.808661163230777
917.395637512907 -0.812181790891859
920.808435217838 -0.815297685613279
924.233928849912 -0.817956471067607
927.672165639167 -0.820095805049197
931.12319299134 -0.821889086472225
934.587058488525 -0.823442438503323
938.063809889823 -0.824328006831484
941.553495132005 -0.824985665179685
945.056162330171 -0.825312272077781
948.571859778412 -0.825579655641288
952.100635950479 -0.825582934774996
955.64253950045 -0.825687109639576
959.197619263401 -0.826049848213332
962.765924256078 -0.826366946557522
966.347503677575 -0.826802576057291
969.942406910009 -0.827523694602062
973.550683519207 -0.828625274780906
977.172383255382 -0.829955508434772
980.807556053824 -0.831629038643268
984.456252035586 -0.833699508317721
988.118521508177 -0.836216904598896
991.794414966255 -0.838959205575446
995.483983092322 -0.84193978185691
999.187276757423 -0.845155768772225
1002.90434702185 -0.847954261773596
1006.63524513584 -0.850108440377847
1010.3800225403 -0.851694183715821
1014.13873086747 -0.852702409058269
1017.9114219417 -0.853471445431971
1021.69814778013 -0.854107814345644
1025.49896059337 -0.854236962096586
1029.31391278631 -0.854278696107784
1033.14305695876 -0.853548967202091
1036.98644590621 -0.852148231301749
1040.84413262056 -0.850191149504353
1044.71617029083 -0.847904036529332
1048.60261230394 -0.84526873398277
1052.50351224539 -0.842456546121255
1056.41892390001 -0.839417036186733
1060.34890125276 -0.836039693639149
1064.29349848938 -0.83259906639819
1068.25276999721 -0.82915572077343
1072.22677036593 -0.825700251457846
1076.21555438826 -0.822112573679975
1080.21917706079 -0.818433576609417
1084.23769358469 -0.814237704425086
1088.27115936647 -0.809698022620818
1092.31963001878 -0.804651441488428
1096.38316136114 -0.799347694315284
1100.46180942073 -0.794085055961592
1104.55563043316 -0.788922325043927
1108.66468084322 -0.783589513080923
1112.7890173057 -0.77851158563854
1116.92869668616 -0.773666763018609
1121.08377606168 -0.768905803675622
1125.25431272169 -0.764172796060606
1129.44036416873 -0.759038445516786
1133.64198811927 -0.753535643774374
1137.85924250447 -0.747604388768183
1142.09218547102 -0.741495088426683
1146.34087538191 -0.7351005945407
1150.60537081725 -0.728778726887919
1154.88573057506 -0.722338082485436
1159.18201367212 -0.715691254695642
1163.49427934474 -0.70848109530178
1167.8225870496 -0.70094397258384
1172.16699646455 -0.693028118312265
1176.52756748948 -0.684813459599756
1180.90436024707 -0.676710626743764
1185.2974350837 -0.668712289963084
1189.70685257023 -0.660536811380739
1194.13267350285 -0.652255359948123
1198.5749589039 -0.644190770679245
1203.03377002276 -0.636132700441191
1207.50916833664 -0.62748124405338
1212.00121555147 -0.618994447911719
1216.50997360271 -0.61024974847312
1221.03550465623 -0.601224190228871
1225.57787110919 -0.591847916871208
1230.13713559085 -0.582092573940667
1234.71336096344 -0.571723320237421
1239.30661032308 -0.561432170066153
1243.9169470006 -0.550725701385732
1248.54443456241 -0.539778862556238
1253.18913681141 -0.528702692692006
1257.85111778785 -0.517634521373575
1262.53044177021 -0.506856341356855
1267.22717327611 -0.496304453177768
1271.94137706315 -0.485630631554331
1276.67311812987 -0.475282321463379
1281.42246171659 -0.465129018886193
1286.18947330632 -0.454797997983084
1290.97421862569 -0.44464072139256
1295.77676364585 -0.434418286158184
1300.59717458334 -0.424319612538692
1305.43551790105 -0.414231702775623
1310.29186030912 -0.404023371658511
1315.16626876584 -0.393872081225149
1320.05881047861 -0.383292987965676
1324.96955290485 -0.372210254374828
1329.8985637529 -0.361034645934506
1334.84591098301 -0.349784338927343
1339.81166280824 -0.338452904713051
1344.79588769541 -0.327123206195274
1349.79865436604 -0.315543268293105
1354.82003179729 -0.303689274891548
1359.86008922295 -0.291450826296664
1364.91889613434 -0.279237145578882
1369.9965222813 -0.267029416345304
1375.09303767316 -0.254763628520955
1380.20851257966 -0.242786726793714
1385.343017532 -0.230641391258366
1390.49662332371 -0.218512955808748
1395.6694010117 -0.206316942002342
1400.86142191724 -0.193707950199789
1406.07275762689 -0.181157499859484
1411.30347999353 -0.168477051595836
1416.55366113734 -0.15564671370036
1421.82337344679 -0.142883823426676
1427.11268957965 -0.130183836185816
1432.42168246399 -0.117650808435757
1437.75042529915 -0.105464791532427
1443.09899155681 -0.0933995672201728
1448.46745498195 -0.0813892003930352
1453.85588959391 -0.0693479847750265
1459.26436968736 -0.0572241188389668
1464.69296983337 -0.0452709978640939
1470.14176488043 -0.033405741940177
1475.61082995546 -0.0216675367128332
1481.10024046487 -0.00976989722773247
1486.61007209556 0.00212422501628851
1492.14040081604 0.0142237656970998
1497.69130287738 0.0261775444032644
1503.26285481435 0.0381784061135697
1508.85513344643 0.0505829221414658
1514.46821587884 0.063346071938005
1520.10217950369 0.0765578259857591
1525.75710200096 0.0896163290084946
1531.43306133963 0.10291066489336
1537.1301357787 0.116164390718888
1542.84840386835 0.129620414660469
1548.58794445092 0.142888433225465
1554.34883666208 0.155151685894579
1560.1311599319 0.167654987794979
1565.93499398592 0.179716226946134
1571.76041884628 0.191351357554638
1577.60751483278 0.20290395757929
1583.47636256406 0.214930139831756
1589.36704295864 0.227188045614581
1595.27963723608 0.239750578975146
1601.21422691806 0.252033384353922
1607.17089382956 0.264241476213783
1613.14972009994 0.276319059457652
1619.15078816409 0.288267250671996
1625.17418076356 0.300003093718352
1631.21998094772 0.312045181514286
1637.28827207488 0.32409716698244
1643.37913781346 0.336309314347655
1649.49266214312 0.348190166230783
1655.62892935595 0.359822135442343
1661.7880240576 0.371329036636386
1667.97003116847 0.382158956625302
1674.17503592487 0.392899161080281
1680.40312388019 0.403722733682148
1686.6543809061 0.414412073159673
1692.9288931937 0.425101996649888
1699.22674725475 0.436033986093005
1705.54802992284 0.446977311299552
1711.89282835457 0.457510815411347
1718.26123003079 0.468264571404275
1724.65332275779 0.478691682365278
1731.06919466848 0.488873245425083
1737.50893422366 0.4994005529192
1743.9726302132 0.509578964210483
1750.46037175728 0.519533362959345
1756.97224830763 0.529504052369147
1763.50834964871 0.539011864762553
1770.06876589903 0.548246475792979
1776.65358751231 0.557452537698968
1783.26290527881 0.566794005055788
1789.8968103265 0.576094411891832
1796.55539412237 0.585069676429503
1803.23874847367 0.593443387267572
1809.94696552921 0.601908331920647
1816.68013778055 0.610152825604663
1823.43835806337 0.618188328286777
1830.22171955869 0.626196913501046
1837.03031579418 0.633903535632484
1843.86424064544 0.641362095093633
1850.72358833728 0.648720945618958
1857.60845344505 0.655737034837445
1864.51893089594 0.662694578793285
1871.45511597026 0.669448373819863
1878.41710430278 0.675868262970305
1885.40499188403 0.681964928820788
1892.41887506164 0.687898840292341
1899.45885054167 0.693512402778188
1906.52501538993 0.698923825814608
1913.61746703332 0.70401970545549
1920.73630326118 0.709436592491109
1927.88162222663 0.714450814934105
1935.05352244795 0.719184906549202
1942.25210280989 0.723483103438463
1949.47746256507 0.727451727619993
1956.72970133535 0.732012197719694
1964.00891911318 0.736399835754018
1971.315216263 0.740578112360749
1978.6486935226 0.74442440335347
1986.00945200454 0.747770691447446
1993.39759319752 0.750624012590411
2000.8132189678 0.753413372081875
2008.25643156057 0.755773516558378
2015.7273336014 0.75755725254005
2023.22602809763 0.758766451221609
2030.75261843979 0.759721316682699
2038.30720840305 0.760279927917489
2045.88990214862 0.760610509044714
2053.50080422521 0.760807212343733
2061.14001957043 0.760282040831308
2068.80765351232 0.759334520627242
2076.5038117707 0.758086306372988
2084.22860045872 0.756387786490521
2091.98212608424 0.754156827927337
2099.76449555137 0.751613679506123
2107.57581616189 0.748880319022767
2115.41619561679 0.745493022813625
2123.28574201767 0.742063063553717
2131.18456386831 0.738642171751019
2139.11277007613 0.734588902173444
2147.07046995368 0.729968819976268
2155.05777322019 0.72523451932487
2163.07479000302 0.719649805979438
2171.12163083925 0.71397495790737
2179.19840667714 0.708075560855029
2187.30522887772 0.701230543823137
2195.44220921625 0.694533688085214
2203.60945988384 0.687655511100225
2211.80709348895 0.680071937819768
2220.03522305895 0.672098775414963
2228.29396204169 0.664415574008595
2236.58342430704 0.656241726201948
2244.90372414851 0.647549941819221
2253.25497628476 0.638594623887682
2261.63729586123 0.629210714037452
2270.0507984517 0.619677281132509
2278.49560005991 0.609553788814182
2286.97181712113 0.599101033332589
2295.4795665038 0.588651552885976
2304.0189655111 0.577708350849633
2312.59013188261 0.566552519568862
2321.19318379588 0.554630001376472
2329.82823986813 0.542254186336599
2338.49541915782 0.529619888670137
2347.19484116633 0.516446693712146
2355.9266258396 0.503059914003895
2364.69089356977 0.489639881602091
2373.48776519685 0.476115929471904
2382.3173620104 0.462362854559217
2391.17980575117 0.448376161762466
2400.07521861281 0.434409766756804
2409.00372324354 0.419800469537824
2417.96544274784 0.404670338029595
2426.96050068814 0.389036938115225
2435.98902108656 0.373079418693603
2445.05112842657 0.357158140110098
2454.14694765475 0.340993311205409
2463.27660418247 0.324426393708173
2472.44022388765 0.307643082784637
2481.63793311651 0.290591524721059
2490.86985868525 0.273354786694153
2500.13612788187 0.256193881332845
2509.43686846789 0.238703056114247
2518.7722086801 0.220817410567141
2528.14227723234 0.20260754246635
2537.54720331731 0.184247286839559
2546.98711660828 0.165586225177591
2556.46214726094 0.146971157721346
2565.97242591516 0.127954119711941
2575.51808369681 0.109307892152348
2585.09925221956 0.0903160356912043
2594.7160635867 0.0712924433119646
2604.36865039294 0.0519422629060529
2614.05714572626 0.0321693200440478
2623.78168316975 0.0121407753280209
2633.54239680345 -0.00813755073465927
2643.33942120615 -0.0287455050590779
2653.17289145733 -0.0493424508156206
2663.04294313896 -0.0701673424829892
2672.94971233738 -0.0911344321165277
2682.89333564519 -0.112530547868346
2692.87395016314 -0.133818788883847
2702.89169350199 -0.155236047149096
2712.94670378444 -0.176888694955995
2723.03911964699 -0.198920055845441
2733.16908024193 -0.221279296816482
2743.33672523916 -0.243466230964881
2753.54219482819 -0.265252921015145
2763.78562972005 -0.287159978599291
2774.06717114922 -0.309271623644573
2784.38696087559 -0.3315264334513
2794.74514118641 -0.353678776019303
2805.14185489824 -0.376119722636751
2815.57724535896 -0.398480343965112
2826.05145644968 -0.420906350357562
2836.56463258679 -0.443707847029591
2847.11691872391 -0.466772536827188
2857.7084603539 -0.490139011138279
2868.33940351088 -0.513331366430391
2879.00989477221 -0.536666911710327
2889.72008126055 -0.559837634997889
2900.47011064586 -0.583111073012084
2911.26013114745 -0.606614804413386
2922.09029153602 -0.629854036377651
2932.9607411357 -0.653313351718156
2943.87162982615 -0.677111188065194
2954.82310804455 -0.700633004190561
2965.81532678776 -0.724415314764409
2976.84843761435 -0.74808512978306
2987.9225926467 -0.771659504855682
2999.0379445731 -0.795481285488767
3010.19464664985 -0.819795538629766
3021.39285270338 -0.844403335654716
3032.63271713238 -0.869079111159982
3043.91439490991 -0.89381222771199
3055.23804158553 -0.918392880181152
3066.60381328749 -0.943071572210094
3078.01186672482 -0.968019599841451
3089.46235918954 -0.992837967046119
3100.95544855881 -1.01771714599581
3112.4912932971 -1.04282435615026
3124.07005245839 -1.06762430167516
3135.69188568836 -1.09200921081419
3147.35695322657 -1.11699613195715
3159.0654159087 -1.14185026086947
3170.81743516875 -1.16698720096132
3182.61317304128 -1.19234753943659
3194.45279216361 -1.21796475373063
3206.3364557781 -1.24370395503777
3218.26432773439 -1.26950686644967
3230.23657249166 -1.29500870111515
3242.25335512088 -1.32105554728962
3254.3148413071 -1.34729023240914
3266.42119735174 -1.37386074371445
3278.57259017489 -1.40063601990475
3290.76918731757 -1.42723551372164
3303.01115694409 -1.45381439231404
3315.29866784434 -1.48005973008081
3327.63188943612 -1.50605610152589
3340.01099176749 -1.53195019707361
3352.43614551909 -1.55761982130774
3364.90752200653 -1.58361184539681
3377.42529318271 -1.60948585090016
3389.98963164021 -1.63554137343916
3402.60071061369 -1.66181596351345
3415.25870398225 -1.68781396885571
3427.96378627182 -1.71335358224716
3440.71613265761 -1.73867831182712
3453.51591896648 -1.7639733557579
3466.36332167938 -1.78951097318621
3479.25851793381 -1.81502979452257
3492.20168552621 -1.84031167931768
3505.19300291445 -1.86557093291454
3518.23264922029 -1.8906075308763
3531.32080423182 -1.91600633508942
3544.45764840598 -1.94145785343374
3557.64336287101 -1.96681033004652
3570.87812942896 -1.99195882553026
3584.16213055823 -2.01694956014366
3597.49554941602 -2.04179076448454
3610.87856984091 -2.06645403743752
3624.31137635539 -2.09097668706439
3637.79415416837 -2.11581161025238
3651.32708917776 -2.14099850646636
3664.91036797302 -2.16642640967897
3678.54417783777 -2.19186714640263
3692.2287067523 -2.21724437730473
3705.96414339624 -2.24226338973487
3719.75067715111 -2.267454548476
3733.58849810294 -2.29212651650654
3747.47779704492 -2.31690379637786
3761.41876547999 -2.34185407853845
3775.4115956235 -2.36652050684305
3789.45648040586 -2.3907239600467
3803.55361347522 -2.41474514135429
3817.70318920008 -2.43848071665955
3831.90540267205 -2.46256550305252
3846.16044970847 -2.48633675365675
3860.46852685515 -2.50956314660709
3874.82983138907 -2.53271058654441
3889.24456132109 -2.5557420201142
3903.7129153987 -2.57890530177205
3918.23509310874 -2.60210043897275
3932.81129468018 -2.62517871850083
3947.44172108682 -2.64816584331444
3962.12657405015 -2.6707868673859
3976.86605604205 -2.69321224070305
3991.66037028761 -2.71534838697048
4006.50972076797 -2.73682970914428
4021.41431222307 -2.7576792867368
4036.37435015451 -2.77806933097069
4051.39004082838 -2.79838536631899
4066.46159127809 -2.81838570004087
4081.58920930724 -2.83786979039915
4096.77310349248 -2.85700863991882
4112.01348318638 -2.87539528834973
4127.31055852032 -2.89326322883061
4142.6645404074 -2.91046988348734
4158.07564054532 -2.9268553268439
4173.54407141932 -2.94288837254563
4189.07004630512 -2.95837811566979
4204.65377927183 -2.97351445447792
4220.29548518492 -2.9880883651861
4235.99537970918 -3.00217905594554
4251.7536793117 -3.01563224054825
4267.57060126484 -3.02841540563681
4283.44636364922 -3.04075410998103
4299.38118535678 -3.05223778021031
4315.37528609372 -3.06317699091128
4331.42888638358 -3.07347982590737
4347.54220757028 -3.08354329726022
4363.71547182114 -3.09297290999949
4379.94890212999 -3.10179871137916
4396.24272232018 -3.11005938256885
4412.59715704774 -3.11787180627785
4429.01243180443 -3.12508076641313
4445.48877292084 -3.13125674582965
4462.02640756957 -3.13672471476362
4478.62556376828 -3.14167852942611
4495.28647038291 -3.14602683833069
4512.0093571308 -3.14981203071025
4528.79445458383 -3.15282592494719
4545.64199417167 -3.15514517895399
4562.5522081849 -3.15634542577163
4579.52532977826 -3.15681952916588
4596.56159297383 -3.15626418126988
4613.6612326643 -3.15484894609183
4630.82448461615 -3.15249398519374
4648.05158547297 -3.14902888084616
4665.34277275865 -3.14599270344301
4682.69828488072 -3.14353053842655
4700.11836113359 -3.1418513260794
4717.60324170188 -3.1407176970714
4735.15316766371 -3.13985610206921
4752.76838099403 -3.13965596604294
4770.44912456798 -3.13965766797856
4788.1956421642 -3.1399496248894
4806.00817846821 -3.14029384106851
4823.88697907579 -3.1408004661384
4841.83229049635 -3.14126060298615
4859.84436015636 -3.14209669417224
4877.92343640271 -3.14305221021578
4896.06976850618 -3.14389721949388
4914.28360666486 -3.1446321846719
4932.5652020076 -3.14531106940369
4950.91480659747 -3.14582683597834
4969.33267343524 -3.1467201297868
4987.81905646287 -3.14755821804685
5006.374210567 -3.14834090033029
5024.99839158248 -3.14923302568432
5043.69185629588 -3.15007571998121
5062.45486244905 -3.15092106578413
5081.28766874266 -3.15176688342929
5100.19053483977 -3.1526151365446
5119.16372136941 -3.15362193451648
5138.20748993018 -3.15494841611702
5157.32210309384 -3.15643053864699
5176.50782440896 -3.15780406940829
5195.76491840452 -3.159280663389
5215.09365059358 -3.16070153509323
5234.49428747691 -3.16243149236302
5253.96709654673 -3.16446397326846
5273.51234629033 -3.16664594642327
5293.1303061938 -3.16898650518969
5312.82124674575 -3.17146675969457
5332.58543944101 -3.17434523835355
5352.42315678444 -3.17685348431644
5372.3346722946 -3.17966238776133
5392.32026050759 -3.18282625507323
5412.38019698081 -3.18622468414595
5432.51475829674 -3.18995844550045
5452.72422206679 -3.19419792835511
5473.00886693511 -3.19856487700076
5493.36897258242 -3.20270708075384
5513.80481972988 -3.20708290077522
5534.31669014299 -3.21160841166563
5554.9048666354 -3.21612412995855
5575.56963307287 -3.22107125016479
5596.31127437719 -3.2259509382577
5617.13007653004 -3.23111592374194
5638.02632657703 -3.23646282504859
5659.00031263156 -3.24192768047457
5680.05232387887 -3.24763645879074
5701.18265057998 -3.2537371654839
5722.39158407572 -3.2600539308215
5743.67941679072 -3.26649677082837
5765.04644223748 -3.27316819946209
5786.49295502037 -3.27995118617217
5808.01925083973 -3.2870050323209
5829.62562649593 -3.29420631839305
5851.31237989346 -3.30157305918954
5873.07981004505 -3.30918445760181
5894.92821707578 -3.31687628496546
5916.85790222723 -3.32443652577772
5938.86916786162 -3.33190712839333
5960.96231746598 -3.33956457676046
5983.13765565636 -3.34716620236258
6005.395488182 -3.35483955649629
6027.73612192954 -3.36273857109887
6050.1598649273 -3.37086527988487
6072.66702634946 -3.3788731811252
6095.25791652038 -3.38710840510336
6117.93284691885 -3.39551522471439
6140.69213018238 -3.40423256272254
6163.53608011154 -3.41282976243305
6186.46501167426 -3.42170779318899
6209.47924101016 -3.43098361709816
6232.57908543496 -3.44040177171832
6255.7648634448 -3.44960166426091
6279.03689472068 -3.45878187003871
6302.39550013281 -3.46814227062852
6325.84100174511 -3.47778270986891
6349.37372281957 -3.48753813018645
6372.99398782075 -3.4974917575932
6396.70212242028 -3.50749627607943
6420.49845350128 -3.51747685906014
6444.38330916293 -3.52776681435598
6468.35701872496 -3.53817691395229
6492.4199127322 -3.5488414830516
6516.57232295915 -3.55969885518486
6540.81458241452 -3.57050394765465
6565.14702534586 -3.58194240092128
6589.56998724415 -3.59451679500427
6614.08380484842 -3.60739956700154
6638.68881615042 -3.62034429617392
6663.38536039924 -3.6332426438087
6688.17377810601 -3.64631660401468
6713.05441104861 -3.65905744968037
6738.02760227635 -3.67220244606528
6763.09369611472 -3.68553845373301
6788.25303817014 -3.69890996403837
6813.5059753347 -3.71222544347969
6838.85285579099 -3.72559713743536
6864.29402901684 -3.7386692946474
6889.82984579019 -3.75199235650829
6915.4606581939 -3.76519912243061
6941.18681962062 -3.77884183011185
6967.00868477764 -3.79254674233292
6992.92660969181 -3.8062593489553
7018.94095171442 -3.82017111584263
7045.05206952614 -3.83413818619374
7071.26032314197 -3.84824222126358
7097.56607391621 -3.8626003908519
7123.96968454742 -3.87724005895035
7150.47151908342 -3.89244601187941
7177.07194292636 -3.90827859479104
7203.77132283768 -3.92446281786667
7230.57002694323 -3.94133859644749
7257.46842473831 -3.9583433663078
7284.46688709279 -3.97577943705751
7311.5657862562 -3.99364497837891
7338.76549586288 -4.01182168739773
7366.06639093713 -4.03040252841632
7393.46884789835 -4.04947559857559
7420.97324456628 -4.06899159217998
7448.57996016619 -4.08875508614429
7476.28937533407 -4.10866471908049
7504.10187212195 -4.12936364681663
7532.0178340031 -4.15032936051485
7560.03764587737 -4.17170424787978
7588.16169407645 -4.19359447346783
7616.39036636925 -4.21571658537269
7644.72405196718 -4.23840749177775
7673.16314152958 -4.26151036366131
7701.70802716907 -4.28444223677194
7730.35910245697 -4.30766368324512
7759.11676242871 -4.33129296336364
7787.98140358931 -4.3553401461739
7816.95342391881 -4.37935799641622
7846.03322287777 -4.40379070809647
7875.22120141279 -4.42873641444115
7904.51776196203 -4.45399939305954
7933.92330846076 -4.47955392018889
7963.4382463469 -4.50537467441799
7993.06298256668 -4.53180287593878
8022.79792558017 -4.5585263602586
8052.64348536698 -4.58556746266803
8082.60007343185 -4.61294463092033
8112.66810281039 -4.64051617032098
8142.84798807473 -4.66853997587564
8173.14014533922 -4.69676157418118
8203.54499226624 -4.72578570872305
8234.06294807188 -4.75510085554767
8264.69443353176 -4.78480901958285
8295.43987098684 -4.81525662896977
8326.29968434921 -4.84591304958168
8357.27429910795 -4.87716664678871
8388.36414233502 -4.90925898653528
8419.56964269112 -4.94190798089573
8450.89123043159 -4.97546250887575
8482.32933741237 -5.00962704657412
8513.88439709597 -5.0444075519151
8545.55684455738 -5.07959438104373
8577.34711649014 -5.11577272088071
8609.25565121232 -5.15255184602097
8641.28288867257 -5.19010169818202
8673.42927045619 -5.22837683310111
8705.69523979124 -5.26739732551241
8738.0812415546 -5.3071761370661
8770.58772227814 -5.34735377706067
8803.2151301549 -5.38811755826518
8835.96391504519 -5.42988707969476
8868.83452848289 -5.47208673074275
8901.82742368161 -5.51520124955372
8934.94305554094 -5.55936606034674
8968.18188065276 -5.60420174983714
9001.54435730751 -5.64961736425387
9035.03094550052 -5.69553757109701
9068.64210693833 -5.74260900621799
9102.37830504507 -5.79086824026353
9136.24000496888 -5.84017712611946
9170.22767358826 -5.89031142207905
9204.34177951857 -5.94123296183918
9238.58279311844 -5.99341269321137
9272.9511864963 -6.04641042945105
9307.44743351684 -6.09875091887172
9342.07200980759 -6.1502249970595
9376.82539276547 -6.20082910331707
9411.70806156333 -6.25081912812735
9446.72049715662 -6.29999475877717
9481.86318228997 -6.3486054763885
9517.13660150386 -6.39648109570625
9552.54124114133 -6.4436466325798
9588.07758935464 -6.49009128302895
9623.74613611202 -6.53595163835053
9659.54737320446 -6.58135550109817
9695.48179425241 -6.62675529453337
9731.54989471268 -6.67121041738328
9767.75217188519 -6.71557143162732
9804.08912491989 -6.75958552773171
9840.5612548236 -6.80322621979796
9877.16906446693 -6.8468217753877
9913.91305859123 -6.88997940940647
9950.79374381551 -6.9325829851147
9987.81162864349 -6.97492821620444
10024.9672234705 -7.01787054797367
10062.2610405907 -7.06078551213752
10099.6935942039 -7.1035922124166
10137.265400423 -7.14629549775103
10174.9769772805 -7.18889011343898
10212.8288447364 -7.23113338199447
10250.8215246849 -7.27305931532751
10288.9555409616 -7.31470275372403
10327.231419351 -7.356063860195
10365.6496875932 -7.39697276322691
10404.210875392 -7.43764951585045
10442.9155144215 -7.47784620083166
10481.7641383337 -7.51744263547202
10520.7572827658 -7.5563582945994
10559.8954853477 -7.59520331990994
10599.1792857094 -7.63332397761326
10638.6092254881 -7.67107403590625
10678.1858483363 -7.70911293359109
10717.9096999286 -7.74690097916146
10757.7813279699 -7.78475423788539
10797.8012822023 -7.82228737056609
10837.9701144131 -7.85965460522763
10878.2883784424 -7.89672766999215
10918.7566301905 -7.93357031259088
10959.3754276259 -7.97034287896434
11000.1453307925 -8.00692563891294
11041.0669018179 -8.04359557173036
11082.1407049206 -8.08050249362488
11123.3673064183 -8.11707069919176
11164.7472747353 -8.15369828122607
11206.2811804106 -8.19018744968544
11247.9695961055 -8.22645310238766
11289.8130966117 -8.26244652041452
11331.8122588594 -8.29859167975154
11373.9676619248 -8.33467833721843
11416.2798870383 -8.370283261284
11458.7495175926 -8.4056829143545
11501.3771391508 -8.44078130374182
11544.1633394541 -8.47609919774214
11587.1087084304 -8.51119373812098
11630.213838202 -8.54626934908811
11673.4793230941 -8.58157324824721
11716.9057596427 -8.61690775167508
11760.4937466031 -8.65229550426686
11804.2438849579 -8.68798692307065
11848.1567779254 -8.72374426277264
11892.2330309682 -8.75947638567798
11936.473251801 -8.7951036138906
11980.8780503993 -8.83070424895302
12025.4480390078 -8.866150148325
12070.1838321489 -8.90126505432893
12115.0860466309 -8.93590344585008
12160.1553015568 -8.96998325561395
12205.3922183327 -9.00363192292508
12250.7974206764 -9.03647470919088
12296.371534626 -9.06869349410778
12342.1151885484 -9.10053026294135
12388.0290131483 -9.13168524061477
12434.1136414765 -9.16214604052499
12480.3697089389 -9.19185402382734
12526.7978533051 -9.22101282996718
12573.3987147173 -9.24995958092033
12620.1729356991 -9.2780224317479
12667.1211611643 -9.30557387750143
12714.244038426 -9.33284453191299
12761.5422172051 -9.35992664872053
12809.0163496398 -9.38644669896377
12856.667090294 -9.41257677413089
12904.495096167 -9.43821142531554
12952.5010267019 -9.46340739900942
13000.6855437952 -9.48802118967874
13049.0493118056 -9.51193359901891
13097.5929975632 -9.53505569377164
13146.317270379 -9.55762251545098
13195.2228020538 -9.57993480115442
13244.3102668874 -9.60183215315169
13293.5803416882 -9.62314174576199
13343.0337057825 -9.64420834881075
13392.6710410235 -9.66478309069348
13442.4930318013 -9.68484026571485
13492.5003650516 -9.70438765738517
13542.6937302658 -9.72323397010834
13593.0738195003 -9.74181242379605
13643.6413273859 -9.7596518654539
13694.3969511376 -9.77738808241972
13745.3413905639 -9.79477096822307
13796.4753480769 -9.81178162110773
13847.7995287016 -9.82803159781772
13899.3146400859 -9.84365626114609
13951.02139251 -9.85851302968074
14002.9204988965 -9.87299011655336
14055.0126748202 -9.88695709016164
14107.2986385179 -9.90028405996566
14159.7791108982 -9.91268667123838
14212.4548155516 -9.93799823244826
14265.3264787606 -9.962748427053
14318.3948295092 -9.98673216313095
14371.6605994936 -10.0101279453234
14425.1245231318 -10.0328855014004
14478.7873375739 -10.0549304119355
14532.6497827125 -10.0762490498265
14586.7126011923 -10.0968401155265
14640.9765384209 -10.1168874588959
14695.442342579 -10.1363076163064
14750.1107646304 -10.1549084188159
14804.9825583328 -10.1726360878938
14860.0584802475 -10.1897980870241
14915.3392897509 -10.206178292289
14970.8257490437 -10.2217350038678
15026.5186231627 -10.2373939484478
15082.4186799901 -10.2523089543216
15138.5266902652 -10.2664696260551
15194.8434275942 -10.2801621820083
15251.3696684613 -10.2928828999522
15308.1061922393 -10.3049473613298
15365.0537812003 -10.3161773299298
15422.2132205266 -10.3271113773635
15479.5852983214 -10.336995614383
15537.1708056196 -10.3464298914039
15594.9705363991 -10.3553173566996
15652.9852875913 -10.3635691214319
15711.2158590922 -10.3708825728609
15769.6630537736 -10.3777299401425
15828.327677494 -10.3836883107231
15887.2105391099 -10.3889416126839
15946.3124504865 -10.3939256782643
16005.6342265097 -10.3981347590052
16065.1766850963 -10.4016233514156
16124.9406472063 -10.4048523739349
16184.9269368535 -10.4073129836197
16245.1363811172 -10.4094327764616
16305.5698101534 -10.4112697938689
16366.2280572065 -10.4128895336331
16427.1119586206 -10.4139139789862
16488.2223538509 -10.4144470167068
16549.5600854758 -10.4142759773211
16611.1259992079 -10.4132757178306
16672.9209439061 -10.4119499733124
16734.9457715869 -10.4095103219207
16797.2013374366 -10.4064692013907
16859.6884998228 -10.4029541058734
16922.4081203063 -10.3985555944481
16985.3610636531 -10.3936014686332
17048.5481978459 -10.3878037690439
17111.9703940967 -10.3810060664743
17175.6285268585 -10.3741699096044
17239.523473837 -10.3662906750081
17303.6561160034 -10.3582975377745
17368.027337606 -10.3497333181899
17432.6380261827 -10.3406326113503
17497.489072573 -10.3310336091884
17562.5813709306 -10.3210114279062
17627.9158187353 -10.310410837703
17693.4933168058 -10.2994716683285
17759.3147693119 -10.2882665592927
17825.3810837868 -10.2766887593214
17891.6931711401 -10.2654801329429
17958.2519456698 -10.2537893877102
18025.0583250755 -10.2418348656593
18092.1132304703 -10.229841030766
18159.4175863943 -10.2171810547109
18226.9723208268 -10.2041930160735
18294.7783651994 -10.1910796981565
18362.8366544084 -10.1774279582125
18431.1481268284 -10.1636374907897
18499.7137243246 -10.1492400528518
18568.5343922661 -10.1348608309064
18637.6110795389 -10.120401736878
18706.9447385587 -10.1056265547625
18776.5363252847 -10.0908062023783
18846.3867992321 -10.0760454312379
18916.4971234854 -10.0612516914524
18986.8682647123 -10.0463776052431
19057.5011931763 -10.0318624562226
19128.3968827505 -10.0172044147477
19199.5563109307 -10.002921097663
19270.9804588494 -9.98845910708901
19342.6703112886 -9.97457721737392
19414.6268566943 -9.96023633853092
19486.851087189 -9.94638459908717
19559.3439985865 -9.93209583371434
19632.1065904049 -9.91806054794704
19705.1398658807 -9.90399303614713
19778.4448319822 -9.89067070342369
19852.0224994243 -9.87684472066217
19925.8738826813 -9.86411194653856
20000.0000000017 -9.85247281306083
