10 6.18831491470337
10.0372009367102 6.19264125292126
10.0745402643896 6.17055735151923
10.1120184978655 6.12684164679146
10.1496361538807 6.08317245426504
10.1873937510998 6.0397996617834
10.2252918101175 5.99734636680963
10.2633308534646 5.9549341591447
10.3015114056161 5.91256705936141
10.3398339929981 5.87089943947963
10.3782991439948 5.82935720993298
10.4169073889563 5.78785554228077
10.4556592602056 5.74700605534362
10.4945552920458 5.70668191595237
10.5335960207679 5.66639234494835
10.5727819846578 5.62637382387209
10.6121137240039 5.58721135927622
10.6515917811047 5.54808234332433
10.6912167002759 5.50898386466199
10.7309890278581 5.47052520130633
10.7709093122244 5.43217897143363
10.8109781037879 5.3938644739119
10.8511959550093 5.35617192046851
10.8915634204045 5.31898736505684
10.9320810565522 5.28183380060033
10.9727494221018 5.24485804943349
11.0135690777806 5.20845347770107
11.0545405864021 5.17207865178354
11.0956645128736 5.13573210743681
11.1369414242037 5.10030134301691
11.1783718895104 5.06500395906656
11.2199564800288 5.02984612318853
11.2616957691193 4.99519451193331
11.3035903322749 4.9609860210063
11.3456407471298 4.92680628868872
11.3878475934668 4.89288259333907
11.4302114532258 4.85973041927943
11.4727329105113 4.82660980360916
11.515412551601 4.79351885229273
11.5582509649534 4.76105149265656
11.6012487412161 4.72868299479281
11.6444064732342 4.69634473940288
11.6877247560581 4.66472266929272
11.7312041869517 4.6338046895104
11.774845365401 4.60309250229576
11.818648893122 4.57272747935703
11.8626153740693 4.54307427323064
11.9067454144441 4.51361292114436
11.9510396227028 4.4843409463515
11.9954986095653 4.45582297515648
12.0401229880234 4.4275569902052
12.0849133733495 4.39946739558267
12.1298703831044 4.3721904946189
12.1749946371469 4.34555568369123
12.2202867576412 4.31908775875087
12.2657473690664 4.29297955123239
12.3113770982243 4.26766943736668
12.3571765742489 4.24251663081101
12.4031464286144 4.21751802385076
12.4492872951442 4.19322210865649
12.4955998100196 4.16913982939915
12.5420846117884 4.14520506310941
12.5887423413741 4.13538118860698
12.6355736420843 4.11718787931579
12.6825791596199 4.09924025890096
12.7297595420838 4.08178651907981
12.7771154399899 4.06532443898187
12.8246475062721 4.04911054782709
12.8723563962932 4.03314543388373
12.9202427678541 4.01796279049602
12.9683072812028 4.00308806351475
13.0165505990434 3.98846519740525
13.0649733865454 3.97454775214479
13.1135763113527 3.96122540882023
13.162360043593 3.94816807879555
13.2113252558868 3.93561397031413
13.260472623357 3.92403833538018
13.3098028236379 3.91272882889367
13.3593165368846 3.90168577905388
13.4090144457825 3.89142518551952
13.4588972355569 3.88148696331218
13.5089655939818 3.87181923955271
13.5592202113899 3.86285354534594
13.6096617806823 3.85447125232692
13.6602909973373 3.8463627873055
13.7111085594207 3.83875174667311
13.7621151675953 3.83205918569387
13.8133115251301 3.8256435458971
13.8646983379105 3.81950641538182
13.9162763144479 3.81428882282491
13.9680461658894 3.80940747472476
14.0200086060276 3.80476049489752
14.0721643513105 3.8006675387671
14.1245141208514 3.79704359364563
14.1770586364386 3.79365751810912
14.2297986225456 3.79072974917004
14.2827348063412 3.7886629129778
14.3358679176991 3.78683686149538
14.3891986892083 3.78525328201447
14.442727856183 3.78465151995984
14.496456156673 3.7843506336105
14.5503843314737 3.78429532070539
14.6045131241361 3.78479409177183
14.6588432809775 3.78576112330903
14.7133755510915 3.78697730498458
14.7681106863584 3.788627165814
14.8230494414556 3.79104685326921
14.8781925738679 3.79367802966342
14.9335408438982 3.79652116355
14.9890950146774 3.80017950129146
15.0448558521758 3.80410550483685
15.1008241252129 3.80824635708112
15.1570006054682 3.8129532395782
15.2133860674922 3.81812353617738
15.2699812887167 3.82351254508626
15.3267870494654 3.82931972181667
15.3838041329651 3.83591220589642
15.4410333253564 3.84272741819902
15.498475415704 3.84976582366904
15.5561311960084 3.85754416125547
15.6140014612162 3.86559250640971
15.6720870092313 3.87386707961511
15.730388640926 3.88272953026901
15.7889071601517 3.89207007280043
15.8476433737505 3.90163429675813
15.9065980915658 3.91159677513448
15.9657721264536 3.92226799679065
16.0251662942941 3.93316640317931
16.0847814140026 3.94429202512969
16.1446183075405 3.95616517894331
16.2046777999274 3.96830873206828
16.2649607192518 3.98068226580928
16.3254678966828 3.99368687868817
16.3862001664817 4.0071993361096
16.447158366013 4.02096023013863
16.5083433357566 4.03510251037032
16.569755919319 4.04988536209204
16.6313969634448 4.0649017597405
16.6932673180286 4.08015238753611
16.7553678361271 4.09623637540402
16.8176993739698 4.11259363551991
16.880262790972 4.1291862671315
16.9430589497458 4.14631678954514
17.0060887161124 4.16387809347606
17.069352959114 4.18167730087527
17.1328525510256 4.19988298321823
17.1965883673671 4.21875853906282
17.2605612869157 4.2378736440792
17.3247721917173 4.2572279948441
17.3892219670996 4.27735877701209
17.4539115016833 4.29775784025852
17.5188416873952 4.31839924561698
17.5840134194801 4.33964314597628
17.649427596513 4.36135775007282
17.7150851204118 4.38331479834252
17.7809868964498 4.40564350149906
17.8471338332678 4.42855364999903
17.9135268428867 4.45170890193838
17.9801668407205 4.47510843137183
18.0470547455885 4.49927871131282
18.1141914797281 4.5237270959865
18.1815779688074 4.5484224434818
18.2492151419383 4.5736299840982
18.3171039316889 4.59926017648636
18.3852452740965 4.62514244575031
18.4536401086808 4.65142636406642
18.5222893784564 4.67825130655622
18.5911940299459 4.70518631908747
18.6603550131934 4.73216406376645
18.7297732817769 4.75954894540026
18.799449792822 4.78694863070197
18.8693855070149 4.81434422228183
18.9395813886156 4.84203357298126
19.0100384054711 4.86990262246957
19.0807575290291 4.89776626657952
19.151739734351 4.92576528212666
19.2229860001258 4.95410004418492
19.2944973086829 4.98243124028632
19.3662746460064 5.01075584567086
19.4383190017482 5.03955108026441
19.5106313692418 5.06835882180098
19.5832127455161 5.09716306179201
19.6560641313089 5.12621225624998
19.7291865310809 5.15541582020949
19.8025809530295 5.18462195645697
19.8762484091027 5.21397125524948
19.950189915013 5.24366820950252
20.0244064902514 5.27336885828024
20.0988991581017 5.3030750416241
20.1736689456542 5.33315909755308
20.2487168838201 5.36326668009484
20.3240440073458 5.3933795068823
20.3996513548271 5.42378123338389
20.4755399687231 5.45435420882218
20.5517108953714 5.48493702280756
20.6281651850019 5.51566112495809
20.7049038917513 5.54670450081117
20.7819280736781 5.57775745614195
20.8592387927765 5.60881916971142
20.9368371149918 5.6402758354413
21.0147241102344 5.67209933695435
21.092900852395 5.70434220987422
21.1713684193594 5.73722443119478
21.2501278930231 5.7706537678535
21.3291803593062 5.8045027457664
21.4085269081689 5.83889273506694
21.4881686336258 5.8739943140053
21.5681066337615 5.90951723150273
21.6483420107456 5.94545978821087
21.7288758708478 5.9821685638907
21.8097093244533 6.01931132510559
21.8908434860779 6.05687769290517
21.9722794743837 6.09511226504887
22.0540184121942 6.13390369096151
22.1360614265099 6.17312608857913
22.2184096485239 6.21293265655989
22.3010642136375 6.25347313985254
22.3840262614756 6.29448638911422
22.4672969359028 6.33597247919196
22.5508773850389 6.37825671301936
22.6347687612749 6.42102588462913
22.7189722212887 6.46427392529985
22.8034889260611 6.50821932501567
22.8883200408921 6.55276538398135
22.9734667354164 6.59779255271621
23.0589301836202 6.64340440741308
23.1447115638567 6.68972301508625
23.230812058863 6.73652314386124
23.3172328557757 6.78366128697907
23.4039751461482 6.83130584136154
23.491040125966 6.87914942902598
23.5784289956642 6.92727796892916
23.6661429601435 6.97590659589756
23.754183228787 7.02494930498508
23.8425510154766 7.07429688905072
23.9312475386102 7.12404813641372
24.0202740211181 7.17431925121167
24.1096316904802 7.22490074643962
24.1993217787425 7.27579881590038
24.2893455225345 7.32730049402124
24.3797041630861 7.37912548768357
24.4703989462445 7.43126960011699
24.5614311224917 7.48391679629499
24.6528019469616 7.53698612690466
24.7445126794573 7.59037978610842
24.8365645844686 7.64419101231953
24.9289589311891 7.69852020622009
25.0216969935341 7.75318342246313
25.1147800501579 7.80818154102581
25.2082093844715 7.86378538314098
25.3019862846603 7.91973471086587
25.3961120437021 7.97602725093554
25.4905879593843 8.03281637143409
25.5854153343225 8.09003475551732
25.6805954759781 8.1474495405963
25.7761296966763 8.20511683409042
25.8720193136242 8.26310760216101
25.9682656489293 8.32125480004943
26.0648700296171 8.37955712478889
26.1618337876502 8.4382099263726
26.2591582599459 8.49694392861623
26.356844788395 8.55577805704498
26.4548947198803 8.61488133521198
26.5533094062951 8.67418439951993
26.6520902045621 8.73359878854345
26.7512384766515 8.79318655353012
26.8507555896003 8.85300725543308
26.9506429155313 8.91294632736384
27.0509018316712 8.97300650021719
27.1515337203705 9.03339803080499
27.2525399691221 9.09390984698263
27.3539219705804 9.15454583215453
27.4556811225806 9.21544377618454
27.5578188281582 9.27653566647816
27.6603364955679 9.3377527281493
27.7632355383033 9.39916065194335
27.8665173751163 9.46081313772411
27.9701834300368 9.52256435518559
28.0742351323921 9.58437014842342
28.1786739168268 9.64637900794961
28.2835012233224 9.70844110709996
28.3887184972175 9.77055981072719
28.4943271892273 9.83284833934405
28.6003287554639 9.89525717851907
28.7067246574561 9.95772485904709
28.81351636217 10.0202616156802
28.9207053420286 10.082920763668
29.0282930749329 10.1455809345932
29.1362810442814 10.2082418818648
29.2446707389912 10.2710274904579
29.3534636535184 10.3338153021295
29.4626612878783 10.3966033229882
29.5722651476666 10.4595400935402
29.6822767440801 10.5225080868291
29.7926975939372 10.5854547629496
29.9035292196989 10.6484207765214
30.0147731494902 10.7114614823621
30.1264309171207 10.7744715113312
30.2385040621058 10.8374498324506
30.3509941296883 10.90038586753
30.4639026708593 10.9631305314414
30.5772312423796 11.0256838367111
30.6909814068016 11.088102611396
30.8051547324904 11.1503553020833
30.9197527936455 11.2124084284439
31.0347771703225 11.274304648706
31.1502294484553 11.3360781947781
31.2661112198773 11.3976458686365
31.3824240823437 11.4590009452313
31.4991696395536 11.5201784476632
31.616349501172 11.5811201417851
31.733965282852 11.6418230012868
31.852018606257 11.7023450218534
31.9705110990833 11.7626536626498
32.0894443950822 11.8227173096398
32.2088201340828 11.8825491813634
32.3286399620146 11.9421720394913
32.4489055309299 12.0015409337559
32.569618499027 12.0606566832773
32.6907805306726 12.1205806194208
32.8123932964254 12.1814003537968
32.9344584730584 12.2431663107618
33.0569777435824 12.3059766550441
33.1799527972693 12.3697987169782
33.3033853296751 12.4342787334516
33.4272770426635 12.4993727106506
33.5516296444293 12.5650833652432
33.6764448495218 12.6313914415915
33.8017243788689 12.6983046599111
33.9274699598002 12.7658456085045
34.0536833260713 12.8339419240472
34.1803662178875 12.9025839146364
34.3075203819277 12.9717656908531
34.4351475713689 13.0414940970558
34.5632495459097 13.1117630760281
34.6918280717952 13.18257910934
34.8208849218411 13.2539626371401
34.9504218754581 13.3255919075175
35.0804407186764 13.3967505575757
35.2109432441705 13.4676360399683
35.3419312512837 13.5380463424216
35.4734065460531 13.607971508411
35.6053709412345 13.6773154730359
35.7378262563273 13.7461208648814
35.8707743175993 13.814445052063
36.0042169581128 13.8822449740865
36.1381560177486 13.9494920169724
36.2725933432325 14.0163044198237
36.40753078816 14.0826907260547
36.5429702130224 14.1485907981711
36.6789134852321 14.2144672271401
36.8153624791483 14.2803885820375
36.9523190761032 14.3464417302337
37.0897851644277 14.412801084791
37.2277626394773 14.4794847929289
37.3662534036585 14.5477001822834
37.5052593664551 14.6175569733212
37.6447824444542 14.6890923415554
37.7848245613726 14.7623091758607
37.9253876480839 14.8372160112472
38.0664736426444 14.9138195774142
38.2080844903204 14.9921324033466
38.3502221436146 15.0721313254218
38.4928885622931 15.1538433983369
38.6360857134129 15.2372866883066
38.7798155713483 15.3224629749651
38.9240801178185 15.4093820031414
39.068881341915 15.498052201823
39.2142212401288 15.5883546214585
39.3601018163781 15.679953406446
39.5065250820358 15.7729003533687
39.6534930559574 15.867613550014
39.8010077645086 15.9643974448255
39.9490712415935 16.0632466336969
40.0976855286824 16.1641551204378
40.2468526748401 16.2671316676653
40.3965747367541 16.3721781973176
40.5468537787631 16.4793045706015
40.6976918728852 16.5886471201475
40.8490910988465 16.700302516561
41.0010535441102 16.8142171385494
41.1535813039047 16.9304001752753
41.3066764812531 17.0488712864232
41.4603411870018 17.1696195568529
41.6145775398498 17.2926553817136
41.7693876663778 17.4179984924142
41.9247737010778 17.5457187620746
42.080737786382 17.6737229904274
42.2372820726929 17.8020193435104
42.3944087184125 17.9306694075696
42.5521198899724 18.0596215507567
42.7104177618635 18.188883969512
42.869304516666 18.3185442735238
43.0287823450793 18.4486087693283
43.1888534459529 18.5790742319143
43.3495200263157 18.7099500911879
43.5107843014072 18.8412514974115
43.6726484947079 18.9729759625794
43.8351148379697 19.1051379404137
43.9981855712467 19.2377101586176
44.1618629429266 19.3707383196992
44.3261492097609 19.5046464844257
44.4910466368967 19.6398637480326
44.6565574979076 19.7765681359459
44.822684074825 19.914807304123
44.9894286581698 20.0545666546073
45.1567935469838 20.1958519569299
45.3247810488614 20.3387044756742
45.4933934799815 20.4831318714682
45.6626331651395 20.6290770279715
45.8325024377791 20.7766307182539
46.0030036400248 20.9258168781441
46.1741391227139 21.0760653869054
46.345911245429 21.2273830830929
46.5183223765307 21.3798125799298
46.69137489319 21.5318310054746
46.8650711814213 21.6830928415778
47.0394136361151 21.8334218633715
47.2144046610712 21.9817425215426
47.3900466690317 22.1279728808942
47.5663420817144 22.2721791985535
47.743293329846 22.4143577922844
47.9209028531959 22.5544285670831
48.0991731006096 22.6925457626745
48.2781065300423 22.8287523965795
48.4577056085935 22.9629720122934
48.63797281254 23.0951702626111
48.8189106273711 23.225422462926
49.000521547822 23.3541519254522
49.1828080779086 23.4814435125619
49.3657727309621 23.6075538126137
49.5494180296635 23.7328367417964
49.7337465060782 23.8573233176903
49.9187607016915 23.9812440345012
50.1044631674429 24.1046781891392
50.2908564637618 24.2275264022587
50.4779431606027 24.3497503493811
50.6657258374805 24.4714794993124
50.854207083506 24.592692058402
51.043389497422 24.7131621845035
51.2332756876387 24.8331790451671
51.4238682722698 24.9530094204381
51.6151698791687 25.0724222459345
51.8071831459647 25.1906285587683
51.9999107200992 25.3075819213066
52.1933552588626 25.4231584658636
52.3875194294302 25.5364968789561
52.5824059089 25.6475815539208
52.7780173843286 25.7557421618412
52.9743565527689 25.860661899089
53.1714261213071 25.9625803560593
53.3692288070999 26.0614702463824
53.5677673374123 26.1572586216667
53.7670444496548 26.25037973562
53.9670628914213 26.3408580023688
54.1678254205271 26.4286391470657
54.3693348050468 26.5136869781235
54.5715938233525 26.596034835041
54.7746052641521 26.6756708009496
54.9783719265278 26.7528672067011
55.1828966199745 26.8276713913548
55.3881821644389 26.9003443435819
55.594231390358 26.9717238067396
55.8010471386984 27.0416675533695
56.0086322609952 27.110483037558
56.2169896193917 27.1784032670133
56.4261220866785 27.2454876315698
56.6360325463332 27.311473982812
56.8467238925604 27.3763842519133
57.0581990303312 27.4406370408443
57.2704608754236 27.5037380589056
57.4835123544625 27.5657080082809
57.6973564049602 27.6270787886437
57.9119959753568 27.687574674562
58.1274340250607 27.7470436768349
58.3436735244898 27.8054942594848
58.5607174551122 27.8629261975717
58.7785688094872 27.9190217423997
58.9972305913069 27.9738025814028
59.2167058154372 28.0267678470394
59.4369975079597 28.0786325957896
59.6581087062134 28.1293966522318
59.8800424588363 28.1792830139897
60.1028018258077 28.2281817402152
60.3263898784903 28.2762337931801
60.5508096996726 28.32378043528
60.7760643836113 28.3721081504973
61.0021570360742 28.4210857371857
61.2290907743825 28.4707162865445
61.4568687274545 28.5210822618816
61.685494035848 28.5720979061474
61.9149698518044 28.623771544727
62.1452993392914 28.6761687488647
62.376485674047 28.729244637982
62.6085320436233 28.7827453825487
62.8414416474305 28.8365324865732
63.0752176967808 28.8872927527279
63.3098634149326 28.9350069676175
63.5453820371355 28.9796693028549
63.7817768106743 29.0212765362537
64.0190509949139 29.0598278638044
64.2572078613447 29.0953194628477
64.4962506936269 29.1277461387762
64.7361827876367 29.1571082606062
64.9770074515108 29.1834013381056
65.2187280056928 29.2061138785565
65.4613477829786 29.2232493152771
65.7048701285624 29.234805965923
65.9492984000827 29.241674455109
66.1946359676689 29.2440013715696
66.4408862139876 29.2423210228309
66.688052534289 29.2386073307734
66.9361383364543 29.2327710050697
67.1851470410421 29.2248898533547
67.4350820813359 29.2149886817586
67.6859469033913 29.2038191170595
67.9377449660834 29.1917972175379
68.190479741155 29.1798993732108
68.4441547132637 29.1681078986065
68.6987733800307 29.1562405965456
68.9543392520884 29.1445445472269
69.2108558531293 29.1327647078853
69.4683267199542 29.1205274412474
69.7267554025213 29.1080244873348
69.9861454639949 29.0949058284331
70.2465004807944 29.0803831536448
70.5078240426442 29.0642092139496
70.7701197526224 29.0444296863417
71.0333912272113 29.0209867909955
71.2976420963466 28.9936679608686
71.5628760034677 28.96270151566
71.8290966055681 28.9280811265347
72.0963075732454 28.8895661673966
72.3645125907524 28.8501544327709
72.6337153560475 28.8105007151159
72.903919580846 28.7705254886641
73.1751289906711 28.7298780345269
73.4473473249052 28.6873553881781
73.7205783368417 28.6429218889173
73.9948257937363 28.5978319684248
74.2700934768597 28.5524772691425
74.5463851815488 28.5068075808913
74.82370471726 28.4606785759818
75.1020559076207 28.4140858063839
75.3814425904831 28.3670190784818
75.6618686179762 28.3194364518272
75.9433378565593 28.2716805998652
76.2258541870754 28.2239091719063
76.5094215048047 28.1761132628234
76.7940437195179 28.1283284532552
77.0797247555308 28.0803665397259
77.3664685517576 28.0322096956124
77.654279061766 27.9835648077753
77.9431602538311 27.9341393809707
78.2331161109905 27.8838844366633
78.524150631099 27.8325513069945
78.8162678268838 27.7799341261357
79.1094717259999 27.7254986546159
79.4037663710853 27.6686680336314
79.6991558198174 27.60948600519
79.9956441449681 27.5477999496668
80.2932354344608 27.483581617139
80.5919337914261 27.4169484103698
80.8917433342586 27.3477676101942
81.192668196674 27.2780735469503
81.4947125277655 27.2082100611382
81.7978804920615 27.1374400977942
82.1021762695827 27.0656310515271
82.4076040558999 26.9929457492981
82.714168062192 26.9196139879071
83.0218725153037 26.8454248828467
83.3307216578039 26.770371738847
83.6407197480444 26.6946441500169
83.9518710602185 26.6190287509906
84.2641798844197 26.5444248104671
84.5776505267013 26.4709685858073
84.8922873091352 26.3986131824
85.2080945698721 26.326867418856
85.525076663201 26.2555964204643
85.8432379596091 26.1840841339985
86.1625828458423 26.1119746133535
86.4831157249656 26.0385991113772
86.804841016424 25.9642064777173
87.1277631561029 25.8885876389232
87.4518865963899 25.8116632523646
87.7772158062356 25.7335448761
88.103755271216 25.654240789042
88.4315094935933 25.5735915839393
88.760482992379 25.4892672959008
89.0906803033954 25.4032103834537
89.4221059793388 25.3152154964269
89.7547645898416 25.2252951334992
90.088660721536 25.133485923695
90.4237989781166 25.0397640138239
90.7601839804045 24.9441150430348
91.0978203664104 24.8467608697351
91.436712791399 24.7476352908766
91.7768659279529 24.6461401924792
92.1182844660374 24.5426011362451
92.4609731130645 24.4384811456537
92.8049365939585 24.3340443138271
93.1501796512209 24.2294952075904
93.4967070449956 24.125752531797
93.8445235531347 24.023030371633
94.1936339712644 23.9222488581794
94.5440431128511 23.8240207723694
94.8957558092676 23.7283507101353
95.2487769098601 23.6354853221958
95.6031112820147 23.5457668268176
95.9587638112245 23.4595030124376
96.3157394011573 23.3760001725029
96.674042973723 23.2952000784827
97.0336794691412 23.2162945351386
97.39465384601 23.1395872941669
97.7569710813735 23.0651688287419
98.1206361707911 22.9915961851028
98.4856541284063 22.9188695375853
98.8520299870155 22.8475814660512
99.2197687981374 22.7779280680876
99.5888756320832 22.7081640680357
99.9593555780259 22.6414570779851
100.331213744071 22.5794260050316
100.704455257326 22.5226589254104
101.079085263972 22.4713479509811
101.455108929334 22.4255504300931
101.832531437955 22.3851894141988
102.211357993661 22.3480910474361
102.591593819639 22.3143117510365
102.973244158507 22.2844714820335
103.356314272386 22.2588673532197
103.74080944297 22.2393607096271
104.126734971605 22.2259482750508
104.514096179357 22.2186260778427
104.902898407086 22.2177200370616
105.293147015521 22.2221604092471
105.684847385335 22.2319565751879
106.078004917216 22.2471123781698
106.472625031943 22.2677230469785
106.868713170461 22.2937660080485
107.266274793956 22.3264085203979
107.665315383931 22.3676607300287
108.065840442278 22.4175527947511
108.467855491361 22.4759843021457
108.871366074083 22.543178170385
109.27637775397 22.6191984187079
109.682896115245 22.6983941220561
110.090926762902 22.7773856418893
110.500475322789 22.8562187813325
110.911547441682 22.9352937079783
111.324148787363 23.0148503666257
111.738285048698 23.0949371159846
112.153961935718 23.1763230895001
112.571185179695 23.2605368087575
112.98996053322 23.348299204229
113.410293770289 23.4396381809525
113.832190686372 23.5346487197293
114.255657098502 23.6341657052843
114.680698845352 23.7363273179107
115.107321787315 23.8411081001467
115.535531806584 23.9499058464664
115.965334807235 24.0626304517647
116.396736715309 24.1792871150168
116.829743478891 24.2992041698496
117.264361068193 24.4223029804315
117.700595475639 24.5478086913353
118.138452715943 24.6747824084474
118.577938826195 24.8024264023575
119.019059865945 24.931265361688
119.461821917283 25.0619180841579
119.906231084925 25.1945160467203
120.3522934963 25.3300128429139
120.800015301628 25.4694986523351
121.24940267401 25.6117146113452
121.700461809513 25.7551840047481
122.15319892725 25.9005338986404
122.607620269474 26.047845850005
123.063732101657 26.1917488018165
123.52154071258 26.3295239226916
123.981052414419 26.4603317910499
124.442273542832 26.5841801730658
124.905210457046 26.700986372264
125.369869539945 26.8124209592334
125.836257198157 26.9204118934
126.304379862144 27.0271410107477
126.774243986291 27.1325888407824
127.245856048992 27.236751294104
127.719222552743 27.3396204883231
128.194350024229 27.4427754723241
128.671245014415 27.5481576806022
129.149914098635 27.6558849092994
129.630363876686 27.7666018098011
130.112600972915 27.8803211090952
130.596632036314 27.9951606125305
131.082463740608 28.1085560439913
131.570102784351 28.2202881945127
132.059555891015 28.3292543316929
132.550829809082 28.4354330165419
133.043931312143 28.5384543120868
133.538867198985 28.6390692137893
134.035644293687 28.7378558641018
134.534269445714 28.8348175380408
135.034749530014 28.9288949862831
135.537091447108 29.0186915403686
136.041302123189 29.1027273212664
136.547388510214 29.1795226669932
137.055357586005 29.2495439647118
137.56521635434 29.3135528898443
138.076971845052 29.3724047897122
138.590631114126 29.426816296088
139.106201243796 29.4758625091346
139.623689342642 29.5195485311554
140.14310254569 29.5568526912651
140.664448014507 29.5893022855049
141.187732937303 29.6180364690161
141.712964529029 29.6437453055995
142.240150031474 29.6661703894548
142.769296713371 29.6858938020653
143.30041187049 29.7029112756172
143.833502825744 29.7180463687379
144.368576929286 29.7323570449889
144.905641558614 29.7444515555189
145.444704118671 29.7536602251901
145.985772041946 29.7600096863653
146.528852788578 29.7614173848244
147.073953846458 29.7558193770997
147.621082731334 29.7429750774852
148.170246986912 29.7226140605078
148.721454184961 29.6958158489531
149.274711925419 29.6645893402037
149.830027836496 29.6302321359468
150.387409574779 29.5926110066607
150.946864825339 29.5516970745216
151.508401301835 29.5052419135192
152.072026746624 29.4503625686072
152.637748930863 29.3869904227937
153.205575654619 29.3151214563417
153.775514746977 29.2342564201854
154.347574066145 29.1440286372216
154.921761499565 29.0512801464498
155.498084964022 28.9595611215194
156.076552405752 28.869566109555
156.657171800551 28.7835913293916
157.239951153886 28.7006254550216
157.824898501005 28.6205549123412
158.412021907047 28.5417684537512
159.001329467157 28.4591176031113
159.592829306591 28.3725479043421
160.186529580835 28.2827463179395
160.78243847571 28.1906950725921
161.380564207495 28.0977009338331
161.980915023028 28.0027917430043
162.583499199831 27.9045633837202
163.188325046216 27.8034780596882
163.795400901405 27.7009724853923
164.40473513564 27.5971038410392
165.016336150303 27.4925490148868
165.630212378031 27.3887644618103
166.246372282828 27.287467343001
166.864824360187 27.1897179517206
167.485577137204 27.0971341288109
168.108639172699 27.0055222740799
168.734019057329 26.9135768584612
169.36172541371 26.8213004228313
169.991766896534 26.7272709966817
170.624152192691 26.6287297036393
171.258890021386 26.527293185154
171.89598913426 26.4246246088228
172.535458315511 26.3215661283813
173.177306382017 26.218401075026
173.821542183453 26.1203165058777
174.468174602416 26.0298360950593
175.117212554548 25.9481188963868
175.768664988659 25.8778702453795
176.422540886846 25.8190846610201
177.078849264624 25.7710623982675
177.737599171045 25.7291485692313
178.398799688823 25.6864397734781
179.062459934462 25.6428715005735
179.728589058382 25.6014100898273
180.397196245039 25.5641558729903
181.068290713059 25.5320266553548
181.741881715363 25.5020847590698
182.417978539291 25.4726965416257
183.096590506735 25.4451216812642
183.777726974264 25.4210814954438
184.461397333255 25.4025973965643
185.147611010021 25.392402686226
185.836377465944 25.3923912048761
186.5277061976 25.4001178321624
187.221606736895 25.4115372401421
187.918088651195 25.4260367896432
188.617161543456 25.4379330407664
189.318835052359 25.4490852751639
190.023118852442 25.4595623258901
190.730022654232 25.4691390505641
191.439556204381 25.4755248688167
192.151729285799 25.4798240413815
192.86655171779 25.4834080232198
193.584033356187 25.4903030980232
194.304184093485 25.5034179721211
195.027013858983 25.5216333381977
195.752532618918 25.5453472026505
196.480750376599 25.5746463267649
197.211677172552 25.6092666914467
197.945323084652 25.6507069813421
198.681698228267 25.7001226033764
199.420812756393 25.7542385783011
200.162676859797 25.8109438143536
200.907300767158 25.8648012560258
201.654694745203 25.9189835440387
202.404869098855 25.9744466887648
203.157834171373 26.0325315270984
203.913600344492 26.0918289559821
204.672178038568 26.1509283311169
205.433577712722 26.2113494256421
206.197809864986 26.2736049339136
206.964885032443 26.3391052230558
207.734813791375 26.4083820822559
208.50760675741 26.481168053304
209.283274585667 26.5527472812489
210.061827970903 26.6175097885831
210.84327764766 26.6730652244381
211.627634390414 26.7185017335956
212.414909013722 26.757831879275
213.205112372374 26.790960439185
213.998255361539 26.8179796379663
214.794348916918 26.8403684253258
215.593404014895 26.8582840793038
216.395431672684 26.8716163661406
217.200442948486 26.885250166718
218.008448941641 26.9025935178136
218.819460792778 26.9229565550566
219.633489683968 26.9487421290958
220.450546838885 26.979164145979
221.270643522953 27.011157926472
222.093791043505 27.0451448397374
222.920000749938 27.0836545422348
223.749284033871 27.1280880763369
224.5816523293 27.1828538759625
225.417117112757 27.2408353892958
226.255689903467 27.2993182004901
227.097382263509 27.3553562589921
227.942205797972 27.4087871298657
228.790172155119 27.4582822238817
229.641293026544 27.5041158777367
230.495580147337 27.546749333513
231.35304529624 27.5827427830181
232.213700295818 27.6120758285909
233.077557012612 27.6327761787622
233.944627357311 27.6414451517388
234.814923284911 27.6367206728594
235.688456794884 27.6179791462397
236.565239931339 27.5837595669475
237.44528478319 27.5383280148674
238.328603484325 27.4892479498891
239.215208213769 27.4364491547572
240.105111195857 27.3806042038164
240.998324700395 27.3271406293173
241.894861042839 27.2766250114156
242.794732584456 27.2281669126489
243.6979517325 27.1823120389818
244.60453094038 27.1387046371373
245.514482707834 27.0990580775609
246.427819581099 27.0673277194701
247.344554153085 27.0446606808453
248.264699063551 27.029176659126
249.188266999274 27.019119228082
250.11527069423 27.0112304532962
251.045722929764 27.0087566889211
251.979636534771 27.0150567270931
252.91702438587 27.0306530309354
253.85789940758 27.0480061220497
254.802274572504 27.0614471145906
255.750162901502 27.0692138267434
256.701577463874 27.0710449038083
257.656531377538 27.0691012782546
258.615037809212 27.0612183722132
259.577109974596 27.0406419542858
260.542761138553 27.0075699779466
261.512004615294 26.961096995134
262.484853768559 26.8985258487343
263.461322011801 26.8240136868513
264.441422808376 26.7427188986248
265.42516967172 26.6545945310728
266.412576165545 26.5633250774179
267.403655904018 26.4751567931009
268.398422551953 26.3966572137782
269.396889825 26.3308120087248
270.39907148983 26.2797149344476
271.404981364328 26.2420498333011
272.414633317784 26.2160837580586
273.428041271082 26.1922530706763
274.445219196894 26.1673965881042
275.466181119869 26.1420346646219
276.490941116832 26.1157435226676
277.519513316975 26.0914609281447
278.551911902049 26.0707034794155
279.588151106566 26.0520689647905
280.628245217989 26.027566626306
281.672208576933 25.9990387540164
282.720055577362 25.9715692360328
283.771800666785 25.9525507667291
284.827458346459 25.9410495503688
285.887043171586 25.9353657372317
286.950569751514 25.9321098443846
288.018052749942 25.9336147116189
289.089506885116 25.9410591044242
290.164946930037 25.9491367296625
291.244387712663 25.9528293551769
292.327844116112 25.9507064941092
293.41533107887 25.9441395599086
294.506863594997 25.9314842555108
295.602456714328 25.9160460997602
296.702125542688 25.9109402075696
297.805885242097 25.9163284989285
298.913751030978 25.9263896371675
300.025738184368 25.937702421822
301.14186203413 25.9605042425736
302.262137969162 25.9984986448943
303.386581435609 26.0424588930506
304.51520793708 26.0873341207368
305.648033034855 26.1363617415924
306.785072348107 26.1797640362007
307.926341554112 26.2158339080067
309.071856388467 26.2412316415282
310.221632645308 26.2500399664154
311.375686177524 26.2428032653655
312.534032896982 26.218707830918
313.69668877474 26.1771887303304
314.86366984127 26.1213783333852
316.03499218668 26.0547434647215
317.210671960934 25.9851164329322
318.390725374075 25.9172168089747
319.57516869645 25.8574884731283
320.764018258932 25.8091064841287
321.957290453147 25.7709309291822
323.1550017317 25.7459525777433
324.3571686084 25.73438653173
325.563807658489 25.7332935374815
326.774935518872 25.7413673699025
327.990568888343 25.7549800740909
329.210724527818 25.7752571239866
330.435419260565 25.8004072960257
331.664669972436 25.8328074651472
332.898493612101 25.8884675670196
334.136907191279 25.9664348643813
335.379927784974 26.0561018752672
336.627572531714 26.1448332436744
337.879858633779 26.2321552737125
339.136803357447 26.3167719942521
340.398424033226 26.3883296971916
341.664738056097 26.4439584201989
342.935762885749 26.4858665976056
344.211516046826 26.5130519593168
345.492015129163 26.5309448870524
346.777277788032 26.5384540270546
348.067321744384 26.5341758729118
349.362164785094 26.5145583739734
350.661824763204 26.4717982699911
351.966319598173 26.4077562394489
353.275667276122 26.3405398301717
354.58988585008 26.2733491601337
355.908993440238 26.2049352364957
357.233008234193 26.1322074997304
358.561948487204 26.056839113591
359.895832522439 25.9831968638029
361.234678731231 25.9132977284761
362.578505573331 25.8472874924306
363.927331577162 25.7873614141693
365.281175340072 25.7364983899525
366.640055528597 25.6949631951401
368.003990878711 25.6607972922624
369.373000196088 25.6332033037122
370.747102356362 25.6138324669182
372.126316305386 25.607666047202
373.510661059493 25.6184408315732
374.900155705758 25.645517665686
376.294819402263 25.6932884297564
377.694671378358 25.7495727437726
379.099730934929 25.7971019572545
380.510017444665 25.8258133643835
381.92555035232 25.8388634581348
383.346349174985 25.8480014499113
384.772433502359 25.8397063600621
386.203822997013 25.811508255541
387.640537394667 25.777183440006
389.082596504459 25.743378026693
390.530020209219 25.7202474136324
391.982828465741 25.7045210689339
393.441041305064 25.688247669623
394.904678832742 25.6755067201379
396.373761229123 25.6744613909799
397.848308749629 25.6775626878402
399.328341725034 25.6742877631653
400.813880561743 25.6585825290289
402.304945742077 25.6261688353231
403.801557824551 25.5870376237485
405.303737444161 25.541246536223
406.811505312667 25.4780744083948
408.324882218878 25.4026149875701
409.843889028939 25.3208892474346
411.368546686621 25.2413089471012
412.898876213606 25.1684450856932
414.434898709779 25.1014006932354
415.976635353518 25.0347971738743
417.524107401988 24.9701576851947
419.077336191431 24.8971364609883
420.636343137464 24.8210644532633
422.20114973537 24.7657125211844
423.771777560397 24.7251342050799
425.348248268055 24.6805320411869
426.930583594415 24.62683261415
428.518805356409 24.5770796476878
430.112935452127 24.5465490365455
431.712995861126 24.5141063736981
433.319008644725 24.4699647290866
434.930995946316 24.4216996377772
436.548979991665 24.3790550421672
438.172983089221 24.3536395652806
439.803027630423 24.347208070017
441.439136090005 24.3617209338169
443.081331026313 24.3919945058902
444.72963508161 24.4209440439288
446.384070982391 24.4446316393774
448.044661539696 24.458974880113
449.711429649423 24.4638366571442
451.384398292646 24.4583206213664
453.063590535931 24.4513054231681
454.749029531652 24.4457358604666
456.440738518314 24.4260825289783
458.138740820871 24.388009786841
459.843059851047 24.336789741902
461.55371910766 24.2869775598791
463.270742176947 24.2433321572218
464.994152732887 24.2110802731695
466.723974537529 24.1714399405043
468.460231441319 24.1185704540263
470.202947383427 24.0417553907576
471.952146392082 23.9509373771189
473.707852584898 23.8573266480515
475.470090169211 23.7660371219617
477.238883442408 23.6726135740694
479.014256792265 23.5871561004556
480.796234697286 23.5188121614042
482.584841727032 23.4615706642292
484.38010254247 23.4142531465283
486.182041896305 23.3882369475418
487.990684633326 23.3675843140592
489.806055690746 23.3543720615869
491.628180098547 23.3464393773482
493.457082979826 23.3510322337553
495.292789551138 23.368118325518
497.135325122848 23.3866596069699
498.984715099477 23.3838996665996
500.840984980053 23.3745974896123
502.704160358464 23.3653869739394
504.574266923808 23.3625068862256
506.451330460749 23.3732452810438
508.335376849875 23.3863467383493
510.226432068048 23.4100073723806
512.124522188771 23.4453145506112
514.029673382538 23.471334593588
515.941911917204 23.4965803635466
517.86126415834 23.522987325465
519.787756569601 23.544748033519
521.721415713088 23.5675942942956
523.662268249716 23.5881497682635
525.610340939583 23.6070364877772
527.565660642334 23.6138762967348
529.528254317536 23.6115741787808
531.498149025047 23.5873796997763
533.475371925393 23.5494893633145
535.459950280137 23.5092737446137
537.451911452257 23.4729975700536
539.451282906527 23.4464036499741
541.45809220989 23.4129444838166
543.472367031842 23.3862763584459
545.49413514481 23.4006080239689
547.523424424539 23.43088321288
549.560262850475 23.4579946551781
551.604678506148 23.4767227551697
553.656699579562 23.5008718602626
555.716354363585 23.5194605405843
557.783671256334 23.5399644764241
559.858678761572 23.5562932923469
561.941405489097 23.57036590063
564.03188015514 23.5901453390121
566.130131582757 23.6142502732666
568.236188702231 23.6551891774773
570.350080551465 23.6975780878172
572.471836276389 23.7291961540499
574.601485131357 23.7717701513752
576.739056479551 23.8075062571162
578.88457979339 23.8464736444268
581.038084654929 23.8884353388246
583.199600756274 23.9270956041386
585.369157899988 23.9532720876922
587.5467859995 23.9811855552828
589.732515079524 24.0249284700095
591.926375276465 24.0872359416304
594.128396838839 24.1638119038916
596.338610127691 24.2315021380288
598.557045617011 24.2880815562833
600.783733894154 24.3494734428297
603.018705660264 24.4027850554061
605.261991730696 24.4576251190025
607.513623035441 24.5108950765535
609.773630619552 24.5666010968942
612.042045643573 24.6338288926206
614.318899383969 24.7099777929295
616.604223233554 24.7674172852123
618.898048701927 24.8158774381309
621.200407415909 24.8597226746251
623.51133111997 24.9024520735636
625.830851676678 24.9494739319388
628.159001067128 25.0090523881117
630.49581139139 25.0670382619421
632.841314868951 25.1367628023471
635.195543839153 25.2054134457535
637.558530761648 25.2746257210949
639.930308216838 25.351835436975
642.310908906328 25.3945025649989
644.700365653376 25.4353997910855
647.098711403346 25.4768755167047
649.505979224161 25.5058269234097
651.922202306761 25.5286428857273
654.347413965559 25.5539436534666
656.781647638899 25.5793816339247
659.224936889521 25.608183156745
661.677315405021 25.6355382548925
664.138816998315 25.6811663003655
666.609475608108 25.7459043611593
669.089325299358 25.8087722773505
671.578400263749 25.8658707445455
674.076734820163 25.9276965008869
676.584363415148 25.9778082401215
679.101320623398 26.0250931267449
681.627641148229 26.0787013963179
684.163359822055 26.1360612798662
686.708511606871 26.184330323727
689.263131594734 26.2397481616115
691.827255008246 26.2852112888052
694.400917201039 26.3330512595978
696.984153658268 26.3569433365214
699.576999997092 26.3803308020116
702.179491967171 26.3904742711116
704.791665451156 26.40110007115
707.413556465187 26.4009666451895
710.045201159385 26.4266526560807
712.686635818355 26.468768919279
715.337896861682 26.5043832146719
717.999020844436 26.5586909719596
720.670044457676 26.6109790877816
723.351004528956 26.6505755102298
726.041938022828 26.6982365543928
728.74288204136 26.7331353907763
731.453873824642 26.752697059067
734.174950751298 26.7639734434553
736.906150339008 26.7875349946635
739.647510245018 26.8218363250874
742.399068266665 26.8428575284193
745.160862341893 26.8654859296883
747.932930549781 26.8923378971814
750.715311111065 26.9256207829313
753.508042388666 26.9578169136371
756.311162888217 26.9824791271056
759.124711258597 26.9981765885964
761.948726292463 27.0005588496329
764.783246926784 27.0005512238012
767.628312243377 26.9890040737948
770.483961469448 26.9783077491997
773.350233978131 26.9835643857859
776.227169289033 26.9853687264075
779.114807068777 26.9923686979746
782.01318713155 26.9790763525907
784.92234943965 26.9520665497813
787.842334104041 26.9179021339604
790.773181384902 26.882448340995
793.714931692182 26.8239644629368
796.667625586163 26.7571826576803
799.63130377801 26.7036243819439
802.606007130343 26.6441957747161
805.591776657789 26.5810799096093
808.588653527558 26.5651510529369
811.596679060002 26.54922676418
814.615894729193 26.5245667403338
817.646342163485 26.5008870742041
820.688063146098 26.4874419380052
823.741099615688 26.4701231877293
826.805493666926 26.4407308985399
829.881287551079 26.4044876026777
832.968523676594 26.3806780736766
836.06724460968 26.3627625442704
839.177493074898 26.3483066491932
842.299311955746 26.3409671887886
845.432744295255 26.3253669287996
848.577833296579 26.2972754482948
851.734622323592 26.2750758829175
854.903154901485 26.245706353272
858.083474717367 26.2089369379699
861.275625620868 26.1599065275294
864.479651624742 26.1165660239094
867.695596905475 26.076898830546
870.923505803893 26.0391180134144
874.163422825774 26.0032771487251
877.415392642464 25.9654332674444
880.679460091487 25.9213807929433
883.955670177168 25.8815576866206
887.244068071255 25.8408967486082
890.544699113535 25.8022207790623
893.857608812465 25.7219218186541
897.1828428458 25.6334691186561
900.520447061216 25.5490283864164
903.870467476951 25.4289976092018
907.232950282432 25.3302828240044
910.607941838916 25.2621656608987
913.99548868013 25.1896704637622
917.395637512907 25.1260679862718
920.808435217838 25.0684925003187
924.233928849912 25.0143550040208
927.672165639167 24.9301093795724
931.12319299134 24.8237298273835
934.587058488525 24.7315115267439
938.063809889823 24.6472275562336
941.553495132005 24.5625050165926
945.056162330171 24.4754616642649
948.571859778412 24.3715985096339
952.100635950479 24.2583984089566
955.64253950045 24.1775164788399
959.197619263401 24.1049311339076
962.765924256078 24.0318070668863
966.347503677575 23.9719109858366
969.942406910009 23.9153171352441
973.550683519207 23.8555104404707
977.172383255382 23.8152311057093
980.807556053824 23.7757148753366
984.456252035586 23.7267264534692
988.118521508177 23.7065754418167
991.794414966255 23.6928673483893
995.483983092322 23.6747647590242
999.187276757423 23.6745815046548
1002.90434702185 23.6704883695116
1006.63524513584 23.672742838338
1010.3800225403 23.6855755048978
1014.13873086747 23.6897544838171
1017.9114219417 23.6641026632252
1021.69814778013 23.6262262367464
1025.49896059337 23.600385916595
1029.31391278631 23.6165044496497
1033.14305695876 23.6096153428942
1036.98644590621 23.5966510917114
1040.84413262056 23.5696009447097
1044.71617029083 23.5426922970472
1048.60261230394 23.5106052607895
1052.50351224539 23.445873720854
1056.41892390001 23.3564915767721
1060.34890125276 23.2761513007663
1064.29349848938 23.2184137301853
1068.25276999721 23.1634641136782
1072.22677036593 23.136049520404
1076.21555438826 23.11450397792
1080.21917706079 23.0986804377957
1084.23769358469 23.0948295163669
1088.27115936647 23.0872057894076
1092.31963001878 23.0776500139687
1096.38316136114 23.073083897023
1100.46180942073 23.0565622933571
1104.55563043316 23.0260012271457
1108.66468084322 23.012723915065
1112.7890173057 23.0087757542431
1116.92869668616 23.0058174234956
1121.08377606168 23.0192854955062
1125.25431272169 23.0533852130782
1129.44036416873 23.0982383218525
1133.64198811927 23.1227495213436
1137.85924250447 23.1626242607417
1142.09218547102 23.1951275283608
1146.34087538191 23.2029284763914
1150.60537081725 23.1977731380208
1154.88573057506 23.2257899479362
1159.18201367212 23.2515449910256
1163.49427934474 23.2758695274452
1167.8225870496 23.3168521463066
1172.16699646455 23.3836460826278
1176.52756748948 23.4561783264447
1180.90436024707 23.4746034063124
1185.2974350837 23.4828604708807
1189.70685257023 23.4910601518832
1194.13267350285 23.5241850542094
1198.5749589039 23.5824108687496
1203.03377002276 23.6148583116858
1207.50916833664 23.6309738459091
1212.00121555147 23.6412677647057
1216.50997360271 23.6682698949123
1221.03550465623 23.6971796807832
1225.57787110919 23.7251490947381
1230.13713559085 23.7353552631193
1234.71336096344 23.725063364253
1239.30661032308 23.7236862273297
1243.9169470006 23.7074948941192
1248.54443456241 23.6966686240984
1253.18913681141 23.6929379929118
1257.85111778785 23.7061769188507
1262.53044177021 23.7234401639451
1267.22717327611 23.7227973879892
1271.94137706315 23.6584057018813
1276.67311812987 23.6076888548392
1281.42246171659 23.5973377741947
1286.18947330632 23.59580606141
1290.97421862569 23.581508709662
1295.77676364585 23.5323520976498
1300.59717458334 23.4766997758843
1305.43551790105 23.4378454623463
1310.29186030912 23.4216041892346
1315.16626876584 23.4214572896195
1320.05881047861 23.4208984406253
1324.96955290485 23.4442555839443
1329.8985637529 23.4795894811493
1334.84591098301 23.5018671312357
1339.81166280824 23.5117913237713
1344.79588769541 23.5389727961409
1349.79865436604 23.5382614209111
1354.82003179729 23.5283814194627
1359.86008922295 23.5030270536619
1364.91889613434 23.4765207955275
1369.9965222813 23.4248968465853
1375.09303767316 23.3917349772627
1380.20851257966 23.3664168489674
1385.343017532 23.3408679964449
1390.49662332371 23.3329199257233
1395.6694010117 23.3143216348731
1400.86142191724 23.3071747214699
1406.07275762689 23.334190393094
1411.30347999353 23.3684883571568
1416.55366113734 23.3865125856973
1421.82337344679 23.3925361355272
1427.11268957965 23.3765620695252
1432.42168246399 23.3626612752921
1437.75042529915 23.3537560284026
1443.09899155681 23.3607559106564
1448.46745498195 23.3847351235275
1453.85588959391 23.3865489545296
1459.26436968736 23.3824539446129
1464.69296983337 23.3739128479187
1470.14176488043 23.3645685767009
1475.61082995546 23.3468838057192
1481.10024046487 23.3102055258357
1486.61007209556 23.3277720280841
1492.14040081604 23.3408203952362
1497.69130287738 23.363790552659
1503.26285481435 23.3758582201145
1508.85513344643 23.3629188562955
1514.46821587884 23.3633785210333
1520.10217950369 23.3601989923496
1525.75710200096 23.3752517288508
1531.43306133963 23.3646126619083
1537.1301357787 23.3616256408735
1542.84840386835 23.3418922070912
1548.58794445092 23.3285695777542
1554.34883666208 23.3462523179644
1560.1311599319 23.346973297654
1565.93499398592 23.3344935620841
1571.76041884628 23.3269044599107
1577.60751483278 23.349100002609
1583.47636256406 23.3615129748344
1589.36704295864 23.3398342958007
1595.27963723608 23.3502807161312
1601.21422691806 23.4183615896139
1607.17089382956 23.4429931450435
1613.14972009994 23.424326130518
1619.15078816409 23.3810254356521
1625.17418076356 23.4043082667264
1631.21998094772 23.4328748001619
1637.28827207488 23.5041764132393
1643.37913781346 23.5532225551618
1649.49266214312 23.6088274671283
1655.62892935595 23.6581880014575
1661.7880240576 23.6941722406346
1667.97003116847 23.7285274174106
1674.17503592487 23.7642058585618
1680.40312388019 23.7993261487935
1686.6543809061 23.8262422834171
1692.9288931937 23.8215582342091
1699.22674725475 23.8461606571125
1705.54802992284 23.8583987195303
1711.89282835457 23.8901291105162
1718.26123003079 23.9122199997043
1724.65332275779 23.976663598346
1731.06919466848 23.9998893044081
1737.50893422366 24.0205975383896
1743.9726302132 24.0430907298743
1750.46037175728 24.0540944146627
1756.97224830763 24.0686778089371
1763.50834964871 24.0705585430487
1770.06876589903 24.0698984025614
1776.65358751231 24.0368365450501
1783.26290527881 24.0142079567529
1789.8968103265 24.0010739168392
1796.55539412237 24.0340155281168
1803.23874847367 24.0374984631679
1809.94696552921 24.0104601250195
1816.68013778055 23.9828302032561
1823.43835806337 23.9947910251294
1830.22171955869 23.9838809859503
1837.03031579418 23.9820481433214
1843.86424064544 23.9995460071516
1850.72358833728 24.0086860065211
1857.60845344505 24.04370322987
1864.51893089594 24.0625934415494
1871.45511597026 24.0497590828074
1878.41710430278 24.0812816169964
1885.40499188403 24.0946463824359
1892.41887506164 24.0996340312278
1899.45885054167 24.0807438211778
1906.52501538993 24.0868816297492
1913.61746703332 24.0962676620231
1920.73630326118 24.0886040001058
1927.88162222663 24.0811118374699
1935.05352244795 24.0645293663247
1942.25210280989 24.0577354804057
1949.47746256507 24.0674741737928
1956.72970133535 24.0370656524335
1964.00891911318 24.0313167803847
1971.315216263 24.0525017238479
1978.6486935226 24.0633163267317
1986.00945200454 24.051887235377
1993.39759319752 24.0130691603048
2000.8132189678 24.0184974572108
2008.25643156057 23.9891530585135
2015.7273336014 23.9651164257965
2023.22602809763 23.9505921301824
2030.75261843979 23.9373743215116
2038.30720840305 23.9657076195559
2045.88990214862 23.9457110866285
2053.50080422521 23.9066291253777
2061.14001957043 23.8602225731236
2068.80765351232 23.8335265256476
2076.5038117707 23.8154070213419
2084.22860045872 23.7764279198974
2091.98212608424 23.7488080907529
2099.76449555137 23.7416645304876
2107.57581616189 23.7112488314622
2115.41619561679 23.6683810873934
2123.28574201767 23.6734237340019
2131.18456386831 23.6707477591371
2139.11277007613 23.649042192075
2147.07046995368 23.6364480434334
2155.05777322019 23.6258660527925
2163.07479000302 23.6048981416234
2171.12163083925 23.5747794125764
2179.19840667714 23.5586053533002
2187.30522887772 23.5241639589858
2195.44220921625 23.4873236876697
2203.60945988384 23.478851244378
2211.80709348895 23.4717197725752
2220.03522305895 23.4562433922313
2228.29396204169 23.4410934290362
2236.58342430704 23.4332848270186
2244.90372414851 23.4078028399335
2253.25497628476 23.3735904107404
2261.63729586123 23.3683432537477
2270.0507984517 23.3589343897455
2278.49560005991 23.3527011911187
2286.97181712113 23.3517494321254
2295.4795665038 23.3143709523732
2304.0189655111 23.2964059548878
2312.59013188261 23.2802885355292
2321.19318379588 23.2489089454814
2329.82823986813 23.2424841434365
2338.49541915782 23.1744801779547
2347.19484116633 23.1353988866027
2355.9266258396 23.1466380077315
2364.69089356977 23.0793706855765
2373.48776519685 23.0156271082152
2382.3173620104 22.993290000037
2391.17980575117 23.0069593416049
2400.07521861281 22.9638938193091
2409.00372324354 22.9367103099165
2417.96544274784 22.9297235743
2426.96050068814 22.9163168470395
2435.98902108656 22.8919715828626
2445.05112842657 22.8855398098131
2454.14694765475 22.8680286887903
2463.27660418247 22.8649292016401
2472.44022388765 22.8785246708586
2481.63793311651 22.8523254574692
2490.86985868525 22.818273597186
2500.13612788187 22.7906039434579
2509.43686846789 22.7963293443558
2518.7722086801 22.7821121339205
2528.14227723234 22.7647420025942
2537.54720331731 22.7372531605456
2546.98711660828 22.7340583041153
2556.46214726094 22.7212352900497
2565.97242591516 22.7006702233561
2575.51808369681 22.6875896309265
2585.09925221956 22.6795922267269
2594.7160635867 22.6523323083597
2604.36865039294 22.6400642419768
2614.05714572626 22.6109218238473
2623.78168316975 22.5902081707609
2633.54239680345 22.5906562766827
2643.33942120615 22.5518815310065
2653.17289145733 22.5131874019361
2663.04294313896 22.5115795177142
2672.94971233738 22.4862270341795
2682.89333564519 22.4837150213045
2692.87395016314 22.4693986034466
2702.89169350199 22.4568976516939
2712.94670378444 22.4477387143406
2723.03911964699 22.439489290911
2733.16908024193 22.4264470550206
2743.33672523916 22.4169979507382
2753.54219482819 22.42458340427
2763.78562972005 22.4375419429676
2774.06717114922 22.4264220808451
2784.38696087559 22.4142761254141
2794.74514118641 22.4257144336427
2805.14185489824 22.4001350281532
2815.57724535896 22.3863944912372
2826.05145644968 22.3853702601018
2836.56463258679 22.385528563481
2847.11691872391 22.3414441182327
2857.7084603539 22.3355102738918
2868.33940351088 22.3311518776233
2879.00989477221 22.312383853617
2889.72008126055 22.3087500999009
2900.47011064586 22.3036366003755
2911.26013114745 22.3127097632036
2922.09029153602 22.3086891324374
2932.9607411357 22.2877178802455
2943.87162982615 22.3016301457868
2954.82310804455 22.3303657666848
2965.81532678776 22.2936633678417
2976.84843761435 22.2843246731558
2987.9225926467 22.2904586710304
2999.0379445731 22.2674445442844
3010.19464664985 22.2602596929113
3021.39285270338 22.2711086154279
3032.63271713238 22.2667255772812
3043.91439490991 22.2538871052086
3055.23804158553 22.2447566941412
3066.60381328749 22.2334346627979
3078.01186672482 22.2303867596539
3089.46235918954 22.2174072753887
3100.95544855881 22.2082062709277
3112.4912932971 22.1970787748739
3124.07005245839 22.2069072588665
3135.69188568836 22.2308788117502
3147.35695322657 22.2286109988785
3159.0654159087 22.2324485733731
3170.81743516875 22.2334213671413
3182.61317304128 22.2427443604345
3194.45279216361 22.2493895987476
3206.3364557781 22.2448082110009
3218.26432773439 22.2503566386462
3230.23657249166 22.2502403256745
3242.25335512088 22.2368031249559
3254.3148413071 22.2430095158481
3266.42119735174 22.2804145629692
3278.57259017489 22.2763557333047
3290.76918731757 22.2748260622972
3303.01115694409 22.2891940209217
3315.29866784434 22.2815570943819
3327.63188943612 22.2832088391923
3340.01099176749 22.2813949569217
3352.43614551909 22.2778052835239
3364.90752200653 22.2727469858661
3377.42529318271 22.259613037177
3389.98963164021 22.2635764715308
3402.60071061369 22.2608509321437
3415.25870398225 22.2411900885707
3427.96378627182 22.2366028123636
3440.71613265761 22.2176456428404
3453.51591896648 22.2172144569929
3466.36332167938 22.1844367111894
3479.25851793381 22.1567688566262
3492.20168552621 22.1614150868504
3505.19300291445 22.1546440708833
3518.23264922029 22.1464901075289
3531.32080423182 22.1310081490943
3544.45764840598 22.1344318090049
3557.64336287101 22.1505279938999
3570.87812942896 22.1605758330539
3584.16213055823 22.1716098778934
3597.49554941602 22.171203614986
3610.87856984091 22.1938761104545
3624.31137635539 22.2012597102358
3637.79415416837 22.2147369032718
3651.32708917776 22.2196712278228
3664.91036797302 22.2008095236915
3678.54417783777 22.2202491594944
3692.2287067523 22.210729635809
3705.96414339624 22.226686426537
3719.75067715111 22.2047482414745
3733.58849810294 22.2247431852258
3747.47779704492 22.2591495371352
3761.41876547999 22.2448178568446
3775.4115956235 22.2715491762864
3789.45648040586 22.2449780691917
3803.55361347522 22.2531051074901
3817.70318920008 22.2597904266997
3831.90540267205 22.2611522564583
3846.16044970847 22.2754556096474
3860.46852685515 22.3144893794388
3874.82983138907 22.3246040325993
3889.24456132109 22.3226776213202
3903.7129153987 22.336935026612
3918.23509310874 22.3271503544746
3932.81129468018 22.3221015873957
3947.44172108682 22.3167647764196
3962.12657405015 22.3053357793976
3976.86605604205 22.275814057457
3991.66037028761 22.2759895321143
4006.50972076797 22.2754306810063
4021.41431222307 22.259317396802
4036.37435015451 22.2559222925261
4051.39004082838 22.2513885787033
4066.46159127809 22.2420959956648
4081.58920930724 22.2381764537807
4096.77310349248 22.2548748885508
4112.01348318638 22.2258304370527
4127.31055852032 22.2351646381454
4142.6645404074 22.2296524085026
4158.07564054532 22.2277965597398
4173.54407141932 22.2384319300608
4189.07004630512 22.2383731593378
4204.65377927183 22.2633494861734
4220.29548518492 22.2484720810045
4235.99537970918 22.2207473919516
4251.7536793117 22.2057802444393
4267.57060126484 22.1943723207574
4283.44636364922 22.2010574837942
4299.38118535678 22.2116583700112
4315.37528609372 22.2273958127778
4331.42888638358 22.2417048654352
4347.54220757028 22.2347967575302
4363.71547182114 22.2522963971871
4379.94890212999 22.2464353699041
4396.24272232018 22.2658099813602
4412.59715704774 22.2547760083311
4429.01243180443 22.264034225047
4445.48877292084 22.2606544461553
4462.02640756957 22.2445468763031
4478.62556376828 22.2388211187772
4495.28647038291 22.2584531918826
4512.0093571308 22.2520962002455
4528.79445458383 22.2571563280529
4545.64199417167 22.2218916030846
4562.5522081849 22.2252139970819
4579.52532977826 22.2203102287286
4596.56159297383 22.2247238160112
4613.6612326643 22.224746620002
4630.82448461615 22.2103177983278
4648.05158547297 22.2146167325836
4665.34277275865 22.1873683940121
4682.69828488072 22.2107429656835
4700.11836113359 22.2169513096755
4717.60324170188 22.2115882175833
4735.15316766371 22.2370603257301
4752.76838099403 22.2310658091236
4770.44912456798 22.2908455531232
4788.1956421642 22.3008746206125
4806.00817846821 22.3246610918507
4823.88697907579 22.3214054522015
4841.83229049635 22.3562407824134
4859.84436015636 22.339101787878
4877.92343640271 22.3385831763001
4896.06976850618 22.3730505840722
4914.28360666486 22.3801841404565
4932.5652020076 22.4232229604676
4950.91480659747 22.4498421164016
4969.33267343524 22.4557936284364
4987.81905646287 22.4854912010718
5006.374210567 22.5211585552422
5024.99839158248 22.5546223926522
5043.69185629588 22.5685081198446
5062.45486244905 22.5947663155495
5081.28766874266 22.5982380993265
5100.19053483977 22.6269018161249
5119.16372136941 22.6610376205538
5138.20748993018 22.6837062483992
5157.32210309384 22.692451402829
5176.50782440896 22.7191696223148
5195.76491840452 22.7282332348403
5215.09365059358 22.747440239537
5234.49428747691 22.7623405305809
5253.96709654673 22.7603454782722
5273.51234629033 22.7919810443081
5293.1303061938 22.834291318419
5312.82124674575 22.88547123421
5332.58543944101 22.9183254079709
5352.42315678444 22.9759039343813
5372.3346722946 23.0154325719544
5392.32026050759 23.036832753879
5412.38019698081 23.0463942653083
5432.51475829674 23.0671292567507
5452.72422206679 23.0894603625567
5473.00886693511 23.0873814486526
5493.36897258242 23.1097562853978
5513.80481972988 23.1400318182461
5534.31669014299 23.1406001988147
5554.9048666354 23.1750658769149
5575.56963307287 23.1453593135782
5596.31127437719 23.1708374148594
5617.13007653004 23.1719243607387
5638.02632657703 23.1471252922466
5659.00031263156 23.1381245411804
5680.05232387887 23.158208782217
5701.18265057998 23.1406307719527
5722.39158407572 23.172269795129
5743.67941679072 23.181425288851
5765.04644223748 23.2004662268127
5786.49295502037 23.2277676787184
5808.01925083973 23.2526589095342
5829.62562649593 23.2594587292352
5851.31237989346 23.2888029383719
5873.07981004505 23.3265589880034
5894.92821707578 23.3187580128531
5916.85790222723 23.3506870154545
5938.86916786162 23.3909511661123
5960.96231746598 23.3986396494721
5983.13765565636 23.3994312272248
6005.395488182 23.4012184127333
6027.73612192954 23.4024181255443
6050.1598649273 23.3813267828203
6072.66702634946 23.393577537618
6095.25791652038 23.3684521445875
6117.93284691885 23.3842142194703
6140.69213018238 23.3662395862663
6163.53608011154 23.3699684057202
6186.46501167426 23.3868576375834
6209.47924101016 23.3391341005872
6232.57908543496 23.3278808672171
6255.7648634448 23.3419819031942
6279.03689472068 23.3436431731819
6302.39550013281 23.347093581021
6325.84100174511 23.3159219096911
6349.37372281957 23.3322658486289
6372.99398782075 23.3316059155162
6396.70212242028 23.3508777407311
6420.49845350128 23.3480911350326
6444.38330916293 23.3749942872158
6468.35701872496 23.4014357898343
6492.4199127322 23.3838825292401
6516.57232295915 23.3860187788303
6540.81458241452 23.3968983266141
6565.14702534586 23.4075985537679
6589.56998724415 23.4345647500657
6614.08380484842 23.4585207141664
6638.68881615042 23.4696845334904
6663.38536039924 23.4667244162342
6688.17377810601 23.4714832210061
6713.05441104861 23.4908465761928
6738.02760227635 23.4840546278002
6763.09369611472 23.4768772279253
6788.25303817014 23.5023271302735
6813.5059753347 23.5406513895119
6838.85285579099 23.5555094668848
6864.29402901684 23.5681286836729
6889.82984579019 23.5979268228935
6915.4606581939 23.6150783013247
6941.18681962062 23.6554943887127
6967.00868477764 23.6280575904619
6992.92660969181 23.6212921528501
7018.94095171442 23.6511688820235
7045.05206952614 23.6965672289787
7071.26032314197 23.7145463324166
7097.56607391621 23.7633933471244
7123.96968454742 23.7541027216656
7150.47151908342 23.7425957422117
7177.07194292636 23.7735901689733
7203.77132283768 23.7866400884278
7230.57002694323 23.8097365218066
7257.46842473831 23.8454914002674
7284.46688709279 23.8439979873407
7311.5657862562 23.8535975944194
7338.76549586288 23.879766340221
7366.06639093713 23.8927669452363
7393.46884789835 23.9078809961814
7420.97324456628 23.9676399632423
7448.57996016619 23.9786986833043
7476.28937533407 23.9713764653439
7504.10187212195 24.0027768982747
7532.0178340031 24.0376088109002
7560.03764587737 24.0426521740765
7588.16169407645 24.0682374275966
7616.39036636925 24.1156886919859
7644.72405196718 24.1610087244752
7673.16314152958 24.212558844508
7701.70802716907 24.2628727467225
7730.35910245697 24.3379251250992
7759.11676242871 24.3602543336583
7787.98140358931 24.3811931308003
7816.95342391881 24.4523520595677
7846.03322287777 24.5003471422929
7875.22120141279 24.5074882582788
7904.51776196203 24.5295411399512
7933.92330846076 24.5493907717015
7963.4382463469 24.5798814307055
7993.06298256668 24.5960597960794
8022.79792558017 24.6402665060629
8052.64348536698 24.6755255835409
8082.60007343185 24.6964835951443
8112.66810281039 24.6916732135938
8142.84798807473 24.6770191950902
8173.14014533922 24.6966533710321
8203.54499226624 24.7140559905126
8234.06294807188 24.7034530850406
8264.69443353176 24.7048911839678
8295.43987098684 24.6983298455079
8326.29968434921 24.6924305191777
8357.27429910795 24.702016794933
8388.36414233502 24.6895332799246
8419.56964269112 24.6887131240532
8450.89123043159 24.693841873546
8482.32933741237 24.7233792903793
8513.88439709597 24.7441117730865
8545.55684455738 24.7473774062334
8577.34711649014 24.7490275129936
8609.25565121232 24.7680433942419
8641.28288867257 24.783658828291
8673.42927045619 24.8033063251696
8705.69523979124 24.7932796703804
8738.0812415546 24.7774678706402
8770.58772227814 24.8022936491347
8803.2151301549 24.8420201705219
8835.96391504519 24.8575114899578
8868.83452848289 24.8366511223243
8901.82742368161 24.8473261967337
8934.94305554094 24.8374844498712
8968.18188065276 24.8494473524182
9001.54435730751 24.8636055287488
9035.03094550052 24.8659972927447
9068.64210693833 24.8508493635749
9102.37830504507 24.8626189143865
9136.24000496888 24.8188899136256
9170.22767358826 24.8134289731349
9204.34177951857 24.8373107788877
9238.58279311844 24.854890713341
9272.9511864963 24.8763313352575
9307.44743351684 24.890252868472
9342.07200980759 24.8493827019146
9376.82539276547 24.839096047519
9411.70806156333 24.8352489382754
9446.72049715662 24.8294830660827
9481.86318228997 24.8113117728765
9517.13660150386 24.8207473441831
9552.54124114133 24.8102873835196
9588.07758935464 24.795806753455
9623.74613611202 24.7852038738637
9659.54737320446 24.7347151814101
9695.48179425241 24.6793281753815
9731.54989471268 24.6026628847126
9767.75217188519 24.5402679468669
9804.08912491989 24.5406872180121
9840.5612548236 24.4922355398963
9877.16906446693 24.4249819490652
9913.91305859123 24.3874740879216
9950.79374381551 24.3181861841258
9987.81162864349 24.2873324607116
10024.9672234705 24.2612184987497
10062.2610405907 24.2153278333474
10099.6935942039 24.1673465149313
10137.265400423 24.0971722021207
10174.9769772805 24.0700260842663
10212.8288447364 24.0414754893779
10250.8215246849 24.0297716594287
10288.9555409616 24.0062859853654
10327.231419351 23.9538097736864
10365.6496875932 23.9638155741434
10404.210875392 23.947641398683
10442.9155144215 23.9473856245233
10481.7641383337 23.9340532283402
10520.7572827658 23.9179762834486
10559.8954853477 23.9095878649133
10599.1792857094 23.8917524251228
10638.6092254881 23.8592187205464
10678.1858483363 23.8192786979572
10717.9096999286 23.8167686750203
10757.7813279699 23.8043727872038
10797.8012822023 23.804233552677
10837.9701144131 23.7765653642039
10878.2883784424 23.7571045526574
10918.7566301905 23.7127764090354
10959.3754276259 23.7109146804624
11000.1453307925 23.7174472525724
11041.0669018179 23.7405621677737
11082.1407049206 23.7062854474457
11123.3673064183 23.6912307245456
11164.7472747353 23.6740799019322
11206.2811804106 23.6754817939202
11247.9695961055 23.6721630200099
11289.8130966117 23.696822896613
11331.8122588594 23.6847611164902
11373.9676619248 23.681707390265
11416.2798870383 23.7121255009315
11458.7495175926 23.663952419965
11501.3771391508 23.6666621633713
11544.1633394541 23.6545369238681
11587.1087084304 23.6076904696638
11630.213838202 23.5602932294444
11673.4793230941 23.4935171824923
11716.9057596427 23.4639527868806
11760.4937466031 23.4432546575829
11804.2438849579 23.4008123966132
11848.1567779254 23.3635810834042
11892.2330309682 23.3452321625797
11936.473251801 23.3314515344786
11980.8780503993 23.2994117458744
12025.4480390078 23.2891636361086
12070.1838321489 23.2824094783399
12115.0860466309 23.2467594295997
12160.1553015568 23.2529125161288
12205.3922183327 23.2445088100012
12250.7974206764 23.2699525330373
12296.371534626 23.31001808523
12342.1151885484 23.2629795544827
12388.0290131483 23.2994763984189
12434.1136414765 23.3022518738621
12480.3697089389 23.3096942245979
12526.7978533051 23.3535079962952
12573.3987147173 23.3719177053677
12620.1729356991 23.3686771399226
12667.1211611643 23.3690337801196
12714.244038426 23.3457603958402
12761.5422172051 23.381839787656
12809.0163496398 23.3893069825433
12856.667090294 23.3751029448394
12904.495096167 23.3498058430067
12952.5010267019 23.3481788503382
13000.6855437952 23.3355293281996
13049.0493118056 23.3302459486036
13097.5929975632 23.3279341415782
13146.317270379 23.3011227271591
13195.2228020538 23.3203944261709
13244.3102668874 23.2902108957201
13293.5803416882 23.3107850830042
13343.0337057825 23.2713474231235
13392.6710410235 23.2991733358032
13442.4930318013 23.2924423396128
13492.5003650516 23.2707996467916
13542.6937302658 23.2721651379094
13593.0738195003 23.2503969007036
13643.6413273859 23.234081356609
13694.3969511376 23.2205621256395
13745.3413905639 23.2362974821561
13796.4753480769 23.2134438622163
13847.7995287016 23.1764070591409
13899.3146400859 23.1566142600184
13951.02139251 23.1445865844398
14002.9204988965 23.1110193924569
14055.0126748202 23.0981922200024
14107.2986385179 23.094011321896
14159.7791108982 23.0655671172137
14212.4548155516 23.0290281206417
14265.3264787606 23.0071905458169
14318.3948295092 22.9798276752911
14371.6605994936 22.9431838546315
14425.1245231318 22.9378509996263
14478.7873375739 22.9184302568823
14532.6497827125 22.9015883498775
14586.7126011923 22.8884049166399
14640.9765384209 22.8670120334011
14695.442342579 22.8706741306006
14750.1107646304 22.8404733120794
14804.9825583328 22.8586425931049
14860.0584802475 22.8646774167855
14915.3392897509 22.859643907358
14970.8257490437 22.8558693219236
15026.5186231627 22.8640155607341
15082.4186799901 22.8489495037495
15138.5266902652 22.8302687330735
15194.8434275942 22.8082085916334
15251.3696684613 22.8048057825771
15308.1061922393 22.7835732451675
15365.0537812003 22.7568892922751
15422.2132205266 22.715488185563
15479.5852983214 22.6723916957145
15537.1708056196 22.6390400469435
15594.9705363991 22.585285341538
15652.9852875913 22.5609360009205
15711.2158590922 22.541460014856
15769.6630537736 22.507799167049
15828.327677494 22.445036412328
15887.2105391099 22.4248506001851
15946.3124504865 22.3897285755121
16005.6342265097 22.3907811921595
16065.1766850963 22.3621921887802
16124.9406472063 22.3274515465271
16184.9269368535 22.283573089721
16245.1363811172 22.2631264877356
16305.5698101534 22.2167549332136
16366.2280572065 22.2192935752104
16427.1119586206 22.1647277075607
16488.2223538509 22.1205045977006
16549.5600854758 22.0884745141734
16611.1259992079 22.0184813833871
16672.9209439061 21.9953578611839
16734.9457715869 21.9172589788701
16797.2013374366 21.88512015668
16859.6884998228 21.7965273042637
16922.4081203063 21.7295704770433
16985.3610636531 21.6702864271855
17048.5481978459 21.5733690374504
17111.9703940967 21.4998325109657
17175.6285268585 21.4288143567972
17239.523473837 21.3566970263982
17303.6561160034 21.2578298723244
17368.027337606 21.171051033658
17432.6380261827 21.0724916752734
17497.489072573 20.9829893803134
17562.5813709306 20.9103610717049
17627.9158187353 20.8641454179455
17693.4933168058 20.8039253156613
17759.3147693119 20.7327496555782
17825.3810837868 20.6736468195575
17891.6931711401 20.6419926586573
17958.2519456698 20.6347923286859
18025.0583250755 20.6144829611652
18092.1132304703 20.5907573879288
18159.4175863943 20.5784569484112
18226.9723208268 20.5537892610473
18294.7783651994 20.5265716470887
18362.8366544084 20.5060633004308
18431.1481268284 20.490762780027
18499.7137243246 20.4641320005102
18568.5343922661 20.4387171700367
18637.6110795389 20.3715403108827
18706.9447385587 20.3249362981561
18776.5363252847 20.2877506623344
18846.3867992321 20.2200106735035
18916.4971234854 20.1470212994914
18986.8682647123 20.0939471162976
19057.5011931763 20.0433870023242
19128.3968827505 19.9863487116658
19199.5563109307 19.9160712631145
19270.9804588494 19.855541237623
19342.6703112886 19.8252446021573
19414.6268566943 19.7696533946735
19486.851087189 19.7128089824108
19559.3439985865 19.6831986882197
19632.1065904049 19.6129005820918
19705.1398658807 19.5639844247332
19778.4448319822 19.4918847033099
19852.0224994243 19.4343726801287
19925.8738826813 19.4048328399658
20000.0000000017 19.4048328399658
