10 4.76416311071049
10.0372009367102 4.76828366103275
10.0745402643896 4.77237101668991
10.1120184978655 4.77642524049063
10.1496361538807 4.78044454478717
10.1873937510998 4.78442849459125
10.2252918101175 4.78837592935511
10.2633308534646 4.79228607803308
10.3015114056161 4.79615778325763
10.3398339929981 4.79999030088401
10.3782991439948 4.80378240734293
10.4169073889563 4.80753315861373
10.4556592602056 4.8112421322881
10.4945552920458 4.81490769085609
10.5335960207679 4.81852923303611
10.5727819846578 4.82210599635929
10.6121137240039 4.82563671410896
10.6515917811047 4.82912093463503
10.6912167002759 4.83255701913034
10.7309890278581 4.83594469485648
10.7709093122244 4.83928317447453
10.8109781037879 4.84257163119996
10.8511959550093 4.8458088724951
10.8915634204045 4.84899391879267
10.9320810565522 4.8521262198369
10.9727494221018 4.85520475932753
11.0135690777806 4.85822928264436
11.0545405864021 4.86119881333361
11.0956645128736 4.86411234550014
11.1369414242037 4.86696924024842
11.1783718895104 4.86976868812817
11.2199564800288 4.87251035359009
11.2616957691193 4.87519294112223
11.3035903322749 4.87781597097593
11.3456407471298 4.88037890298156
11.3878475934668 4.8828805767993
11.4302114532258 4.88532070451572
11.4727329105113 4.8876987407219
11.515412551601 4.89001350210633
11.5582509649534 4.89226496514173
11.6012487412161 4.89445203511872
11.6444064732342 4.89657410338314
11.6877247560581 4.89863051199327
11.7312041869517 4.90062113656125
11.774845365401 4.90254477759602
11.818648893122 4.90440111752949
11.8626153740693 4.90618951302508
11.9067454144441 4.90790926165981
11.9510396227028 4.90956004332811
11.9954986095653 4.91114109104986
12.0401229880234 4.91265192546902
12.0849133733495 4.91409237736475
12.1298703831044 4.91546119011947
12.1749946371469 4.91675865496409
12.2202867576412 4.91798383925689
12.2657473690664 4.91913655982475
12.3113770982243 4.92021583142473
12.3571765742489 4.92122162924951
12.4031464286144 4.92215336331126
12.4492872951442 4.92301064626813
12.4955998100196 4.92379313472637
12.5420846117884 4.92450023163298
12.5887423413741 4.9251320580033
12.6355736420843 4.92568756441616
12.6825791596199 4.92616683883772
12.7297595420838 4.92656927893232
12.7771154399899 4.92689450010491
12.8246475062721 4.92714247108787
12.8723563962932 4.92731232513346
12.9202427678541 4.92740432516243
12.9683072812028 4.92741790778
13.0165505990434 4.9273529746702
13.0649733865454 4.92720880375849
13.1135763113527 4.9269856193405
13.162360043593 4.92668289621546
13.2113252558868 4.92630049491451
13.260472623357 4.92583818981314
13.3098028236379 4.92529589241416
13.3593165368846 4.92467329786901
13.4090144457825 4.92397032081257
13.4588972355569 4.92318689267471
13.5089655939818 4.9223227516585
13.5592202113899 4.92137805970052
13.6096617806823 4.92035266925393
13.6602909973373 4.9192465224855
13.7111085594207 4.91805983226372
13.7621151675953 4.91679250690121
13.8133115251301 4.9154442175649
13.8646983379105 4.91401539130588
13.9162763144479 4.91250557949341
13.9680461658894 4.91091530487062
14.0200086060276 4.90924451628957
14.0721643513105 4.90749334839479
14.1245141208514 4.90566176490763
14.1770586364386 4.90376442758717
14.2297986225456 4.90178708781462
14.2827348063412 4.89972997600682
14.3358679176991 4.89759313047045
14.3891986892083 4.89537666217992
14.442727856183 4.89308104425208
14.496456156673 4.89070606222107
14.5503843314737 4.88825221774665
14.6045131241361 4.88571935835165
14.6588432809775 4.88310788367725
14.7133755510915 4.88041824933053
14.7681106863584 4.87765043171543
14.8230494414556 4.87480487128575
14.8781925738679 4.87188164168183
14.9335408438982 4.86888106151187
14.9890950146774 4.8658033854556
15.0448558521758 4.86264885141776
15.1008241252129 4.85941799884617
15.1570006054682 4.8561110336787
15.2133860674922 4.85272831027758
15.2699812887167 4.84927006525131
15.3267870494654 4.84573661800072
15.3838041329651 4.84212822495249
15.4410333253564 4.83844526669773
15.498475415704 4.8346883092144
15.5561311960084 4.83085756638094
15.6140014612162 4.82695350847335
15.6720870092313 4.82297626062011
15.730388640926 4.81892640272335
15.7889071601517 4.8148044212141
15.8476433737505 4.81061052235998
15.9065980915658 4.80634521215628
15.9657721264536 4.80200876481778
16.0251662942941 4.79760176296179
16.0847814140026 4.79312460234257
16.1446183075405 4.78857761300792
16.2046777999274 4.78396150490775
16.2649607192518 4.77927658793488
16.3254678966828 4.77452331358042
16.3862001664817 4.76970195861338
16.447158366013 4.76481340842164
16.5083433357566 4.75985794281969
16.569755919319 4.7548360426874
16.6313969634448 4.74974813960932
16.6932673180286 4.74459481130629
16.7553678361271 4.73937665247722
16.8176993739698 4.73409406866564
16.880262790972 4.72874759249124
16.9430589497458 4.72333797289598
17.0060887161124 4.71786557374085
17.069352959114 4.71233115578805
17.1328525510256 4.70673502213905
17.1965883673671 4.70107799939739
17.2605612869157 4.69536063767781
17.3247721917173 4.68958364596361
17.3892219670996 4.68374729701646
17.4539115016833 4.677852674332
17.5188416873952 4.67190024740161
17.5840134194801 4.66589073752742
17.649427596513 4.65982497045127
17.7150851204118 4.65370317793129
17.7809868964498 4.64752641078316
17.8471338332678 4.64129499374398
17.9135268428867 4.63501007103901
17.9801668407205 4.62867207527835
18.0470547455885 4.62228178075272
18.1141914797281 4.61584012358668
18.1815779688074 4.60934758032447
18.2492151419383 4.60280516994907
18.3171039316889 4.59621369070293
18.3852452740965 4.58957369569626
18.4536401086808 4.5828862137172
18.5222893784564 4.5761518742342
18.5911940299459 4.56937162072549
18.6603550131934 4.56254622560355
18.7297732817769 4.55567658672321
18.799449792822 4.54876351965879
18.8693855070149 4.54180790260583
18.9395813886156 4.53481069102347
19.0100384054711 4.52777251626302
19.0807575290291 4.52069434429711
19.151739734351 4.51357723615769
19.2229860001258 4.50642189310406
19.2944973086829 4.4992293971746
19.3662746460064 4.49200062238189
19.4383190017482 4.48473614615197
19.5106313692418 4.47743700516121
19.5832127455161 4.47010435641601
19.6560641313089 4.46273883244859
19.7291865310809 4.45534147497134
19.8025809530295 4.44791336439112
19.8762484091027 4.44045532549291
19.950189915013 4.43296832480099
20.0244064902514 4.42632549071704
20.0988991581017 4.41960538893001
20.1736689456542 4.41280856780969
20.2487168838201 4.40593560451155
20.3240440073458 4.39898700324124
20.3996513548271 4.39196368715816
20.4755399687231 4.38486591444507
20.5517108953714 4.37769438051614
20.6281651850019 4.37044959257055
20.7049038917513 4.36313256740041
20.7819280736781 4.3557437462535
20.8592387927765 4.34828369625573
20.9368371149918 4.34075335285983
21.0147241102344 4.33315354529071
21.092900852395 4.32548449404638
21.1713684193594 4.31774736838658
21.2501278930231 4.30994263892728
21.3291803593062 4.30207131511473
21.4085269081689 4.29413418557684
21.4881686336258 4.28613168167314
21.5681066337615 4.27806475430378
21.6483420107456 4.26993373079388
21.7288758708478 4.26173996568129
21.8097093244533 4.25348397759907
21.8908434860779 4.24516698626077
21.9722794743837 4.23678927470439
22.0540184121942 4.22835199528782
22.1360614265099 4.21985567563279
22.2184096485239 4.21130134864988
22.3010642136375 4.20268992087331
22.3840262614756 4.19402216997998
22.4672969359028 4.18529887432698
22.5508773850389 4.17652084721058
22.6347687612749 4.16768893278849
22.7189722212887 4.1588042763905
22.8034889260611 4.149867330666
22.8883200408921 4.140879256024
22.9734667354164 4.13184082694222
23.0589301836202 4.12275291494925
23.1447115638567 4.11361619669991
23.230812058863 4.10443204583653
23.3172328557757 4.09520084934703
23.4039751461482 4.08592382255639
23.491040125966 4.07660152266541
23.5784289956642 4.06723494734297
23.6661429601435 4.05782507814329
23.754183228787 4.0483728301317
23.8425510154766 4.03887857366813
23.9312475386102 4.02934376174872
24.0202740211181 4.01976912417939
24.1096316904802 4.01015527220351
24.1993217787425 4.00050334166651
24.2893455225345 3.99081411253449
24.3797041630861 3.98108847916997
24.4703989462445 3.97132688458763
24.5614311224917 3.96153010933086
24.6528019469616 3.95169930663894
24.7445126794573 3.94183513771246
24.8365645844686 3.93193826173706
24.9289589311891 3.92200917908086
25.0216969935341 3.91204878870066
25.1147800501579 3.90205756540943
25.2082093844715 3.89203606648176
25.3019862846603 3.88198506017924
25.3961120437021 3.87190475302391
25.4905879593843 3.86179593813407
25.5854153343225 3.85165883715988
25.6805954759781 3.8414939785869
25.7761296966763 3.83130201661641
25.8720193136242 3.8210827633602
25.9682656489293 3.81083666034673
26.0648700296171 3.80056433001067
26.1618337876502 3.7902658043168
26.2591582599459 3.7799414688512
26.356844788395 3.76959169061386
26.4548947198803 3.75921666660523
26.5533094062951 3.74881657976268
26.6520902045621 3.73839175358317
26.7512384766515 3.72794233761141
26.8507555896003 3.71746867105972
26.9506429155313 3.70697108054707
27.0509018316712 3.69644976778478
27.1515337203705 3.68590500438686
27.2525399691221 3.67533713333976
27.3539219705804 3.66474609324656
27.4556811225806 3.65413220765128
27.5578188281582 3.64349569029832
27.6603364955679 3.63283664881779
27.7632355383033 3.62215549397403
27.8665173751163 3.61145247068607
27.9701834300368 3.60072785516772
28.0742351323921 3.58998178930227
28.1786739168268 3.57921442412633
28.2835012233224 3.56841338289019
28.3887184972175 3.5575785276603
28.4943271892273 3.5467096950295
28.6003287554639 3.53580713250658
28.7067246574561 3.52487068108862
28.81351636217 3.51390011003876
28.9207053420286 3.50289557021114
29.0282930749329 3.49185689742466
29.1362810442814 3.48078441222084
29.2446707389912 3.46967811177408
29.3534636535184 3.4585378052105
29.4626612878783 3.44736383862996
29.5722651476666 3.4361561252438
29.6822767440801 3.42491433627839
29.7926975939372 3.4136393253168
29.9035292196989 3.40233073426695
30.0147731494902 3.3909891048342
30.1264309171207 3.37961428289126
30.2385040621058 3.36820635544591
30.3509941296883 3.35676563290535
30.4639026708593 3.34529216360686
30.5772312423796 3.33378625284504
30.6909814068016 3.32224797286014
30.8051547324904 3.31067777569838
30.9197527936455 3.29907570944857
31.0347771703225 3.28744184901807
31.1502294484553 3.27577652891681
31.2661112198773 3.26407972861251
31.3824240823437 3.25235191789473
31.4991696395536 3.24059303598225
31.616349501172 3.22880302367536
31.733965282852 3.21698226678644
31.852018606257 3.20513084388037
31.9705110990833 3.19324881837921
32.0894443950822 3.18133612177083
32.2088201340828 3.16939327960094
32.3286399620146 3.15742013049436
32.4489055309299 3.14541675375738
32.569618499027 3.13338307425971
32.6907805306726 3.12131968147929
32.8123932964254 3.10922606013846
32.9344584730584 3.09710244180017
33.0569777435824 3.08494876250976
33.1799527972693 3.07276517330364
33.3033853296751 3.06055181748063
33.4272770426635 3.04830851729422
33.5516296444293 3.03603549011424
33.6764448495218 3.0237331035311
33.8017243788689 3.01140114662122
33.9274699598002 2.99903977896986
34.0536833260713 2.98664912506563
34.1803662178875 2.97422938845211
34.3075203819277 2.9617805755429
34.4351475713689 2.94930265911102
34.5632495459097 2.93679558584019
34.6918280717952 2.92425979864264
34.8208849218411 2.91169534545379
34.9504218754581 2.89910198412929
35.0804407186764 2.88647973106105
35.2109432441705 2.87382885324504
35.3419312512837 2.86114927736907
35.4734065460531 2.8484411674181
35.6053709412345 2.83570482173408
35.7378262563273 2.82294008676669
35.8707743175993 2.81014740273223
36.0042169581128 2.79732700328179
36.1381560177486 2.78447892268411
36.2725933432325 2.77160352371643
36.40753078816 2.75870096943408
36.5429702130224 2.74577153510279
36.6789134852321 2.73281560728483
36.8153624791483 2.71983368756789
36.9523190761032 2.70682585073954
37.0897851644277 2.69379282659414
37.2277626394773 2.68073497195775
37.3662534036585 2.66765272900339
37.5052593664551 2.65454674093238
37.6447824444542 2.64141754494073
37.7848245613726 2.62826570728918
37.9253876480839 2.61509203779747
38.0664736426444 2.60189721051151
38.2080844903204 2.58868176284846
38.3502221436146 2.57544663279208
38.4928885622931 2.5621921022169
38.6360857134129 2.54891909156168
38.7798155713483 2.53562815779082
38.9240801178185 2.52232054727373
39.068881341915 2.50899655975159
39.2142212401288 2.49565747882647
39.3601018163781 2.4823038124468
39.5065250820358 2.46893644762207
39.6534930559574 2.45555629911077
39.8010077645086 2.44216391563879
39.9490712415935 2.42876035986971
40.0976855286824 2.4153466379815
40.2468526748401 2.40192339288764
40.3965747367541 2.38849147216591
40.5468537787631 2.37505193848234
40.6976918728852 2.36160552171076
40.8490910988465 2.34815327457116
41.0010535441102 2.33469608140539
41.1535813039047 2.32123540486417
41.3066764812531 2.30777185358486
41.4603411870018 2.29430656309598
41.6145775398498 2.28084056414678
41.7693876663778 2.26737493821742
41.9247737010778 2.25391074799314
42.080737786382 2.24044907941881
42.2372820726929 2.2269909627306
42.3944087184125 2.2135370879571
42.5521198899724 2.20008902395023
42.7104177618635 2.18664744811697
42.869304516666 2.17321370164208
43.0287823450793 2.15978866691645
43.1888534459529 2.14637352783672
43.3495200263157 2.13296946540948
43.5107843014072 2.11957743105901
43.6726484947079 2.10619831120506
43.8351148379697 2.09283353422846
43.9981855712467 2.07948367616445
44.1618629429266 2.06615010238149
44.3261492097609 2.05283388553603
44.4910466368967 2.03953617698283
44.6565574979076 2.02625798513678
44.822684074825 2.01300032702954
44.9894286581698 1.99976443100346
45.1567935469838 1.98655108299205
45.3247810488614 1.97336105049809
45.4933934799815 1.960195651399
45.6626331651395 1.94705565686171
45.8325024377791 1.93394224756241
46.0030036400248 1.92085618374814
46.1741391227139 1.90779905314247
46.345911245429 1.89477154499407
46.5183223765307 1.88177495096968
46.69137489319 1.86881026931715
46.8650711814213 1.85587891790747
47.0394136361151 1.84298172142856
47.2144046610712 1.83011982077347
47.3900466690317 1.81729415197888
47.5663420817144 1.80450585866126
47.743293329846 1.7917557523569
47.9209028531959 1.77904470100563
48.0991731006096 1.76637384272551
48.2781065300423 1.75374407920062
48.4577056085935 1.74115609555897
48.63797281254 1.7286105211556
48.8189106273711 1.71610830815978
49.000521547822 1.70365056683667
49.1828080779086 1.69123772732967
49.3657727309621 1.67887044886492
49.5494180296635 1.6665493869494
49.7337465060782 1.65427558822156
49.9187607016915 1.64204967576618
50.1044631674429 1.62987232838903
50.2908564637618 1.61774455245815
50.4779431606027 1.6056668717223
50.6657258374805 1.59364028110288
50.854207083506 1.58166555437591
51.043389497422 1.56974348963399
51.2332756876387 1.55787497472264
51.4238682722698 1.54606080011655
51.6151698791687 1.53430224242736
51.8071831459647 1.52260056253494
51.9999107200992 1.51095665693822
52.1933552588626 1.49937173019814
52.3875194294302 1.48784725721984
52.5824059089 1.47638441122647
52.7780173843286 1.46498449444925
52.9743565527689 1.45364868008613
53.1714261213071 1.44237837261071
53.3692288070999 1.43117505536329
53.5677673374123 1.42003974730982
53.7670444496548 1.40897390250588
53.9670628914213 1.39797860645921
54.1678254205271 1.38705545472609
54.3693348050468 1.37620546850109
54.5715938233525 1.3654299804001
54.7746052641521 1.35473017402814
54.9783719265278 1.34410716707596
55.1828966199745 1.33356206836481
55.3881821644389 1.32309599299749
55.594231390358 1.31270949226254
55.8010471386984 1.30240372052392
56.0086322609952 1.2921793409085
56.2169896193917 1.28203736808343
56.4261220866785 1.2719783673104
56.6360325463332 1.26200324285493
56.8467238925604 1.25211258986515
57.0581990303312 1.24230699338244
57.2704608754236 1.23258729332526
57.4835123544625 1.22295415020356
57.6973564049602 1.21340821088237
57.9119959753568 1.20394997923997
58.1274340250607 1.19457995874535
58.3436735244898 1.18529862191632
58.5607174551122 1.17610629656731
58.7785688094872 1.16700348618509
58.9972305913069 1.15799046334855
59.2167058154372 1.14906793461505
59.4369975079597 1.14023571114449
59.6581087062134 1.13149441386169
59.8800424588363 1.12284402714845
60.1028018258077 1.11428521368028
60.3263898784903 1.10581833420141
60.5508096996726 1.09744379547494
60.7760643836113 1.08916213666094
61.0021570360742 1.08097373568709
61.2290907743825 1.07287939418404
61.4568687274545 1.06487933412149
61.685494035848 1.0569742809729
61.9149698518044 1.04916472001574
62.1452993392914 1.0414513217097
62.376485674047 1.03383466929185
62.6085320436233 1.02631527000028
62.8414416474305 1.01889386532719
63.0752176967808 1.01157101272777
63.3098634149326 1.00434707996303
63.5453820371355 0.997222451529691
63.7817768106743 0.990197622613723
64.0190509949139 0.983273274971316
64.2572078613447 0.976449860862587
64.4962506936269 0.969727669034786
64.7361827876367 0.963106970206399
64.9770074515108 0.956588122356791
65.2187280056928 0.950171381695966
65.4613477829786 0.943856605432507
65.7048701285624 0.937644081019449
65.9492984000827 0.931533715093746
66.1946359676689 0.92552528034851
66.4408862139876 0.919618517337313
66.688052534289 0.913813237730237
66.9361383364543 0.908109182774839
67.1851470410421 0.902505752796531
67.4350820813359 0.897002725899374
67.6859469033913 0.891599898876258
67.9377449660834 0.886297081963467
68.190479741155 0.881093340088865
68.4441547132637 0.875989017469419
68.6987733800307 0.870983542151355
68.9543392520884 0.866076740766497
69.2108558531293 0.861268686406336
69.4683267199542 0.856558868338857
69.7267554025213 0.851947288343117
69.9861454639949 0.847434003703433
70.2465004807944 0.843019027140075
70.5078240426442 0.838702059153506
70.7701197526224 0.834483173760736
71.0333912272113 0.83036212858929
71.2976420963466 0.826338884625215
71.5628760034677 0.8224130986263
71.8290966055681 0.818584734022753
72.0963075732454 0.814853381297582
72.3645125907524 0.811218732760486
72.6337153560475 0.807680424223158
72.903919580846 0.804237859245958
73.1751289906711 0.800890594540503
73.4473473249052 0.797637747620412
73.7205783368417 0.794478459008554
73.9948257937363 0.79141199898521
74.2700934768597 0.788437156494365
74.5463851815488 0.785552761003744
74.82370471726 0.782757512686428
75.1020559076207 0.780050216403147
75.3814425904831 0.777429510640397
75.6618686179762 0.774893571887346
75.9433378565593 0.772440835750918
76.2258541870754 0.770069719730983
76.5094215048047 0.767778327798966
76.7940437195179 0.765564872836019
77.0797247555308 0.763427384163915
77.3664685517576 0.761364116888557
77.654279061766 0.75937288771286
77.9431602538311 0.757451793459056
78.2331161109905 0.755598935708186
78.524150631099 0.753812164082562
78.8162678268838 0.752090153945428
79.1094717259999 0.750430719041529
79.4037663710853 0.748832330816616
79.6991558198174 0.747293075354814
79.9956441449681 0.745811410925628
80.2932354344608 0.744385492197662
80.5919337914261 0.74301443358809
80.8917433342586 0.741696035327494
81.192668196674 0.740428907309004
81.4947125277655 0.739211522367861
81.7978804920615 0.738042534311128
82.1021762695827 0.736919992907371
82.4076040558999 0.735842404964253
82.714168062192 0.734808238322239
83.0218725153037 0.733815826527338
83.3307216578039 0.732863558118363
83.6407197480444 0.73194961497936
83.9518710602185 0.731072332007152
84.2641798844197 0.730229871205578
84.5776505267013 0.729420825850425
84.8922873091352 0.72864304560758
85.2080945698721 0.727894585434103
85.525076663201 0.727173446461756
85.8432379596091 0.726477259081494
86.1625828458423 0.725803940636981
86.4831157249656 0.725150959344296
86.804841016424 0.724515951676694
87.1277631561029 0.723896618778052
87.4518865963899 0.723290450429007
87.7772158062356 0.722694853399513
88.103755271216 0.722107683858564
88.4315094935933 0.721526395780147
88.760482992379 0.72094838897972
89.0906803033954 0.720371447736452
89.4221059793388 0.719793165899131
89.7547645898416 0.719211419826224
90.088660721536 0.718624258510038
90.4237989781166 0.718029719508062
90.7601839804045 0.717425881096186
91.0978203664104 0.716810821042993
91.436712791399 0.716182411200591
91.7768659279529 0.715539259951088
92.1182844660374 0.714879175053963
92.4609731130645 0.714200555373129
92.8049365939585 0.713501615920726
93.1501796512209 0.712780785212754
93.4967070449956 0.712036305481882
93.8445235531347 0.711266355204977
94.1936339712644 0.710469560325316
94.5440431128511 0.709644390484391
94.8957558092676 0.708789369922541
95.2487769098601 0.707902976147978
95.6031112820147 0.706984082183573
95.9587638112245 0.706031012014462
96.3157394011573 0.705042384182555
96.674042973723 0.704016858939784
97.0336794691412 0.702953363908787
97.39465384601 0.701850682935539
97.7569710813735 0.700707866220607
98.1206361707911 0.699523711341011
98.4856541284063 0.698297422528367
98.8520299870155 0.697028355058499
99.2197687981374 0.695715557116391
99.5888756320832 0.694358390871714
99.9593555780259 0.692956151796445
100.331213744071 0.691508341879655
100.704455257326 0.690014414130999
101.079085263972 0.688474112731925
101.455108929334 0.686887008175995
101.832531437955 0.685252971450347
102.211357993661 0.683571802454269
102.591593819639 0.681843307275439
102.973244158507 0.68006738367463
103.356314272386 0.678243519859448
103.74080944297 0.676371931145898
104.126734971605 0.674452280278658
104.514096179357 0.672484436673389
104.902898407086 0.670468361781853
105.293147015521 0.668403930535713
105.684847385335 0.666291569634693
106.078004917216 0.664131200434143
106.472625031943 0.66192274570431
106.868713170461 0.659666270036705
107.266274793956 0.657362482506327
107.665315383931 0.655011398607315
108.065840442278 0.652613338847096
108.467855491361 0.650168823640034
108.871366074083 0.647678419404897
109.27637775397 0.645142523300945
109.682896115245 0.642561963159169
110.090926762902 0.639937765311283
110.500475322789 0.637270383301002
110.911547441682 0.634561096102201
111.324148787363 0.631810585725225
111.738285048698 0.629019615177217
112.153961935718 0.626189433424924
112.571185179695 0.623320737461697
112.98996053322 0.620414761303889
113.410293770289 0.617472169371879
113.832190686372 0.614493592364002
114.255657098502 0.611479739021722
114.680698845352 0.608431154367802
115.107321787315 0.605348174502272
115.535531806584 0.602231390436843
115.965334807235 0.599081091494269
116.396736715309 0.595898120123821
116.829743478891 0.592682659776603
117.264361068193 0.589435198572171
117.700595475639 0.586156726943963
118.138452715943 0.582847455059281
118.577938826195 0.579508192302412
119.019059865945 0.576139628303067
119.461821917283 0.572742461373127
119.906231084925 0.569317288362315
120.3522934963 0.5658648491722
120.800015301628 0.562385979007673
121.24940267401 0.558881032238437
121.700461809513 0.555350834148174
122.15319892725 0.551796038622179
122.607620269474 0.548217470455293
123.063732101657 0.544615708432882
123.52154071258 0.540991477640831
123.981052414419 0.53734513327714
124.442273542832 0.53367741044375
124.905210457046 0.529988690494709
125.369869539945 0.526279354445985
125.836257198157 0.522549503625905
126.304379862144 0.518799550809203
126.774243986291 0.51502984982896
127.245856048992 0.511240797008844
127.719222552743 0.507432553428734
128.194350024229 0.50360502397946
128.671245014415 0.499758629499466
129.149914098635 0.495893645011618
129.630363876686 0.492010525989652
130.112600972915 0.488109481782527
130.596632036314 0.484191362378078
131.082463740608 0.480256482941885
131.570102784351 0.476305587141296
132.059555891015 0.47233922037545
132.550829809082 0.468358228350689
133.043931312143 0.464363571374649
133.538867198985 0.460355928752671
134.035644293687 0.456336131519611
134.534269445714 0.452305102766861
135.034749530014 0.448263906638869
135.537091447108 0.4442130892783
136.041302123189 0.440153371410084
136.547388510214 0.436085838121035
137.055357586005 0.43201116187186
137.56521635434 0.427930096422614
138.076971845052 0.423843623729689
138.590631114126 0.419752183299551
139.106201243796 0.415656533157098
139.623689342642 0.411557485668696
140.14310254569 0.407454848254043
140.664448014507 0.403349109596165
141.187732937303 0.399240452472825
141.712964529029 0.395128912574757
142.240150031474 0.391014913286202
142.769296713371 0.386898398012739
143.30041187049 0.382779922285366
143.833502825744 0.378659445322483
144.368576929286 0.374537839319888
144.905641558614 0.370415471688751
145.444704118671 0.366292945994121
145.985772041946 0.362170780106084
146.528852788578 0.358049289333002
147.073953846458 0.353929259328937
147.621082731334 0.349811208247272
148.170246986912 0.345695456948258
148.721454184961 0.34158280351716
149.274711925419 0.337473640100781
149.830027836496 0.333368763845786
150.387409574779 0.329268592370314
150.946864825339 0.325174255275727
151.508401301835 0.321086372911028
152.072026746624 0.317005281708573
152.637748930863 0.312931925157814
153.205575654619 0.308866761463912
153.775514746977 0.304810431542865
154.347574066145 0.300763728314839
154.921761499565 0.296727772009604
155.498084964022 0.292703058382783
156.076552405752 0.288690271970383
156.657171800551 0.284690182778986
157.239951153886 0.280703251200993
157.824898501005 0.276729848272925
158.412021907047 0.272769895194584
159.001329467157 0.268824005588444
159.592829306591 0.264891794878705
160.186529580835 0.260973105240527
160.78243847571 0.257067931272632
161.380564207495 0.253175895093387
161.980915023028 0.249296995691018
162.583499199831 0.245431116967138
163.188325046216 0.241577864355745
163.795400901405 0.237737199888593
164.40473513564 0.233908174130257
165.016336150303 0.230090337473428
165.630212378031 0.226283473248484
166.246372282828 0.222487114302929
166.864824360187 0.21870095153965
167.485577137204 0.214924739341411
168.108639172699 0.211158675565751
168.734019057329 0.207402413904858
169.36172541371 0.203656011596803
169.991766896534 0.199919677930045
170.624152192691 0.19619335488824
171.258890021386 0.192477236631531
171.89598913426 0.188771856010191
172.535458315511 0.185077532300563
173.177306382017 0.181394731530676
173.821542183453 0.17772390859295
174.468174602416 0.174065017099129
175.117212554548 0.170418809254367
175.768664988659 0.166785212925973
176.422540886846 0.163164491217238
177.078849264624 0.159556613375645
177.737599171045 0.155961425440389
178.398799688823 0.152379265113831
179.062459934462 0.148810054962662
179.728589058382 0.145253702689545
180.397196245039 0.141710325131786
181.068290713059 0.138179895069191
181.741881715363 0.134662198476943
182.417978539291 0.131157241480481
183.096590506735 0.12766491805098
183.777726974264 0.124184909963143
184.461397333255 0.120717127611896
185.147611010021 0.117261761347234
185.836377465944 0.113818547562773
186.5277061976 0.11038757356452
187.221606736895 0.106968573612943
187.918088651195 0.103561348598618
188.617161543456 0.100165386089921
189.318835052359 0.0967805600958913
190.023118852442 0.0934067726388657
190.730022654232 0.0900438263683663
191.439556204381 0.0866918482661916
192.151729285799 0.0833512853380833
192.86655171779 0.0800225832635517
193.584033356187 0.0767058171765198
194.304184093485 0.0734015725023438
195.027013858983 0.0701100186638115
195.752532618918 0.0668315531739045
196.480750376599 0.0635659589601802
197.211677172552 0.0603131234652263
197.945323084652 0.0570734358650276
198.681698228267 0.0538470257245693
199.420812756393 0.0506348721643191
200.162676859797 0.0474377337739007
200.907300767158 0.0442562694905666
201.654694745203 0.0410914124924995
202.404869098855 0.0379436645802276
203.157834171373 0.0348138302345466
203.913600344492 0.031702132041751
204.672178038568 0.0286089259887223
205.433577712722 0.0255343807589981
206.197809864986 0.0224789333063091
206.964885032443 0.0194429629484301
207.734813791375 0.0164268022302991
208.50760675741 0.0134308443919071
209.283274585667 0.0104550875070002
210.061827970903 0.00749970818445078
210.84327764766 0.0045645245060113
211.627634390414 0.00164944997587746
212.414909013722 -0.00124584506927761
213.205112372374 -0.00412169455742362
213.998255361539 -0.00697884011303884
214.794348916918 -0.0098177523658638
215.593404014895 -0.0126388015495609
216.395431672684 -0.0154422820648037
217.200442948486 -0.0182287659091429
218.008448941641 -0.0209984783526878
218.819460792778 -0.0237520323995488
219.633489683968 -0.0264899249707549
220.450546838885 -0.0292126204286269
221.270643522953 -0.0319205215116884
222.093791043505 -0.0346138448059703
222.920000749938 -0.0372927854724088
223.749284033871 -0.0399571588493375
224.5816523293 -0.042606407555529
225.417117112757 -0.0452401952811776
226.255689903467 -0.0478579293222916
227.097382263509 -0.0504585074138166
227.942205797972 -0.0530411969877669
228.790172155119 -0.0556047739067171
229.641293026544 -0.0581483441039152
230.495580147337 -0.060670737410466
231.35304529624 -0.0631711541842073
232.213700295818 -0.0656490921550503
233.077557012612 -0.0681028739408527
233.944627357311 -0.0705315547573484
234.814923284911 -0.0729341781205113
235.688456794884 -0.0753095387284963
236.565239931339 -0.0776565885685185
237.44528478319 -0.0799742343279899
238.328603484325 -0.0822618787810319
239.215208213769 -0.0845186782502401
240.105111195857 -0.0867444817580134
240.998324700395 -0.0889391835862607
241.894861042839 -0.0911034251533733
242.794732584456 -0.0932371834984602
243.6979517325 -0.0953411761591472
244.60453094038 -0.0974159551604545
245.514482707834 -0.0994623378353081
246.427819581099 -0.101481229229889
247.344554153085 -0.103473092602158
248.264699063551 -0.105438790177663
249.188266999274 -0.107378414707656
250.11527069423 -0.10929291306445
251.045722929764 -0.111182352848312
251.979636534771 -0.113046714853277
252.91702438587 -0.114886426513626
253.85789940758 -0.116701678112901
254.802274572504 -0.11849208166628
255.750162901502 -0.120257251148403
256.701577463874 -0.121996837280024
257.656531377538 -0.123710053232224
258.615037809212 -0.125396637729193
259.577109974596 -0.12705578039522
260.542761138553 -0.128687128808608
261.512004615294 -0.130290310768446
262.484853768559 -0.131865083189487
263.461322011801 -0.133411129108575
264.441422808376 -0.134928115201629
265.42516967172 -0.136415565767346
266.412576165545 -0.137873308328838
267.403655904018 -0.139300515642756
268.398422551953 -0.140696593480108
269.396889825 -0.142061467797604
270.39907148983 -0.143395260690647
271.404981364328 -0.144698055316325
272.414633317784 -0.145970672780082
273.428041271082 -0.147214105652224
274.445219196894 -0.148428985234099
275.466181119869 -0.149616447076052
276.490941116832 -0.15077739068582
277.519513316975 -0.151913089857051
278.551911902049 -0.153024199948452
279.588151106566 -0.154111293571245
280.628245217989 -0.155174981859118
281.672208576933 -0.156215571590317
282.720055577362 -0.157234149945873
283.771800666785 -0.158231569209049
284.827458346459 -0.159208874714493
285.887043171586 -0.160167011167148
286.950569751514 -0.16110714507024
288.018052749942 -0.16203035963416
289.089506885116 -0.162937621876382
290.164946930037 -0.16382948322445
291.244387712663 -0.164706289047938
292.327844116112 -0.165568408766839
293.41533107887 -0.166416178971431
294.506863594997 -0.16724990122824
295.602456714328 -0.168069904576828
296.702125542688 -0.168876464663735
297.805885242097 -0.169669556328865
298.913751030978 -0.170449559408824
300.025738184368 -0.171216553324127
301.14186203413 -0.171970440483197
302.262137969162 -0.172710772447895
303.386581435609 -0.173437271833809
304.51520793708 -0.174149162378678
305.648033034855 -0.17484638177577
306.785072348107 -0.175528620609493
307.926341554112 -0.176195569718884
309.071856388467 -0.176847052946642
310.221632645308 -0.177482294353654
311.375686177524 -0.188520421046041
312.534032896982 -0.199466761875438
313.69668877474 -0.210321733389327
314.86366984127 -0.22108891377569
316.03499218668 -0.23177257116348
317.210671960934 -0.242378271029712
318.390725374075 -0.252914887422549
319.57516869645 -0.263392131690677
320.764018258932 -0.273822973132163
321.957290453147 -0.28421987962105
323.1550017317 -0.294577515382676
324.3571686084 -0.304898851271564
325.563807658489 -0.315181758809132
326.774935518872 -0.325442116375357
327.990568888343 -0.335672875244903
329.210724527818 -0.345858847474482
330.435419260565 -0.356014510979308
331.664669972436 -0.366131977354173
332.898493612101 -0.376201629546797
334.136907191279 -0.386228128868432
335.379927784974 -0.396187492239253
336.627572531714 -0.406095558389791
337.879858633779 -0.415925076699009
339.136803357447 -0.425685364737937
340.398424033226 -0.435374246569081
341.664738056097 -0.444980573940113
342.935762885749 -0.454500193349227
344.211516046826 -0.4639209587367
345.492015129163 -0.473246481934556
346.777277788032 -0.482436005367479
348.067321744384 -0.491518591668048
349.362164785094 -0.500442929815667
350.661824763204 -0.509227940851927
351.966319598173 -0.517847707539139
353.275667276122 -0.526304048902577
354.58988585008 -0.534558860061078
355.908993440238 -0.54264546970703
357.233008234193 -0.550582477770822
358.561948487204 -0.558345286832808
359.895832522439 -0.565989460710456
361.234678731231 -0.573489700330023
362.578505573331 -0.580892402061387
363.927331577162 -0.588159025829379
365.281175340072 -0.595286887076405
366.640055528597 -0.602285796731145
368.003990878711 -0.609081392536659
369.373000196088 -0.615723709066656
370.747102356362 -0.622185426953111
372.126316305386 -0.628552151134001
373.510661059493 -0.634831265774133
374.900155705758 -0.641087117975226
376.294819402263 -0.647315972462465
377.694671378358 -0.653505451287102
379.099730934929 -0.659627253389374
380.510017444665 -0.665617251287314
381.92555035232 -0.671487034574095
383.346349174985 -0.677164825606468
384.772433502359 -0.682605551468968
386.203822997013 -0.687746529337844
387.640537394667 -0.692633909859736
389.082596504459 -0.697222116624347
390.530020209219 -0.701523472700266
391.982828465741 -0.705529396212964
393.441041305064 -0.709258308538485
394.904678832742 -0.712717665621509
396.373761229123 -0.71582273811067
397.848308749629 -0.718583091321556
399.328341725034 -0.72092889914364
400.813880561743 -0.722886262118166
402.304945742077 -0.724400643980203
403.801557824551 -0.725500035289871
405.303737444161 -0.726156419945233
406.811505312667 -0.726405561145493
408.324882218878 -0.726220400727784
409.843889028939 -0.725612727784303
411.368546686621 -0.72458699896983
412.898876213606 -0.723185774547872
414.434898709779 -0.721409489092502
415.976635353518 -0.719262698769248
417.524107401988 -0.716955201848905
419.077336191431 -0.714547608740537
420.636343137464 -0.712125440010586
422.20114973537 -0.709747616202453
423.771777560397 -0.707353625258701
425.348248268055 -0.705008338476008
426.930583594415 -0.702702664059697
428.518805356409 -0.700376274427491
430.112935452127 -0.697923904928319
431.712995861126 -0.69524508314498
433.319008644725 -0.692272700137578
434.930995946316 -0.688971975987395
436.548979991665 -0.68534543182323
438.172983089221 -0.681447659381629
439.803027630423 -0.677267797374712
441.439136090005 -0.672913835397073
443.081331026313 -0.668308759932895
444.72963508161 -0.663468466428887
446.384070982391 -0.658319454534323
448.044661539696 -0.652873177987889
449.711429649423 -0.647109457469015
451.384398292646 -0.640976303032829
453.063590535931 -0.634555662747628
454.749029531652 -0.627646388518534
456.440738518314 -0.620184301456929
458.138740820871 -0.612310450566776
459.843059851047 -0.604087758070149
461.55371910766 -0.595583440960104
463.270742176947 -0.586768916409223
464.994152732887 -0.577781815026055
466.723974537529 -0.568582029057573
468.460231441319 -0.559127760080352
470.202947383427 -0.549446500208036
471.952146392082 -0.539538257296269
473.707852584898 -0.529472429448735
475.470090169211 -0.519309994716569
477.238883442408 -0.509080037840274
479.014256792265 -0.498859830225167
480.796234697286 -0.488726460031896
482.584841727032 -0.478607236012506
484.38010254247 -0.468479364387405
486.182041896305 -0.458388069128074
487.990684633326 -0.448337910863756
489.806055690746 -0.43832280532986
491.628180098547 -0.428520140998594
493.457082979826 -0.418895325978391
495.292789551138 -0.409410402476968
497.135325122848 -0.400098685660921
498.984715099477 -0.390920362574716
500.840984980053 -0.381896317344517
502.704160358464 -0.373022533930686
504.574266923808 -0.36430847636635
506.451330460749 -0.355742440990397
508.335376849875 -0.347301975074325
510.226432068048 -0.338834251335775
512.124522188771 -0.330382278438686
514.029673382538 -0.321972949063632
515.941911917204 -0.313657948255799
517.86126415834 -0.305373259714098
519.787756569601 -0.297006534517524
521.721415713088 -0.288679008883406
523.662268249716 -0.280348079001002
525.610340939583 -0.271866403123002
527.565660642334 -0.263193919547871
529.528254317536 -0.254282056339945
531.498149025047 -0.245255761616236
533.475371925393 -0.235934725948047
535.459950280137 -0.22639843654191
537.451911452257 -0.216724240542226
539.451282906527 -0.206888796243251
541.45809220989 -0.196959944153292
543.472367031842 -0.18699635172523
545.49413514481 -0.177145775654678
547.523424424539 -0.167539956503414
549.560262850475 -0.158102052396616
551.604678506148 -0.148918966981535
553.656699579562 -0.139996570303931
555.716354363585 -0.131330747993898
557.783671256334 -0.122762496059527
559.858678761572 -0.114327124961802
561.941405489097 -0.106033018780324
564.03188015514 -0.0978794060919538
566.130131582757 -0.0898753852395276
568.236188702231 -0.0821371560023513
570.350080551465 -0.0744682928798085
572.471836276389 -0.066999658216221
574.601485131357 -0.0598129536119343
576.739056479551 -0.0529915443947546
578.88457979339 -0.0465393111457255
581.038084654929 -0.0402309356890277
583.199600756274 -0.0340045554818474
585.369157899988 -0.0278554065209034
587.5467859995 -0.0217321347462341
589.732515079524 -0.0157699270561816
591.926375276465 -0.00975096177867116
594.128396838839 -0.00380857256714878
596.338610127691 0.00216038096672946
598.557045617011 0.00817869257732255
600.783733894154 0.0142444797997522
603.018705660264 0.0204454059537827
605.261991730696 0.0267140810159373
607.513623035441 0.0332116717160395
609.773630619552 0.0395719070300747
612.042045643573 0.0457596855448885
614.318899383969 0.0517693233774581
616.604223233554 0.057449736906003
618.898048701927 0.0629499445842991
621.200407415909 0.0683831674800777
623.51133111997 0.0737804214342459
625.830851676678 0.079088190539232
628.159001067128 0.0844590116817656
630.49581139139 0.0899972957715987
632.841314868951 0.0956829013237375
635.195543839153 0.101444794610404
637.558530761648 0.107452544393898
639.930308216838 0.113392552376975
642.310908906328 0.119584020518952
644.700365653376 0.125497827034919
647.098711403346 0.131147040158751
649.505979224161 0.136272196974271
651.922202306761 0.141187267790156
654.347413965559 0.14583983403937
656.781647638899 0.150092030035974
659.224936889521 0.15422982465421
661.677315405021 0.158252773428219
664.138816998315 0.162144949506792
666.609475608108 0.165953613318184
669.089325299358 0.169619705618372
671.578400263749 0.173058937554952
674.076734820163 0.176318766174467
676.584363415148 0.179427425713875
679.101320623398 0.182429077084485
681.627641148229 0.185094816002848
684.163359822055 0.187564384125872
686.708511606871 0.189390999817998
689.263131594734 0.19080912789696
691.827255008246 0.191795093656704
694.400917201039 0.192592600593497
696.984153658268 0.193309830114647
699.576999997092 0.194004841884541
702.179491967171 0.194616463508853
704.791665451156 0.195201862265171
707.413556465187 0.195758769441205
710.045201159385 0.196475574665853
712.686635818355 0.197196661538838
715.337896861682 0.198026305989853
717.999020844436 0.1991713487616
720.670044457676 0.200373422609287
723.351004528956 0.2016707898438
726.041938022828 0.202797763988603
728.74288204136 0.203822216318696
731.453873824642 0.204705506343291
734.174950751298 0.205256937415367
736.906150339008 0.205521910219294
739.647510245018 0.205554461796602
742.399068266665 0.205674995936995
745.160862341893 0.205747808196806
747.932930549781 0.205974686991762
750.715311111065 0.20613659728754
753.508042388666 0.206412951904803
756.311162888217 0.206728540101571
759.124711258597 0.206939201254829
761.948726292463 0.207044711950246
764.783246926784 0.206785347096815
767.628312243377 0.206313522352945
770.483961469448 0.205425504370182
773.350233978131 0.204291435474402
776.227169289033 0.202802042707234
779.114807068777 0.201109622753778
782.01318713155 0.199255380303967
784.92234943965 0.197455115568222
787.842334104041 0.195391583777329
790.773181384902 0.193064618273374
793.714931692182 0.190219307315033
796.667625586163 0.186845740316559
799.63130377801 0.182841505295282
802.606007130343 0.178512969245237
805.591776657789 0.173905337908768
808.588653527558 0.16865785103893
811.596679060002 0.163026233597514
814.615894729193 0.15705451137366
817.646342163485 0.150842071279047
820.688063146098 0.144478028788661
823.741099615688 0.137814338868981
826.805493666926 0.130956060996074
829.881287551079 0.124009098873334
832.968523676594 0.11706429009443
836.06724460968 0.11038933339983
839.177493074898 0.103849528642579
842.299311955746 0.0976518412777851
845.432744295255 0.0919461433678963
848.577833296579 0.0864714441449514
851.734622323592 0.0811635473823022
854.903154901485 0.0761746107966657
858.083474717367 0.0711198671294708
861.275625620868 0.0662024120102833
864.479651624742 0.0614157639057895
867.695596905475 0.0567011542490494
870.923505803893 0.0520102336047206
874.163422825774 0.0475492640128996
877.415392642464 0.0428997868053864
880.679460091487 0.0382185377084605
883.955670177168 0.0333016604700109
887.244068071255 0.0279726698723071
890.544699113535 0.0218992937191231
893.857608812465 0.0150738823361412
897.1828428458 0.00759986282033065
900.520447061216 -0.000642947878187528
903.870467476951 -0.00942366275182582
907.232950282432 -0.0189883059058857
910.607941838916 -0.0292162247780388
913.99548868013 -0.0400476045779028
917.395637512907 -0.0511867286299772
920.808435217838 -0.0623209662915292
924.233928849912 -0.0732658642029094
927.672165639167 -0.0842975299074196
931.12319299134 -0.0951797138097747
934.587058488525 -0.106075492148936
938.063809889823 -0.11698852813982
941.553495132005 -0.127866125914808
945.056162330171 -0.138484011681354
948.571859778412 -0.149034444150559
952.100635950479 -0.159429475302124
955.64253950045 -0.16960343908448
959.197619263401 -0.179486443921099
962.765924256078 -0.189161213514419
966.347503677575 -0.198657697622249
969.942406910009 -0.207721154558254
973.550683519207 -0.216203437333938
977.172383255382 -0.224056859070087
980.807556053824 -0.231475908997336
984.456252035586 -0.238679913434121
988.118521508177 -0.245829523221755
991.794414966255 -0.253031659908406
995.483983092322 -0.260556741338666
999.187276757423 -0.268199458782847
1002.90434702185 -0.275660304877619
1006.63524513584 -0.283395790936843
1010.3800225403 -0.29121312305747
1014.13873086747 -0.299190790246416
1017.9114219417 -0.307441272620928
1021.69814778013 -0.31581129170717
1025.49896059337 -0.324271850371754
1029.31391278631 -0.332711207233481
1033.14305695876 -0.341130395462918
1036.98644590621 -0.349376671894992
1040.84413262056 -0.357500935887442
1044.71617029083 -0.365665862097712
1048.60261230394 -0.374070658482139
1052.50351224539 -0.382562275501208
1056.41892390001 -0.391202568869113
1060.34890125276 -0.399975294351248
1064.29349848938 -0.40900156007401
1068.25276999721 -0.418015939703867
1072.22677036593 -0.42731759976811
1076.21555438826 -0.436690611383248
1080.21917706079 -0.446256102154586
1084.23769358469 -0.455527785204779
1088.27115936647 -0.46458072338319
1092.31963001878 -0.473470834349402
1096.38316136114 -0.482135936629762
1100.46180942073 -0.49082413364499
1104.55563043316 -0.499173015249757
1108.66468084322 -0.50746305458506
1112.7890173057 -0.515838247303255
1116.92869668616 -0.524046020708307
1121.08377606168 -0.532168664441907
1125.25431272169 -0.539819172576745
1129.44036416873 -0.547177612371819
1133.64198811927 -0.554183756102416
1137.85924250447 -0.561259038893511
1142.09218547102 -0.568210038572953
1146.34087538191 -0.574882917462798
1150.60537081725 -0.581101809403731
1154.88573057506 -0.586942758199781
1159.18201367212 -0.592617779350072
1163.49427934474 -0.598446932789822
1167.8225870496 -0.604164075571394
1172.16699646455 -0.609939030271365
1176.52756748948 -0.615990564063408
1180.90436024707 -0.622154621777745
1185.2974350837 -0.628629512911392
1189.70685257023 -0.635321231851944
1194.13267350285 -0.642263543298261
1198.5749589039 -0.649659198514896
1203.03377002276 -0.657397206280542
1207.50916833664 -0.665180399598118
1212.00121555147 -0.672831331729578
1216.50997360271 -0.679976713981294
1221.03550465623 -0.686922815028354
1225.57787110919 -0.693748594229933
1230.13713559085 -0.700374234250007
1234.71336096344 -0.706856389079898
1239.30661032308 -0.713230167716586
1243.9169470006 -0.719522186846771
1248.54443456241 -0.72559472247893
1253.18913681141 -0.731675706092099
1257.85111778785 -0.737750656150113
1262.53044177021 -0.743471374717502
1267.22717327611 -0.749016550356335
1271.94137706315 -0.75389696470909
1276.67311812987 -0.758523033445677
1281.42246171659 -0.762698495931915
1286.18947330632 -0.766458903328431
1290.97421862569 -0.769800140962324
1295.77676364585 -0.77240433516415
1300.59717458334 -0.774640302795532
1305.43551790105 -0.776811059741981
1310.29186030912 -0.778999951119448
1315.16626876584 -0.780870017090929
1320.05881047861 -0.782585565756986
1324.96955290485 -0.784256179797117
1329.8985637529 -0.786076435224206
1334.84591098301 -0.788035894590422
1339.81166280824 -0.789932987392146
1344.79588769541 -0.792201498212965
1349.79865436604 -0.79467159082261
1354.82003179729 -0.797134825982051
1359.86008922295 -0.799238568507964
1364.91889613434 -0.801131376337487
1369.9965222813 -0.802592992114412
1375.09303767316 -0.803692033724227
1380.20851257966 -0.805032694128619
1385.343017532 -0.806493098915189
1390.49662332371 -0.808495320442364
1395.6694010117 -0.810805997886019
1400.86142191724 -0.813388452832244
1406.07275762689 -0.81630174229095
1411.30347999353 -0.819192606428794
1416.55366113734 -0.821930788849843
1421.82337344679 -0.824940712367828
1427.11268957965 -0.827801592740483
1432.42168246399 -0.830453222769413
1437.75042529915 -0.833002204625063
1443.09899155681 -0.835657852904008
1448.46745498195 -0.838373411667066
1453.85588959391 -0.841089698818942
1459.26436968736 -0.843804335322132
1464.69296983337 -0.846360431610548
1470.14176488043 -0.849022798877196
1475.61082995546 -0.851736542002659
1481.10024046487 -0.854286151439299
1486.61007209556 -0.85683151481399
1492.14040081604 -0.859480607776525
1497.69130287738 -0.862013313397429
1503.26285481435 -0.864545449583367
1508.85513344643 -0.866921515656764
1514.46821587884 -0.869303025509622
1520.10217950369 -0.87179075147213
1525.75710200096 -0.874547707729045
1531.43306133963 -0.877678749693287
1537.1301357787 -0.880980088040354
1542.84840386835 -0.884499216212857
1548.58794445092 -0.888290918991038
1554.34883666208 -0.89277281675576
1560.1311599319 -0.89737954049341
1565.93499398592 -0.902473374500042
1571.76041884628 -0.907993138694281
1577.60751483278 -0.913531118283997
1583.47636256406 -0.918907997651032
1589.36704295864 -0.924389198067087
1595.27963723608 -0.929652952778114
1601.21422691806 -0.935166361819286
1607.17089382956 -0.940876911492221
1613.14972009994 -0.94662313914023
1619.15078816409 -0.952460039366391
1625.17418076356 -0.958513347723229
1631.21998094772 -0.964734515699125
1637.28827207488 -0.971173402111938
1643.37913781346 -0.977609533964897
1649.49266214312 -0.984206775906693
1655.62892935595 -0.99106398081657
1661.7880240576 -0.99796003731152
1667.97003116847 -1.00510704206167
1674.17503592487 -1.01225340164134
1680.40312388019 -1.01934727167895
1686.6543809061 -1.02685653572467
1692.9288931937 -1.03452692484794
1699.22674725475 -1.04211235605366
1705.54802992284 -1.0495828871405
1711.89282835457 -1.05749692160925
1718.26123003079 -1.06589702597009
1724.65332275779 -1.07513111466975
1731.06919466848 -1.08484386356919
1737.50893422366 -1.09477301169395
1743.9726302132 -1.10482121821729
1750.46037175728 -1.11455976242656
1756.97224830763 -1.12432951069853
1763.50834964871 -1.13397290757578
1770.06876589903 -1.14339053474502
1776.65358751231 -1.15249947175784
1783.26290527881 -1.16162344053367
1789.8968103265 -1.17050124722549
1796.55539412237 -1.17926019408728
1803.23874847367 -1.18816449377728
1809.94696552921 -1.1967378206381
1816.68013778055 -1.20524434782131
1823.43835806337 -1.21368116181459
1830.22171955869 -1.2219563227305
1837.03031579418 -1.23039782915531
1843.86424064544 -1.23933481976546
1850.72358833728 -1.24805026643419
1857.60845344505 -1.25666703290977
1864.51893089594 -1.26549560921127
1871.45511597026 -1.27432262164593
1878.41710430278 -1.28337907681294
1885.40499188403 -1.29262933429379
1892.41887506164 -1.30197375031006
1899.45885054167 -1.31154959783787
1906.52501538993 -1.32119256544085
1913.61746703332 -1.33075786275851
1920.73630326118 -1.34018939594793
1927.88162222663 -1.34991808766877
1935.05352244795 -1.36000652811729
1942.25210280989 -1.37039959056681
1949.47746256507 -1.38079641692213
1956.72970133535 -1.39091369483341
1964.00891911318 -1.4006726427223
1971.315216263 -1.40980667112769
1978.6486935226 -1.41818588564375
1986.00945200454 -1.42578377162272
1993.39759319752 -1.43302178056187
2000.8132189678 -1.43964619983374
2008.25643156057 -1.44619722447456
2015.7273336014 -1.45223554493005
2023.22602809763 -1.45832154350454
2030.75261843979 -1.4641438329058
2038.30720840305 -1.46976085325241
2045.88990214862 -1.47492966212985
2053.50080422521 -1.48003872415042
2061.14001957043 -1.48498638225304
2068.80765351232 -1.48977308192896
2076.5038117707 -1.49472065286281
2084.22860045872 -1.49945075816283
2091.98212608424 -1.50407847953352
2099.76449555137 -1.50861142856446
2107.57581616189 -1.51304573086323
2115.41619561679 -1.51771168959088
2123.28574201767 -1.52210760012138
2131.18456386831 -1.52634663377158
2139.11277007613 -1.53041754227449
2147.07046995368 -1.53464763556794
2155.05777322019 -1.53836970518192
2163.07479000302 -1.5420295854714
2171.12163083925 -1.54518932185828
2179.19840667714 -1.54834319640262
2187.30522887772 -1.55121122614328
2195.44220921625 -1.55367870140498
2203.60945988384 -1.55586029729487
2211.80709348895 -1.55798091692644
2220.03522305895 -1.55954840091513
2228.29396204169 -1.56073135497008
2236.58342430704 -1.56197028868703
2244.90372414851 -1.56288360717958
2253.25497628476 -1.56352963437464
2261.63729586123 -1.56417714596809
2270.0507984517 -1.56449955668359
2278.49560005991 -1.56519830432925
2286.97181712113 -1.56567953146737
2295.4795665038 -1.56573268864616
2304.0189655111 -1.56605243611621
2312.59013188261 -1.56615875543403
2321.19318379588 -1.56615875543403
2329.82823986813 -1.56642382640989
2338.49541915782 -1.56689942613526
2347.19484116633 -1.56721585937212
2355.9266258396 -1.56763633677539
2364.69089356977 -1.56758450159409
2373.48776519685 -1.56774176117542
2382.3173620104 -1.56784567869726
2391.17980575117 -1.56753194356898
2400.07521861281 -1.56669777148201
2409.00372324354 -1.56581214767446
2417.96544274784 -1.56487597887021
2426.96050068814 -1.56394128952999
2435.98902108656 -1.56290569073385
2445.05112842657 -1.56176754840898
2454.14694765475 -1.56057674980123
2463.27660418247 -1.55933368182461
2472.44022388765 -1.5581903691178
2481.63793311651 -1.55746166599339
2490.86985868525 -1.55730507358978
2500.13612788187 -1.55735708894866
2509.43686846789 -1.55767190323515
2518.7722086801 -1.55846065513313
2528.14227723234 -1.55951520006574
2537.54720331731 -1.56099962463211
2546.98711660828 -1.56238552741239
2556.46214726094 -1.56436079977757
2565.97242591516 -1.56660786463064
2575.51808369681 -1.56917659015944
2585.09925221956 -1.57207735594847
2594.7160635867 -1.57524980949792
2604.36865039294 -1.57846820493763
2614.05714572626 -1.58158723809741
2623.78168316975 -1.58482261165498
2633.54239680345 -1.58837860758273
2643.33942120615 -1.5921002781215
2653.17289145733 -1.59565557753253
2663.04294313896 -1.59904068209688
2672.94971233738 -1.60236744853712
2682.89333564519 -1.60547008725077
2692.87395016314 -1.60845671689113
2702.89169350199 -1.61123360911143
2712.94670378444 -1.61418038552042
2723.03911964699 -1.61707608669931
2733.16908024193 -1.62007699907785
2743.33672523916 -1.62324142587409
2753.54219482819 -1.62615030103926
2763.78562972005 -1.62901495239907
2774.06717114922 -1.63171734719895
2784.38696087559 -1.63415179096836
2794.74514118641 -1.6367466620098
2805.14185489824 -1.63945331416006
2815.57724535896 -1.64178898003353
2826.05145644968 -1.64446005751133
2836.56463258679 -1.64707939948781
2847.11691872391 -1.64987341525331
2857.7084603539 -1.6528911747582
2868.33940351088 -1.65549332309354
2879.00989477221 -1.65798545207762
2889.72008126055 -1.66074992198454
2900.47011064586 -1.66335325671376
2911.26013114745 -1.66563191428225
2922.09029153602 -1.66807534660133
2932.9607411357 -1.67046006586989
2943.87162982615 -1.67246646432628
2954.82310804455 -1.67452497331822
2965.81532678776 -1.67641703529899
2976.84843761435 -1.67819503667418
2987.9225926467 -1.68002007517452
2999.0379445731 -1.68179156304394
3010.19464664985 -1.68367607421836
3021.39285270338 -1.68578254543586
3032.63271713238 -1.68794163688585
3043.91439490991 -1.68999235793033
3055.23804158553 -1.69198261672983
3066.60381328749 -1.6939208652628
3078.01186672482 -1.695966546762
3089.46235918954 -1.6981749415276
3100.95544855881 -1.70032254238486
3112.4912932971 -1.70268433487225
3124.07005245839 -1.70465997457689
3135.69188568836 -1.70636201012319
3147.35695322657 -1.70822605249733
3159.0654159087 -1.70970722682076
3170.81743516875 -1.71107890189313
3182.61317304128 -1.71228634216965
3194.45279216361 -1.71348889804467
3206.3364557781 -1.71479744506269
3218.26432773439 -1.71555818821595
3230.23657249166 -1.71582953950637
3242.25335512088 -1.7160467515374
3254.3148413071 -1.71610077473749
3266.42119735174 -1.71599241722776
3278.57259017489 -1.71599223053246
3290.76918731757 -1.71588331558581
3303.01115694409 -1.7153427982277
3315.29866784434 -1.71464355741373
3327.63188943612 -1.71383987338949
3340.01099176749 -1.71330418978491
3352.43614551909 -1.71276983277797
3364.90752200653 -1.71212984907927
3377.42529318271 -1.71165096855397
3389.98963164021 -1.71127788524415
3402.60071061369 -1.71138420726877
3415.25870398225 -1.7115947764005
3427.96378627182 -1.71212410626432
3440.71613265761 -1.71259740907572
3453.51591896648 -1.71286006284331
3466.36332167938 -1.71322694617781
3479.25851793381 -1.71406567216316
3492.20168552621 -1.71532455817128
3505.19300291445 -1.71695675336458
3518.23264922029 -1.7187441332037
3531.32080423182 -1.72042437134706
3544.45764840598 -1.72231235974668
3557.64336287101 -1.72403605269128
3570.87812942896 -1.72586478725542
3584.16213055823 -1.72747467963922
3597.49554941602 -1.7290889508704
3610.87856984091 -1.73075949031797
3624.31137635539 -1.73253638041291
3637.79415416837 -1.73410259896898
3651.32708917776 -1.7356654357929
3664.91036797302 -1.73738768804595
3678.54417783777 -1.73884686947291
3692.2287067523 -1.74009453468787
3705.96414339624 -1.74134562210096
3719.75067715111 -1.74249158919014
3733.58849810294 -1.74363927035031
3747.47779704492 -1.74463180489324
3761.41876547999 -1.74557262359311
3775.4115956235 -1.74641078274483
3789.45648040586 -1.74709243296636
3803.55361347522 -1.74782591362771
3817.70318920008 -1.74855909714903
3831.90540267205 -1.749239590584
3846.16044970847 -1.74997434072659
3860.46852685515 -1.75065470222016
3874.82983138907 -1.75112575064688
3889.24456132109 -1.75133390026527
3903.7129153987 -1.75159506034555
3918.23509310874 -1.75206906252842
3932.81129468018 -1.7525433312253
3947.44172108682 -1.75301878049786
3962.12657405015 -1.75328247367975
3976.86605604205 -1.75354464351889
3991.66037028761 -1.75380895973799
4006.50972076797 -1.75423291415361
4021.41431222307 -1.75433570947115
4036.37435015451 -1.75460158603437
4051.39004082838 -1.75470356997637
4066.46159127809 -1.75529027800008
4081.58920930724 -1.75592950376496
4096.77310349248 -1.75645843063928
4112.01348318638 -1.75698978134283
4127.31055852032 -1.75768724154032
4142.6645404074 -1.75811132888786
4158.07564054532 -1.75859120507897
4173.54407141932 -1.75902428843664
4189.07004630512 -1.759511678341
4204.65377927183 -1.7600527636195
4220.29548518492 -1.76059569714382
4235.99537970918 -1.76113972691147
4251.7536793117 -1.76163017189161
4267.57060126484 -1.76212158604619
4283.44636364922 -1.76206689939493
4299.38118535678 -1.76212133391374
4315.37528609372 -1.76190145299706
4331.42888638358 -1.76151512051554
4347.54220757028 -1.76107387242308
4363.71547182114 -1.76057474123697
4379.94890212999 -1.75974315635065
4396.24272232018 -1.75863368885683
4412.59715704774 -1.75708859075819
4429.01243180443 -1.75543301257915
4445.48877292084 -1.7540505752345
4462.02640756957 -1.75223098460428
4478.62556376828 -1.75068474667464
4495.28647038291 -1.74941081045314
4512.0093571308 -1.74808283822717
4528.79445458383 -1.7468103738844
4545.64199417167 -1.74521634777432
4562.5522081849 -1.74361887811707
4579.52532977826 -1.742300801045
4596.56159297383 -1.74098304885376
4613.6612326643 -1.73983325170869
4630.82448461615 -1.73884886950133
4648.05158547297 -1.73770438631395
4665.34277275865 -1.73661790627305
4682.69828488072 -1.73585737396727
4700.11836113359 -1.73531573490315
4717.60324170188 -1.73482908047996
4735.15316766371 -1.73445147554297
4752.76838099403 -1.73407512809584
4770.44912456798 -1.73407587000017
4788.1956421642 -1.73391483086808
4806.00817846821 -1.73407445259939
4823.88697907579 -1.73428532536413
4841.83229049635 -1.73449719274843
4859.84436015636 -1.73470748200519
4877.92343640271 -1.73492198482135
4896.06976850618 -1.73539946988697
4914.28360666486 -1.73592710821274
4932.5652020076 -1.73645593837543
4950.91480659747 -1.7367747318878
4969.33267343524 -1.73730093508246
4987.81905646287 -1.73783001372434
5006.374210567 -1.73862089161182
5024.99839158248 -1.73951862171491
5043.69185629588 -1.74036311751054
5062.45486244905 -1.74162605586761
5081.28766874266 -1.74279093653183
5100.19053483977 -1.74390011163259
5119.16372136941 -1.7450047728019
5138.20748993018 -1.74605694841442
5157.32210309384 -1.74736701058887
5176.50782440896 -1.74857042595836
5195.76491840452 -1.7497728599792
5215.09365059358 -1.75118436287498
5234.49428747691 -1.75274992188178
5253.96709654673 -1.75477324740675
5273.51234629033 -1.75668793362839
5293.1303061938 -1.75839391462227
5312.82124674575 -1.7602518784224
5332.58543944101 -1.76205452338608
5352.42315678444 -1.76395958443584
5372.3346722946 -1.76611962065956
5392.32026050759 -1.7684832442486
5412.38019698081 -1.77110081695714
5432.51475829674 -1.7737641971803
5452.72422206679 -1.77683880637077
5473.00886693511 -1.77990351009267
5493.36897258242 -1.78332519542973
5513.80481972988 -1.786956099498
5534.31669014299 -1.79058065493946
5554.9048666354 -1.79446382802569
5575.56963307287 -1.79834935025044
5596.31127437719 -1.80234356213079
5617.13007653004 -1.80676265686202
5638.02632657703 -1.8110257827424
5659.00031263156 -1.81560123875007
5680.05232387887 -1.82028955611208
5701.18265057998 -1.82497488400072
5722.39158407572 -1.8299839379239
5743.67941679072 -1.83509338900615
5765.04644223748 -1.84036757025563
5786.49295502037 -1.84601073205007
5808.01925083973 -1.85160894463987
5829.62562649593 -1.85725742278823
5851.31237989346 -1.86299313193592
5873.07981004505 -1.86868218047647
5894.92821707578 -1.87404113903644
5916.85790222723 -1.87947125371903
5938.86916786162 -1.88516769978191
5960.96231746598 -1.89055528679361
5983.13765565636 -1.89593963437691
6005.395488182 -1.90122841330422
6027.73612192954 -1.9065632720723
6050.1598649273 -1.91163585264621
6072.66702634946 -1.91686461798112
6095.25791652038 -1.92199706182497
6117.93284691885 -1.92691995633857
6140.69213018238 -1.93207767838883
6163.53608011154 -1.93670222811876
6186.46501167426 -1.9411106681846
6209.47924101016 -1.94536143380742
6232.57908543496 -1.94973871501872
6255.7648634448 -1.95422912250614
6279.03689472068 -1.95867026302954
6302.39550013281 -1.96305735629457
6325.84100174511 -1.96751826674752
6349.37372281957 -1.97166538768684
6372.99398782075 -1.97591607939908
6396.70212242028 -1.98011524442518
6420.49845350128 -1.98459157250576
6444.38330916293 -1.98899724935065
6468.35701872496 -1.99386357292652
6492.4199127322 -1.99844509873753
6516.57232295915 -2.00331402689283
6540.81458241452 -2.00801468593108
6565.14702534586 -2.01282446899709
6589.56998724415 -2.0179133062974
6614.08380484842 -2.02250753850305
6638.68881615042 -2.02712205734707
6663.38536039924 -2.03140568729372
6688.17377810601 -2.03553316631961
6713.05441104861 -2.03976922884105
6738.02760227635 -2.04352634158209
6763.09369611472 -2.04674366708765
6788.25303817014 -2.0495855499284
6813.5059753347 -2.05172579779349
6838.85285579099 -2.05382653521166
6864.29402901684 -2.05527045431584
6889.82984579019 -2.05667808660832
6915.4606581939 -2.05721957005999
6941.18681962062 -2.05727353838582
6967.00868477764 -2.05727604822392
6992.92660969181 -2.05717030592614
7018.94095171442 -2.0568496922547
7045.05206952614 -2.05620249361087
7071.26032314197 -2.05528660866474
7097.56607391621 -2.05431847692722
7123.96968454742 -2.05329699840309
7150.47151908342 -2.05216997640508
7177.07194292636 -2.0509312101012
7203.77132283768 -2.04963771176665
7230.57002694323 -2.04845217074937
7257.46842473831 -2.04715661515257
7284.46688709279 -2.04547900591989
7311.5657862562 -2.04385492627528
7338.76549586288 -2.04223041317692
7366.06639093713 -2.0407726182595
7393.46884789835 -2.03968821314377
7420.97324456628 -2.03854039656401
7448.57996016619 -2.03707442598612
7476.28937533407 -2.03560896275085
7504.10187212195 -2.03419126868244
7532.0178340031 -2.03271284930532
7560.03764587737 -2.03112324122772
7588.16169407645 -2.02947233332692
7616.39036636925 -2.02771173721318
7644.72405196718 -2.02589054037075
7673.16314152958 -2.02401300207382
7701.70802716907 -2.02197193585349
7730.35910245697 -2.01997649610216
7759.11676242871 -2.01808809327354
7787.98140358931 -2.01615828354741
7816.95342391881 -2.01427457196325
7846.03322287777 -2.01250125908516
7875.22120141279 -2.01062362327738
7904.51776196203 -2.0086856099918
7933.92330846076 -2.00657416968792
7963.4382463469 -2.00446252550103
7993.06298256668 -2.00245374901674
8022.79792558017 -2.00022945578626
8052.64348536698 -1.99782473374704
8082.60007343185 -1.99536050786443
8112.66810281039 -1.99277127775584
8142.84798807473 -1.98985613065104
8173.14014533922 -1.98674666585344
8203.54499226624 -1.98342032869415
8234.06294807188 -1.98007850108201
8264.69443353176 -1.97632839628382
8295.43987098684 -1.9729945531114
8326.29968434921 -1.96997813437742
8357.27429910795 -1.9668161505968
8388.36414233502 -1.96384447026318
8419.56964269112 -1.9607362627939
8450.89123043159 -1.95793800136429
8482.32933741237 -1.95533631046211
8513.88439709597 -1.95310312211565
8545.55684455738 -1.95118079685601
8577.34711649014 -1.9495672844398
8609.25565121232 -1.94804027334036
8641.28288867257 -1.94696899403238
8673.42927045619 -1.94612031919555
8705.69523979124 -1.94552144098459
8738.0812415546 -1.94552839720325
8770.58772227814 -1.94570676218638
8803.2151301549 -1.9458350939937
8835.96391504519 -1.94629209935601
8868.83452848289 -1.94680537243124
8901.82742368161 -1.94760960685407
8934.94305554094 -1.94836244357261
8968.18188065276 -1.9489008555904
9001.54435730751 -1.9499686418699
9035.03094550052 -1.95099035940078
9068.64210693833 -1.95211644002642
9102.37830504507 -1.95351955225407
9136.24000496888 -1.95470317154295
9170.22767358826 -1.95621998062932
9204.34177951857 -1.9576198180145
9238.58279311844 -1.95907170711047
9272.9511864963 -1.96057094219639
9307.44743351684 -1.96206371971786
9342.07200980759 -1.96367802501961
9376.82539276547 -1.96523190486562
9411.70806156333 -1.96693711891348
9446.72049715662 -1.96885343456602
9481.86318228997 -1.97101959487373
9517.13660150386 -1.97302893153404
9552.54124114133 -1.97530158187208
9588.07758935464 -1.97772732759967
9623.74613611202 -1.98041762130117
9659.54737320446 -1.98314249153962
9695.48179425241 -1.9860786749702
9731.54989471268 -1.98873387177445
9767.75217188519 -1.99148258619177
9804.08912491989 -1.99465164048474
9840.5612548236 -1.99807623753191
9877.16906446693 -2.00148818505178
9913.91305859123 -2.00483867435139
9950.79374381551 -2.00824063825038
9987.81162864349 -2.01152718259665
10024.9672234705 -2.01512804271005
10062.2610405907 -2.01846726005169
10099.6935942039 -2.02158762149806
10137.265400423 -2.02454687251817
10174.9769772805 -2.02766626135761
10212.8288447364 -2.03082969020746
10250.8215246849 -2.0339314221487
10288.9555409616 -2.03695623211938
10327.231419351 -2.04039888262908
10365.6496875932 -2.0439335469848
10404.210875392 -2.0477347682665
10442.9155144215 -2.05105757113677
10481.7641383337 -2.05368481830326
10520.7572827658 -2.05661828266854
10559.8954853477 -2.05969935737818
10599.1792857094 -2.06267011392603
10638.6092254881 -2.06552328168825
10678.1858483363 -2.06842875702315
10717.9096999286 -2.07138010947065
10757.7813279699 -2.07437780811079
10797.8012822023 -2.07725803124813
10837.9701144131 -2.08012862696648
10878.2883784424 -2.08295029447763
10918.7566301905 -2.08560726734356
10959.3754276259 -2.08831783319304
11000.1453307925 -2.09113047127524
11041.0669018179 -2.09381508786943
11082.1407049206 -2.09680631815651
11123.3673064183 -2.09976968849843
11164.7472747353 -2.10277085998302
11206.2811804106 -2.10576882503293
11247.9695961055 -2.10882473748293
11289.8130966117 -2.11204674665221
11331.8122588594 -2.11503982341438
11373.9676619248 -2.11791382416867
11416.2798870383 -2.12077045300665
11458.7495175926 -2.12336305523248
11501.3771391508 -2.12596688608343
11544.1633394541 -2.12830205394461
11587.1087084304 -2.13050620031125
11630.213838202 -2.13262415089347
11673.4793230941 -2.13492241545496
11716.9057596427 -2.13724475724607
11760.4937466031 -2.13904986004486
11804.2438849579 -2.14087308656085
11848.1567779254 -2.14230347995557
11892.2330309682 -2.14360264344988
11936.473251801 -2.14460442115061
11980.8780503993 -2.14559870579473
12025.4480390078 -2.14631219792486
12070.1838321489 -2.14699561229548
12115.0860466309 -2.14703748694831
12160.1553015568 -2.14715617623705
12205.3922183327 -2.14748620111012
12250.7974206764 -2.14791729832461
12296.371534626 -2.14866152695578
12342.1151885484 -2.14955716146626
12388.0290131483 -2.1503207689885
12434.1136414765 -2.15117932955577
12480.3697089389 -2.15252275919852
12526.7978533051 -2.15405772317749
12573.3987147173 -2.15585967619058
12620.1729356991 -2.15769051764164
12667.1211611643 -2.15985236817694
12714.244038426 -2.16230736763775
12761.5422172051 -2.16479458940449
12809.0163496398 -2.16743500349737
12856.667090294 -2.17001269643944
12904.495096167 -2.1726968815504
12952.5010267019 -2.17555178373684
13000.6855437952 -2.17813044220621
13049.0493118056 -2.18071711822003
13097.5929975632 -2.18314690839618
13146.317270379 -2.1856377000719
13195.2228020538 -2.18838554189448
13244.3102668874 -2.19119031974663
13293.5803416882 -2.19388684601446
13343.0337057825 -2.19686431460218
13392.6710410235 -2.19962842712301
13442.4930318013 -2.20270696823783
13492.5003650516 -2.20572970415693
13542.6937302658 -2.20876283745107
13593.0738195003 -2.21222247084364
13643.6413273859 -2.21584197014303
13694.3969511376 -2.21930736777189
13745.3413905639 -2.22356954043167
13796.4753480769 -2.22816787973176
13847.7995287016 -2.23277805702325
13899.3146400859 -2.23749489609417
13951.02139251 -2.24217368844994
14002.9204988965 -2.24676074993849
14055.0126748202 -2.25115719562436
14107.2986385179 -2.25577976342135
14159.7791108982 -2.26040035081821
14212.4548155516 -2.26231639558482
14265.3264787606 -2.26446675216095
14318.3948295092 -2.26670220618892
14371.6605994936 -2.26901547424897
14425.1245231318 -2.27146062850086
14478.7873375739 -2.27399589491327
14532.6497827125 -2.27707098721214
14586.7126011923 -2.28018000855819
14640.9765384209 -2.28327042471971
14695.442342579 -2.2860503717947
14750.1107646304 -2.28864171095008
14804.9825583328 -2.29155900845212
14860.0584802475 -2.29484295107994
14915.3392897509 -2.29811759644552
14970.8257490437 -2.30144585248266
15026.5186231627 -2.30511886973825
15082.4186799901 -2.30897079540824
15138.5266902652 -2.3131078280488
15194.8434275942 -2.31735976330776
15251.3696684613 -2.32179366251806
15308.1061922393 -2.32641335852538
15365.0537812003 -2.3310450368219
15422.2132205266 -2.33592473854782
15479.5852983214 -2.34092327245463
15537.1708056196 -2.34586188971425
15594.9705363991 -2.351057032889
15652.9852875913 -2.35636524684812
15711.2158590922 -2.36176559026123
15769.6630537736 -2.36738846216681
15828.327677494 -2.37323961095021
15887.2105391099 -2.37925363998511
15946.3124504865 -2.38539488190901
16005.6342265097 -2.39171898289038
16065.1766850963 -2.39855467170962
16124.9406472063 -2.40539470497603
16184.9269368535 -2.41274959578895
16245.1363811172 -2.42043539046134
16305.5698101534 -2.42867481018393
16366.2280572065 -2.43709555869266
16427.1119586206 -2.44599870656784
16488.2223538509 -2.45498515839872
16549.5600854758 -2.46415254214042
16611.1259992079 -2.47335793888012
16672.9209439061 -2.48291264178884
16734.9457715869 -2.49255973300329
16797.2013374366 -2.5022838200196
16859.6884998228 -2.51229224543831
16922.4081203063 -2.52197859572898
16985.3610636531 -2.53222508375513
17048.5481978459 -2.54202108953885
17111.9703940967 -2.5519831115695
17175.6285268585 -2.56207671401159
17239.523473837 -2.57244434445587
17303.6561160034 -2.58271892812638
17368.027337606 -2.59281119514813
17432.6380261827 -2.6027936902525
17497.489072573 -2.61286463364277
17562.5813709306 -2.6231929593787
17627.9158187353 -2.63373533022324
17693.4933168058 -2.64427332512214
17759.3147693119 -2.65439065194702
17825.3810837868 -2.66458986086709
17891.6931711401 -2.67546715314838
17958.2519456698 -2.68576172233454
18025.0583250755 -2.69620988274685
18092.1132304703 -2.70655914547496
18159.4175863943 -2.71682129882347
18226.9723208268 -2.72689881691713
18294.7783651994 -2.73649912299764
18362.8366544084 -2.74599759168004
18431.1481268284 -2.75537828136505
18499.7137243246 -2.76473633964945
18568.5343922661 -2.77396035237937
18637.6110795389 -2.78303581741652
18706.9447385587 -2.7914344003159
18776.5363252847 -2.79978092699768
18846.3867992321 -2.80739403293884
18916.4971234854 -2.81464052805986
18986.8682647123 -2.82141310235668
19057.5011931763 -2.82792095925958
19128.3968827505 -2.83406250241627
19199.5563109307 -2.83999536107802
19270.9804588494 -2.84553203404054
19342.6703112886 -2.8509791303102
19414.6268566943 -2.85620533602196
19486.851087189 -2.8608220525834
19559.3439985865 -2.86532257229551
19632.1065904049 -2.8695927890608
19705.1398658807 -2.87321712547745
19778.4448319822 -2.87680556855335
19852.0224994243 -2.8800442654822
19925.8738826813 -2.88355952479274
20000.0000000017 -2.88692778958691
