10 4.76416311071049
10.0372009367102 4.76828366103275
10.0745402643896 4.77237101668991
10.1120184978655 4.77642524049063
10.1496361538807 4.78044454478717
10.1873937510998 4.78442849459125
10.2252918101175 4.78837592935511
10.2633308534646 4.79228607803308
10.3015114056161 4.79615778325763
10.3398339929981 4.79999030088401
10.3782991439948 4.80378240734293
10.4169073889563 4.80753315861373
10.4556592602056 4.8112421322881
10.4945552920458 4.81490769085609
10.5335960207679 4.81852923303611
10.5727819846578 4.82210599635929
10.6121137240039 4.82563671410896
10.6515917811047 4.82912093463503
10.6912167002759 4.83255701913034
10.7309890278581 4.83594469485648
10.7709093122244 4.83928317447453
10.8109781037879 4.84257163119996
10.8511959550093 4.8458088724951
10.8915634204045 4.84899391879267
10.9320810565522 4.8521262198369
10.9727494221018 4.85520475932753
11.0135690777806 4.85822928264436
11.0545405864021 4.86119881333361
11.0956645128736 4.86411234550014
11.1369414242037 4.86696924024842
11.1783718895104 4.86976868812817
11.2199564800288 4.87251035359009
11.2616957691193 4.87519294112223
11.3035903322749 4.87781597097593
11.3456407471298 4.88037890298156
11.3878475934668 4.8828805767993
11.4302114532258 4.88532070451572
11.4727329105113 4.8876987407219
11.515412551601 4.89001350210633
11.5582509649534 4.89226496514173
11.6012487412161 4.89445203511872
11.6444064732342 4.89657410338314
11.6877247560581 4.89863051199327
11.7312041869517 4.90062113656125
11.774845365401 4.90254477759602
11.818648893122 4.90440111752949
11.8626153740693 4.90618951302508
11.9067454144441 4.90790926165981
11.9510396227028 4.90956004332811
11.9954986095653 4.91114109104986
12.0401229880234 4.91265192546902
12.0849133733495 4.91409237736475
12.1298703831044 4.91546119011947
12.1749946371469 4.91675865496409
12.2202867576412 4.91798383925689
12.2657473690664 4.91913655982475
12.3113770982243 4.92021583142473
12.3571765742489 4.92122162924951
12.4031464286144 4.92215336331126
12.4492872951442 4.92301064626813
12.4955998100196 4.92379313472637
12.5420846117884 4.92450023163298
12.5887423413741 4.9251320580033
12.6355736420843 4.92568756441616
12.6825791596199 4.92616683883772
12.7297595420838 4.92656927893232
12.7771154399899 4.92689450010491
12.8246475062721 4.92714247108787
12.8723563962932 4.92731232513346
12.9202427678541 4.92740432516243
12.9683072812028 4.92741790778
13.0165505990434 4.9273529746702
13.0649733865454 4.92720880375849
13.1135763113527 4.9269856193405
13.162360043593 4.92668289621546
13.2113252558868 4.92630049491451
13.260472623357 4.92583818981314
13.3098028236379 4.92529589241416
13.3593165368846 4.92467329786901
13.4090144457825 4.92397032081257
13.4588972355569 4.92318689267471
13.5089655939818 4.9223227516585
13.5592202113899 4.92137805970052
13.6096617806823 4.92035266925393
13.6602909973373 4.9192465224855
13.7111085594207 4.91805983226372
13.7621151675953 4.91679250690121
13.8133115251301 4.9154442175649
13.8646983379105 4.91401539130588
13.9162763144479 4.91250557949341
13.9680461658894 4.91091530487062
14.0200086060276 4.90924451628957
14.0721643513105 4.90749334839479
14.1245141208514 4.90566176490763
14.1770586364386 4.90376442758717
14.2297986225456 4.90178708781462
14.2827348063412 4.89972997600682
14.3358679176991 4.89759313047045
14.3891986892083 4.89537666217992
14.442727856183 4.89308104425208
14.496456156673 4.89070606222107
14.5503843314737 4.88825221774665
14.6045131241361 4.88571935835165
14.6588432809775 4.88310788367725
14.7133755510915 4.88041824933053
14.7681106863584 4.87765043171543
14.8230494414556 4.87480487128575
14.8781925738679 4.87188164168183
14.9335408438982 4.86888106151187
14.9890950146774 4.8658033854556
15.0448558521758 4.86264885141776
15.1008241252129 4.85941799884617
15.1570006054682 4.8561110336787
15.2133860674922 4.85272831027758
15.2699812887167 4.84927006525131
15.3267870494654 4.84573661800072
15.3838041329651 4.84212822495249
15.4410333253564 4.83844526669773
15.498475415704 4.8346883092144
15.5561311960084 4.83085756638094
15.6140014612162 4.82695350847335
15.6720870092313 4.82297626062011
15.730388640926 4.81892640272335
15.7889071601517 4.8148044212141
15.8476433737505 4.81061052235998
15.9065980915658 4.80634521215628
15.9657721264536 4.80200876481778
16.0251662942941 4.79760176296179
16.0847814140026 4.79312460234257
16.1446183075405 4.78857761300792
16.2046777999274 4.78396150490775
16.2649607192518 4.77927658793488
16.3254678966828 4.77452331358042
16.3862001664817 4.76970195861338
16.447158366013 4.76481340842164
16.5083433357566 4.75985794281969
16.569755919319 4.7548360426874
16.6313969634448 4.74974813960932
16.6932673180286 4.74459481130629
16.7553678361271 4.73937665247722
16.8176993739698 4.73409406866564
16.880262790972 4.72874759249124
16.9430589497458 4.72333797289598
17.0060887161124 4.71786557374085
17.069352959114 4.71233115578805
17.1328525510256 4.70673502213905
17.1965883673671 4.70107799939739
17.2605612869157 4.69536063767781
17.3247721917173 4.68958364596361
17.3892219670996 4.68374729701646
17.4539115016833 4.677852674332
17.5188416873952 4.67190024740161
17.5840134194801 4.66589073752742
17.649427596513 4.65982497045127
17.7150851204118 4.65370317793129
17.7809868964498 4.64752641078316
17.8471338332678 4.64129499374398
17.9135268428867 4.63501007103901
17.9801668407205 4.62867207527835
18.0470547455885 4.62228178075272
18.1141914797281 4.61584012358668
18.1815779688074 4.60934758032447
18.2492151419383 4.60280516994907
18.3171039316889 4.59621369070293
18.3852452740965 4.58957369569626
18.4536401086808 4.5828862137172
18.5222893784564 4.5761518742342
18.5911940299459 4.56937162072549
18.6603550131934 4.56254622560355
18.7297732817769 4.55567658672321
18.799449792822 4.54876351965879
18.8693855070149 4.54180790260583
18.9395813886156 4.53481069102347
19.0100384054711 4.52777251626302
19.0807575290291 4.52069434429711
19.151739734351 4.51357723615769
19.2229860001258 4.50642189310406
19.2944973086829 4.4992293971746
19.3662746460064 4.49200062238189
19.4383190017482 4.48473614615197
19.5106313692418 4.47743700516121
19.5832127455161 4.47010435641601
19.6560641313089 4.46273883244859
19.7291865310809 4.45534147497134
19.8025809530295 4.44791336439112
19.8762484091027 4.44045532549291
19.950189915013 4.43296832480099
20.0244064902514 4.42632549071704
20.0988991581017 4.41960538893001
20.1736689456542 4.41280856780969
20.2487168838201 4.40593560451155
20.3240440073458 4.39898700324124
20.3996513548271 4.39196368715816
20.4755399687231 4.38486591444507
20.5517108953714 4.37769438051614
20.6281651850019 4.37044959257055
20.7049038917513 4.36313256740041
20.7819280736781 4.3557437462535
20.8592387927765 4.34828369625573
20.9368371149918 4.34075335285983
21.0147241102344 4.33315354529071
21.092900852395 4.32548449404638
21.1713684193594 4.31774736838658
21.2501278930231 4.30994263892728
21.3291803593062 4.30207131511473
21.4085269081689 4.29413418557684
21.4881686336258 4.28613168167314
21.5681066337615 4.27806475430378
21.6483420107456 4.26993373079388
21.7288758708478 4.26173996568129
21.8097093244533 4.25348397759907
21.8908434860779 4.24516698626077
21.9722794743837 4.23678927470439
22.0540184121942 4.22835199528782
22.1360614265099 4.21985567563279
22.2184096485239 4.21130134864988
22.3010642136375 4.20268992087331
22.3840262614756 4.19402216997998
22.4672969359028 4.18529887432698
22.5508773850389 4.17652084721058
22.6347687612749 4.16768893278849
22.7189722212887 4.1588042763905
22.8034889260611 4.149867330666
22.8883200408921 4.140879256024
22.9734667354164 4.13184082694222
23.0589301836202 4.12275291494925
23.1447115638567 4.11361619669991
23.230812058863 4.10443204583653
23.3172328557757 4.09520084934703
23.4039751461482 4.08592382255639
23.491040125966 4.07660152266541
23.5784289956642 4.06723494734297
23.6661429601435 4.05782507814329
23.754183228787 4.0483728301317
23.8425510154766 4.03887857366813
23.9312475386102 4.02934376174872
24.0202740211181 4.01976912417939
24.1096316904802 4.01015527220351
24.1993217787425 4.00050334166651
24.2893455225345 3.99081411253449
24.3797041630861 3.98108847916997
24.4703989462445 3.97132688458763
24.5614311224917 3.96153010933086
24.6528019469616 3.95169930663894
24.7445126794573 3.94183513771246
24.8365645844686 3.93193826173706
24.9289589311891 3.92200917908086
25.0216969935341 3.91204878870066
25.1147800501579 3.90205756540943
25.2082093844715 3.89203606648176
25.3019862846603 3.88198506017924
25.3961120437021 3.87190475302391
25.4905879593843 3.86179593813407
25.5854153343225 3.85165883715988
25.6805954759781 3.8414939785869
25.7761296966763 3.83130201661641
25.8720193136242 3.8210827633602
25.9682656489293 3.81083666034673
26.0648700296171 3.80056433001067
26.1618337876502 3.7902658043168
26.2591582599459 3.7799414688512
26.356844788395 3.76959169061386
26.4548947198803 3.75921666660523
26.5533094062951 3.74881657976268
26.6520902045621 3.73839175358317
26.7512384766515 3.72794233761141
26.8507555896003 3.71746867105972
26.9506429155313 3.70697108054707
27.0509018316712 3.69644976778478
27.1515337203705 3.68590500438686
27.2525399691221 3.67533713333976
27.3539219705804 3.66474609324656
27.4556811225806 3.65413220765128
27.5578188281582 3.64349569029832
27.6603364955679 3.63283664881779
27.7632355383033 3.62215549397403
27.8665173751163 3.61145247068607
27.9701834300368 3.60072785516772
28.0742351323921 3.58998178930227
28.1786739168268 3.57921442412633
28.2835012233224 3.56841338289019
28.3887184972175 3.5575785276603
28.4943271892273 3.5467096950295
28.6003287554639 3.53580713250658
28.7067246574561 3.52487068108862
28.81351636217 3.51390011003876
28.9207053420286 3.50289557021114
29.0282930749329 3.49185689742466
29.1362810442814 3.48078441222084
29.2446707389912 3.46967811177408
29.3534636535184 3.4585378052105
29.4626612878783 3.44736383862996
29.5722651476666 3.4361561252438
29.6822767440801 3.42491433627839
29.7926975939372 3.4136393253168
29.9035292196989 3.40233073426695
30.0147731494902 3.3909891048342
30.1264309171207 3.37961428289126
30.2385040621058 3.36820635544591
30.3509941296883 3.35676563290535
30.4639026708593 3.34529216360686
30.5772312423796 3.33378625284504
30.6909814068016 3.32224797286014
30.8051547324904 3.31067777569838
30.9197527936455 3.29907570944857
31.0347771703225 3.28744184901807
31.1502294484553 3.27577652891681
31.2661112198773 3.26407972861251
31.3824240823437 3.25235191789473
31.4991696395536 3.24059303598225
31.616349501172 3.22880302367536
31.733965282852 3.21698226678644
31.852018606257 3.20513084388037
31.9705110990833 3.19324881837921
32.0894443950822 3.18133612177083
32.2088201340828 3.16939327960094
32.3286399620146 3.15742013049436
32.4489055309299 3.14541675375738
32.569618499027 3.13338307425971
32.6907805306726 3.12131968147929
32.8123932964254 3.10922606013846
32.9344584730584 3.09710244180017
33.0569777435824 3.08494876250976
33.1799527972693 3.07276517330364
33.3033853296751 3.06055181748063
33.4272770426635 3.04830851729422
33.5516296444293 3.03603549011424
33.6764448495218 3.0237331035311
33.8017243788689 3.01140114662122
33.9274699598002 2.99903977896986
34.0536833260713 2.98664912506563
34.1803662178875 2.97422938845211
34.3075203819277 2.9617805755429
34.4351475713689 2.94930265911102
34.5632495459097 2.93679558584019
34.6918280717952 2.92425979864264
34.8208849218411 2.91169534545379
34.9504218754581 2.89910198412929
35.0804407186764 2.88647973106105
35.2109432441705 2.87382885324504
35.3419312512837 2.86114927736907
35.4734065460531 2.8484411674181
35.6053709412345 2.83570482173408
35.7378262563273 2.82294008676669
35.8707743175993 2.81014740273223
36.0042169581128 2.79732700328179
36.1381560177486 2.78447892268411
36.2725933432325 2.77160352371643
36.40753078816 2.75870096943408
36.5429702130224 2.74577153510279
36.6789134852321 2.73281560728483
36.8153624791483 2.71983368756789
36.9523190761032 2.70682585073954
37.0897851644277 2.69379282659414
37.2277626394773 2.68073497195775
37.3662534036585 2.66765272900339
37.5052593664551 2.65454674093238
37.6447824444542 2.64141754494073
37.7848245613726 2.62826570728918
37.9253876480839 2.61509203779747
38.0664736426444 2.60189721051151
38.2080844903204 2.58868176284846
38.3502221436146 2.57544663279208
38.4928885622931 2.5621921022169
38.6360857134129 2.54891909156168
38.7798155713483 2.53562815779082
38.9240801178185 2.52232054727373
39.068881341915 2.50899655975159
39.2142212401288 2.49565747882647
39.3601018163781 2.4823038124468
39.5065250820358 2.46893644762207
39.6534930559574 2.45555629911077
39.8010077645086 2.44216391563879
39.9490712415935 2.42876035986971
40.0976855286824 2.4153466379815
40.2468526748401 2.40192339288764
40.3965747367541 2.38849147216591
40.5468537787631 2.37505193848234
40.6976918728852 2.36160552171076
40.8490910988465 2.34815327457116
41.0010535441102 2.33469608140539
41.1535813039047 2.32123540486417
41.3066764812531 2.30777185358486
41.4603411870018 2.29430656309598
41.6145775398498 2.28084056414678
41.7693876663778 2.26737493821742
41.9247737010778 2.25391074799314
42.080737786382 2.24044907941881
42.2372820726929 2.2269909627306
42.3944087184125 2.2135370879571
42.5521198899724 2.20008902395023
42.7104177618635 2.18664744811697
42.869304516666 2.17321370164208
43.0287823450793 2.15978866691645
43.1888534459529 2.14637352783672
43.3495200263157 2.13296946540948
43.5107843014072 2.11957743105901
43.6726484947079 2.10619831120506
43.8351148379697 2.09283353422846
43.9981855712467 2.07948367616445
44.1618629429266 2.06615010238149
44.3261492097609 2.05283388553603
44.4910466368967 2.03953617698283
44.6565574979076 2.02625798513678
44.822684074825 2.01300032702954
44.9894286581698 1.99976443100346
45.1567935469838 1.98655108299205
45.3247810488614 1.97336105049809
45.4933934799815 1.960195651399
45.6626331651395 1.94705565686171
45.8325024377791 1.93394224756241
46.0030036400248 1.92085618374814
46.1741391227139 1.90779905314247
46.345911245429 1.89477154499407
46.5183223765307 1.88177495096968
46.69137489319 1.86881026931715
46.8650711814213 1.85587891790747
47.0394136361151 1.84298172142856
47.2144046610712 1.83011982077347
47.3900466690317 1.81729415197888
47.5663420817144 1.80450585866126
47.743293329846 1.7917557523569
47.9209028531959 1.77904470100563
48.0991731006096 1.76637384272551
48.2781065300423 1.75374407920062
48.4577056085935 1.74115609555897
48.63797281254 1.7286105211556
48.8189106273711 1.71610830815978
49.000521547822 1.70365056683667
49.1828080779086 1.69123772732967
49.3657727309621 1.67887044886492
49.5494180296635 1.6665493869494
49.7337465060782 1.65427558822156
49.9187607016915 1.64204967576618
50.1044631674429 1.62987232838903
50.2908564637618 1.61774455245815
50.4779431606027 1.6056668717223
50.6657258374805 1.59364028110288
50.854207083506 1.58166555437591
51.043389497422 1.56974348963399
51.2332756876387 1.55787497472264
51.4238682722698 1.54606080011655
51.6151698791687 1.53430224242736
51.8071831459647 1.52260056253494
51.9999107200992 1.51095665693822
52.1933552588626 1.49937173019814
52.3875194294302 1.48784725721984
52.5824059089 1.47638441122647
52.7780173843286 1.46498449444925
52.9743565527689 1.45364868008613
53.1714261213071 1.44237837261071
53.3692288070999 1.43117505536329
53.5677673374123 1.42003974730982
53.7670444496548 1.40897390250588
53.9670628914213 1.39797860645921
54.1678254205271 1.38705545472609
54.3693348050468 1.37620546850109
54.5715938233525 1.3654299804001
54.7746052641521 1.35473017402814
54.9783719265278 1.34410716707596
55.1828966199745 1.33356206836481
55.3881821644389 1.32309599299749
55.594231390358 1.31270949226254
55.8010471386984 1.30240372052392
56.0086322609952 1.2921793409085
56.2169896193917 1.28203736808343
56.4261220866785 1.2719783673104
56.6360325463332 1.26200324285493
56.8467238925604 1.25211258986515
57.0581990303312 1.24230699338244
57.2704608754236 1.23258729332526
57.4835123544625 1.22295415020356
57.6973564049602 1.21340821088237
57.9119959753568 1.20394997923997
58.1274340250607 1.19457995874535
58.3436735244898 1.18529862191632
58.5607174551122 1.17610629656731
58.7785688094872 1.16700348618509
58.9972305913069 1.15799046334855
59.2167058154372 1.14906793461505
59.4369975079597 1.14023571114449
59.6581087062134 1.13149441386169
59.8800424588363 1.12284402714845
60.1028018258077 1.11428521368028
60.3263898784903 1.10581833420141
60.5508096996726 1.09744379547494
60.7760643836113 1.08916213666094
61.0021570360742 1.08097373568709
61.2290907743825 1.07287939418404
61.4568687274545 1.06487933412149
61.685494035848 1.0569742809729
61.9149698518044 1.04916472001574
62.1452993392914 1.0414513217097
62.376485674047 1.03383466929185
62.6085320436233 1.02631527000028
62.8414416474305 1.01889386532719
63.0752176967808 1.01157101272777
63.3098634149326 1.00434707996303
63.5453820371355 0.997222451529691
63.7817768106743 0.990197622613723
64.0190509949139 0.983273274971316
64.2572078613447 0.976449860862587
64.4962506936269 0.969727669034786
64.7361827876367 0.963106970206399
64.9770074515108 0.956588122356791
65.2187280056928 0.950171381695966
65.4613477829786 0.943856605432507
65.7048701285624 0.937644081019449
65.9492984000827 0.931533715093746
66.1946359676689 0.92552528034851
66.4408862139876 0.919618517337313
66.688052534289 0.913813237730237
66.9361383364543 0.908109182774839
67.1851470410421 0.902505752796531
67.4350820813359 0.897002725899374
67.6859469033913 0.891599898876258
67.9377449660834 0.886297081963467
68.190479741155 0.881093340088865
68.4441547132637 0.875989017469419
68.6987733800307 0.870983542151355
68.9543392520884 0.866076740766497
69.2108558531293 0.861268686406336
69.4683267199542 0.856558868338857
69.7267554025213 0.851947288343117
69.9861454639949 0.847434003703433
70.2465004807944 0.843019027140075
70.5078240426442 0.838702059153506
70.7701197526224 0.834483173760736
71.0333912272113 0.83036212858929
71.2976420963466 0.826338884625215
71.5628760034677 0.8224130986263
71.8290966055681 0.818584734022753
72.0963075732454 0.814853381297582
72.3645125907524 0.811218732760486
72.6337153560475 0.807680424223158
72.903919580846 0.804237859245958
73.1751289906711 0.800890594540503
73.4473473249052 0.797637747620412
73.7205783368417 0.794478459008554
73.9948257937363 0.79141199898521
74.2700934768597 0.788437156494365
74.5463851815488 0.785552761003744
74.82370471726 0.782757512686428
75.1020559076207 0.780050216403147
75.3814425904831 0.777429510640397
75.6618686179762 0.774893571887346
75.9433378565593 0.772440835750918
76.2258541870754 0.770069719730983
76.5094215048047 0.767778327798966
76.7940437195179 0.765564872836019
77.0797247555308 0.763427384163915
77.3664685517576 0.761364116888557
77.654279061766 0.75937288771286
77.9431602538311 0.757451793459056
78.2331161109905 0.755598935708186
78.524150631099 0.753812164082562
78.8162678268838 0.752090153945428
79.1094717259999 0.750430719041529
79.4037663710853 0.748832330816616
79.6991558198174 0.747293075354814
79.9956441449681 0.745811410925628
80.2932354344608 0.744385492197662
80.5919337914261 0.74301443358809
80.8917433342586 0.741696035327494
81.192668196674 0.740428907309004
81.4947125277655 0.739211522367861
81.7978804920615 0.738042534311128
82.1021762695827 0.736919992907371
82.4076040558999 0.735842404964253
82.714168062192 0.734808238322239
83.0218725153037 0.733815826527338
83.3307216578039 0.732863558118363
83.6407197480444 0.73194961497936
83.9518710602185 0.731072332007152
84.2641798844197 0.730229871205578
84.5776505267013 0.729420825850425
84.8922873091352 0.72864304560758
85.2080945698721 0.727894585434103
85.525076663201 0.727173446461756
85.8432379596091 0.726477259081494
86.1625828458423 0.725803940636981
86.4831157249656 0.725150959344296
86.804841016424 0.724515951676694
87.1277631561029 0.723896618778052
87.4518865963899 0.723290450429007
87.7772158062356 0.722694853399513
88.103755271216 0.722107683858564
88.4315094935933 0.721526395780147
88.760482992379 0.72094838897972
89.0906803033954 0.720371447736452
89.4221059793388 0.719793165899131
89.7547645898416 0.719211419826224
90.088660721536 0.718624258510038
90.4237989781166 0.718029719508062
90.7601839804045 0.717425881096186
91.0978203664104 0.716810821042993
91.436712791399 0.716182411200591
91.7768659279529 0.715539259951088
92.1182844660374 0.714879175053963
92.4609731130645 0.714200555373129
92.8049365939585 0.713501615920726
93.1501796512209 0.712780785212754
93.4967070449956 0.712036305481882
93.8445235531347 0.711266355204977
94.1936339712644 0.710469560325316
94.5440431128511 0.709644390484391
94.8957558092676 0.708789369922541
95.2487769098601 0.707902976147978
95.6031112820147 0.706984082183573
95.9587638112245 0.706031012014462
96.3157394011573 0.705042384182555
96.674042973723 0.704016858939784
97.0336794691412 0.702953363908787
97.39465384601 0.701850682935539
97.7569710813735 0.700707866220607
98.1206361707911 0.699523711341011
98.4856541284063 0.698297422528367
98.8520299870155 0.697028355058499
99.2197687981374 0.695715557116391
99.5888756320832 0.694358390871714
99.9593555780259 0.692956151796445
100.331213744071 0.691508341879655
100.704455257326 0.690014414130999
101.079085263972 0.688474112731925
101.455108929334 0.686887008175995
101.832531437955 0.685252971450347
102.211357993661 0.683571802454269
102.591593819639 0.681843307275439
102.973244158507 0.68006738367463
103.356314272386 0.678243519859448
103.74080944297 0.676371931145898
104.126734971605 0.674452280278658
104.514096179357 0.672484436673389
104.902898407086 0.670468361781853
105.293147015521 0.668403930535713
105.684847385335 0.666291569634693
106.078004917216 0.664131200434143
106.472625031943 0.66192274570431
106.868713170461 0.659666270036705
107.266274793956 0.657362482506327
107.665315383931 0.655011398607315
108.065840442278 0.652613338847096
108.467855491361 0.650168823640034
108.871366074083 0.647678419404897
109.27637775397 0.645142523300945
109.682896115245 0.642561963159169
110.090926762902 0.639937765311283
110.500475322789 0.637270383301002
110.911547441682 0.634561096102201
111.324148787363 0.631810585725225
111.738285048698 0.629019615177217
112.153961935718 0.626189433424924
112.571185179695 0.623320737461697
112.98996053322 0.620414761303889
113.410293770289 0.617472169371879
113.832190686372 0.614493592364002
114.255657098502 0.611479739021722
114.680698845352 0.608431154367802
115.107321787315 0.605348174502272
115.535531806584 0.602231390436843
115.965334807235 0.599081091494269
116.396736715309 0.595898120123821
116.829743478891 0.592682659776603
117.264361068193 0.589435198572171
117.700595475639 0.586156726943963
118.138452715943 0.582847455059281
118.577938826195 0.579508192302412
119.019059865945 0.576139628303067
119.461821917283 0.572742461373127
119.906231084925 0.569317288362315
120.3522934963 0.5658648491722
120.800015301628 0.562385979007673
121.24940267401 0.558881032238437
121.700461809513 0.555350834148174
122.15319892725 0.551796038622179
122.607620269474 0.548217470455293
123.063732101657 0.544615708432882
123.52154071258 0.540991477640831
123.981052414419 0.53734513327714
124.442273542832 0.53367741044375
124.905210457046 0.529988690494709
125.369869539945 0.526279354445985
125.836257198157 0.522549503625905
126.304379862144 0.518799550809203
126.774243986291 0.51502984982896
127.245856048992 0.511240797008844
127.719222552743 0.507432553428734
128.194350024229 0.50360502397946
128.671245014415 0.499758629499466
129.149914098635 0.495893645011618
129.630363876686 0.492010525989652
130.112600972915 0.488109481782527
130.596632036314 0.484191362378078
131.082463740608 0.480256482941885
131.570102784351 0.476305587141296
132.059555891015 0.47233922037545
132.550829809082 0.468358228350689
133.043931312143 0.464363571374649
133.538867198985 0.460355928752671
134.035644293687 0.456336131519611
134.534269445714 0.452305102766861
135.034749530014 0.448263906638869
135.537091447108 0.4442130892783
136.041302123189 0.440153371410084
136.547388510214 0.436085838121035
137.055357586005 0.43201116187186
137.56521635434 0.427930096422614
138.076971845052 0.423843623729689
138.590631114126 0.419752183299551
139.106201243796 0.415656533157098
139.623689342642 0.411557485668696
140.14310254569 0.407454848254043
140.664448014507 0.403349109596165
141.187732937303 0.399240452472825
141.712964529029 0.395128912574757
142.240150031474 0.391014913286202
142.769296713371 0.386898398012739
143.30041187049 0.382779922285366
143.833502825744 0.378659445322483
144.368576929286 0.374537839319888
144.905641558614 0.370415471688751
145.444704118671 0.366292945994121
145.985772041946 0.362170780106084
146.528852788578 0.358049289333002
147.073953846458 0.353929259328937
147.621082731334 0.349811208247272
148.170246986912 0.345695456948258
148.721454184961 0.34158280351716
149.274711925419 0.337473640100781
149.830027836496 0.333368763845786
150.387409574779 0.329268592370314
150.946864825339 0.325174255275727
151.508401301835 0.321086372911028
152.072026746624 0.317005281708573
152.637748930863 0.312931925157814
153.205575654619 0.308866761463912
153.775514746977 0.304810431542865
154.347574066145 0.300763728314839
154.921761499565 0.296727772009604
155.498084964022 0.292703058382783
156.076552405752 0.288690271970383
156.657171800551 0.284690182778986
157.239951153886 0.280703251200993
157.824898501005 0.276729848272925
158.412021907047 0.272769895194584
159.001329467157 0.268824005588444
159.592829306591 0.264891794878705
160.186529580835 0.260973105240527
160.78243847571 0.257067931272632
161.380564207495 0.253175895093387
161.980915023028 0.249296995691018
162.583499199831 0.245431116967138
163.188325046216 0.241577864355745
163.795400901405 0.237737199888593
164.40473513564 0.233908174130257
165.016336150303 0.230090337473428
165.630212378031 0.226283473248484
166.246372282828 0.222487114302929
166.864824360187 0.21870095153965
167.485577137204 0.214924739341411
168.108639172699 0.211158675565751
168.734019057329 0.207402413904858
169.36172541371 0.203656011596803
169.991766896534 0.199919677930045
170.624152192691 0.19619335488824
171.258890021386 0.192477236631531
171.89598913426 0.188771856010191
172.535458315511 0.185077532300563
173.177306382017 0.181394731530676
173.821542183453 0.17772390859295
174.468174602416 0.174065017099129
175.117212554548 0.170418809254367
175.768664988659 0.166785212925973
176.422540886846 0.163164491217238
177.078849264624 0.159556613375645
177.737599171045 0.155961425440389
178.398799688823 0.152379265113831
179.062459934462 0.148810054962662
179.728589058382 0.145253702689545
180.397196245039 0.141710325131786
181.068290713059 0.138179895069191
181.741881715363 0.134662198476943
182.417978539291 0.131157241480481
183.096590506735 0.12766491805098
183.777726974264 0.124184909963143
184.461397333255 0.120717127611896
185.147611010021 0.117261761347234
185.836377465944 0.113818547562773
186.5277061976 0.11038757356452
187.221606736895 0.106968573612943
187.918088651195 0.103561348598618
188.617161543456 0.100165386089921
189.318835052359 0.0967805600958913
190.023118852442 0.0934067726388657
190.730022654232 0.0900438263683663
191.439556204381 0.0866918482661916
192.151729285799 0.0833512853380833
192.86655171779 0.0800225832635517
193.584033356187 0.0767058171765198
194.304184093485 0.0734015725023438
195.027013858983 0.0701100186638115
195.752532618918 0.0668315531739045
196.480750376599 0.0635659589601802
197.211677172552 0.0603131234652263
197.945323084652 0.0570734358650276
198.681698228267 0.0538470257245693
199.420812756393 0.0506348721643191
200.162676859797 0.0474377337739007
200.907300767158 0.0442562694905666
201.654694745203 0.0410914124924995
202.404869098855 0.0379436645802276
203.157834171373 0.0348138302345466
203.913600344492 0.031702132041751
204.672178038568 0.0286089259887223
205.433577712722 0.0255343807589981
206.197809864986 0.0224789333063091
206.964885032443 0.0194429629484301
207.734813791375 0.0164268022302991
208.50760675741 0.0134308443919071
209.283274585667 0.0104550875070002
210.061827970903 0.00749970818445078
210.84327764766 0.0045645245060113
211.627634390414 0.00164944997587746
212.414909013722 -0.00124584506927761
213.205112372374 -0.00412169455742362
213.998255361539 -0.00697884011303884
214.794348916918 -0.0098177523658638
215.593404014895 -0.0126388015495609
216.395431672684 -0.0154422820648037
217.200442948486 -0.0182287659091429
218.008448941641 -0.0209984783526878
218.819460792778 -0.0237520323995488
219.633489683968 -0.0264899249707549
220.450546838885 -0.0292126204286269
221.270643522953 -0.0319205215116884
222.093791043505 -0.0346138448059703
222.920000749938 -0.0372927854724088
223.749284033871 -0.0399571588493375
224.5816523293 -0.042606407555529
225.417117112757 -0.0452401952811776
226.255689903467 -0.0478579293222916
227.097382263509 -0.0504585074138166
227.942205797972 -0.0530411969877669
228.790172155119 -0.0556047739067171
229.641293026544 -0.0581483441039152
230.495580147337 -0.060670737410466
231.35304529624 -0.0631711541842073
232.213700295818 -0.0656490921550503
233.077557012612 -0.0681028739408527
233.944627357311 -0.0705315547573484
234.814923284911 -0.0729341781205113
235.688456794884 -0.0753095387284963
236.565239931339 -0.0776565885685185
237.44528478319 -0.0799742343279899
238.328603484325 -0.0822618787810319
239.215208213769 -0.0845186782502401
240.105111195857 -0.0867444817580134
240.998324700395 -0.0889391835862607
241.894861042839 -0.0911034251533733
242.794732584456 -0.0932371834984602
243.6979517325 -0.0953411761591472
244.60453094038 -0.0974159551604545
245.514482707834 -0.0994623378353081
246.427819581099 -0.101481229229889
247.344554153085 -0.103473092602158
248.264699063551 -0.105438790177663
249.188266999274 -0.107378414707656
250.11527069423 -0.10929291306445
251.045722929764 -0.111182352848312
251.979636534771 -0.113046714853277
252.91702438587 -0.114886426513626
253.85789940758 -0.116701678112901
254.802274572504 -0.11849208166628
255.750162901502 -0.120257251148403
256.701577463874 -0.121996837280024
257.656531377538 -0.123710053232224
258.615037809212 -0.125396637729193
259.577109974596 -0.12705578039522
260.542761138553 -0.128687128808608
261.512004615294 -0.130290310768446
262.484853768559 -0.131865083189487
263.461322011801 -0.133411129108575
264.441422808376 -0.134928115201629
265.42516967172 -0.136415565767346
266.412576165545 -0.137873308328838
267.403655904018 -0.139300515642756
268.398422551953 -0.140696593480108
269.396889825 -0.142061467797604
270.39907148983 -0.143395260690647
271.404981364328 -0.144698055316325
272.414633317784 -0.145970672780082
273.428041271082 -0.147214105652224
274.445219196894 -0.148428985234099
275.466181119869 -0.149616447076052
276.490941116832 -0.15077739068582
277.519513316975 -0.151913089857051
278.551911902049 -0.153024199948452
279.588151106566 -0.154111293571245
280.628245217989 -0.155174981859118
281.672208576933 -0.156215571590317
282.720055577362 -0.157234149945873
283.771800666785 -0.158231569209049
284.827458346459 -0.159208874714493
285.887043171586 -0.160167011167148
286.950569751514 -0.16110714507024
288.018052749942 -0.16203035963416
289.089506885116 -0.162937621876382
290.164946930037 -0.16382948322445
291.244387712663 -0.164706289047938
292.327844116112 -0.165568408766839
293.41533107887 -0.166416178971431
294.506863594997 -0.16724990122824
295.602456714328 -0.168069904576828
296.702125542688 -0.168876464663735
297.805885242097 -0.169669556328865
298.913751030978 -0.170449559408824
300.025738184368 -0.171216553324127
301.14186203413 -0.171970440483197
302.262137969162 -0.172710772447895
303.386581435609 -0.173437271833809
304.51520793708 -0.174149162378678
305.648033034855 -0.17484638177577
306.785072348107 -0.175528620609493
307.926341554112 -0.176195569718884
309.071856388467 -0.176847052946642
310.221632645308 -0.177482294353654
311.375686177524 -0.182229507138766
312.534032896982 -0.186945057607979
313.69668877474 -0.191630471748681
314.86366984127 -0.196285040955256
316.03499218668 -0.200911164893251
317.210671960934 -0.205506557595671
318.390725374075 -0.210085064886485
319.57516869645 -0.214639151539218
320.764018258932 -0.219180122649185
321.957290453147 -0.223709414872929
323.1550017317 -0.228230746090365
324.3571686084 -0.232761682000237
325.563807658489 -0.237302162324868
326.774935518872 -0.241857496174974
327.990568888343 -0.246445578541152
329.210724527818 -0.251064782475384
330.435419260565 -0.255730498662198
331.664669972436 -0.260444307920878
332.898493612101 -0.265228501606567
334.136907191279 -0.270074550224407
335.379927784974 -0.274994803633574
336.627572531714 -0.27996495513519
337.879858633779 -0.284993310991646
339.136803357447 -0.290048350395839
340.398424033226 -0.295151555971719
341.664738056097 -0.300275234928678
342.935762885749 -0.30540378031565
344.211516046826 -0.310507181511255
345.492015129163 -0.315570981306653
346.777277788032 -0.320603324463765
348.067321744384 -0.325632605276473
349.362164785094 -0.330642494654622
350.661824763204 -0.335632641834964
351.966319598173 -0.340597823218118
353.275667276122 -0.345546053239801
354.58988585008 -0.350473031561427
355.908993440238 -0.355356562375812
357.233008234193 -0.360197508127509
358.561948487204 -0.364972223372485
359.895832522439 -0.369711672563988
361.234678731231 -0.37440083304072
362.578505573331 -0.379011440336939
363.927331577162 -0.383602685098251
365.281175340072 -0.388111714828757
366.640055528597 -0.392557761190083
368.003990878711 -0.396923270625568
369.373000196088 -0.401194199086929
370.747102356362 -0.405389641068039
372.126316305386 -0.409506836342983
373.510661059493 -0.413570030037904
374.900155705758 -0.417518959068928
376.294819402263 -0.421441911149253
377.694671378358 -0.425335097749611
379.099730934929 -0.429215964271208
380.510017444665 -0.433088548332094
381.92555035232 -0.436936907216715
383.346349174985 -0.440764756766926
384.772433502359 -0.44455747688553
386.203822997013 -0.448254350161329
387.640537394667 -0.451827150452823
389.082596504459 -0.455293204960543
390.530020209219 -0.458660482968032
391.982828465741 -0.461949088191694
393.441041305064 -0.465151110017165
394.904678832742 -0.468247270240604
396.373761229123 -0.471279124030244
397.848308749629 -0.474105110152083
399.328341725034 -0.476747426535739
400.813880561743 -0.479158723211067
402.304945742077 -0.4813520121998
403.801557824551 -0.483379380298511
405.303737444161 -0.485201467001564
406.811505312667 -0.486875516320478
408.324882218878 -0.488414861130324
409.843889028939 -0.489791683304886
411.368546686621 -0.491090906727535
412.898876213606 -0.492263181953702
414.434898709779 -0.493348896916894
415.976635353518 -0.49432070435698
417.524107401988 -0.495201109646419
419.077336191431 -0.495965953651472
420.636343137464 -0.496614555334729
422.20114973537 -0.497143041289023
423.771777560397 -0.497525793784156
425.348248268055 -0.497929027726485
426.930583594415 -0.498302422236003
428.518805356409 -0.498620265554077
430.112935452127 -0.498880438727288
431.712995861126 -0.499157909822658
433.319008644725 -0.499438633224925
434.930995946316 -0.499777411632525
436.548979991665 -0.500103459140788
438.172983089221 -0.500475392500592
439.803027630423 -0.500826776604396
441.439136090005 -0.501158849233671
443.081331026313 -0.501386894859347
444.72963508161 -0.501430633873836
446.384070982391 -0.501250943460069
448.044661539696 -0.50087204893485
449.711429649423 -0.50029121724281
451.384398292646 -0.49952389997499
453.063590535931 -0.498493402319914
454.749029531652 -0.4972909738596
456.440738518314 -0.495973359612015
458.138740820871 -0.494579305872313
459.843059851047 -0.493150428517855
461.55371910766 -0.491898447262494
463.270742176947 -0.490769924565712
464.994152732887 -0.489800317323775
466.723974537529 -0.488988955826432
468.460231441319 -0.488432259047461
470.202947383427 -0.488132883061444
471.952146392082 -0.487970110710987
473.707852584898 -0.487943498194596
475.470090169211 -0.488026175446929
477.238883442408 -0.488279305907205
479.014256792265 -0.488682155368793
480.796234697286 -0.489237132384456
482.584841727032 -0.489960243640169
484.38010254247 -0.490907768650521
486.182041896305 -0.492071677161989
487.990684633326 -0.493539863275404
489.806055690746 -0.495382472654516
491.628180098547 -0.497374289142817
493.457082979826 -0.499531023425564
495.292789551138 -0.501685280667807
497.135325122848 -0.503899314570133
498.984715099477 -0.506052815880542
500.840984980053 -0.508071823303222
502.704160358464 -0.509995996882157
504.574266923808 -0.511918288241393
506.451330460749 -0.513749621787284
508.335376849875 -0.515384097532301
510.226432068048 -0.516784034430364
512.124522188771 -0.518148794449549
514.029673382538 -0.519438165002556
515.941911917204 -0.52059115261957
517.86126415834 -0.521699123345977
519.787756569601 -0.522724305314194
521.721415713088 -0.523629058658319
523.662268249716 -0.524606515483259
525.610340939583 -0.525611896701285
527.565660642334 -0.526507748615713
529.528254317536 -0.527482415040544
531.498149025047 -0.528439682217626
533.475371925393 -0.529506912447384
535.459950280137 -0.530647775113872
537.451911452257 -0.531827882208564
539.451282906527 -0.53306665521997
541.45809220989 -0.53454012809088
543.472367031842 -0.536089292016498
545.49413514481 -0.537621338247752
547.523424424539 -0.539250389310176
549.560262850475 -0.540786136284749
551.604678506148 -0.542362336845599
553.656699579562 -0.543835159203108
555.716354363585 -0.545306625913068
557.783671256334 -0.546724373183642
559.858678761572 -0.548041712986521
561.941405489097 -0.549456770973911
564.03188015514 -0.550878707332673
566.130131582757 -0.552585489181973
568.236188702231 -0.554392136162737
570.350080551465 -0.556382922452344
572.471836276389 -0.558274656893666
574.601485131357 -0.560108160147834
576.739056479551 -0.561742382930238
578.88457979339 -0.563163637820029
581.038084654929 -0.564113044039794
583.199600756274 -0.564444160354671
585.369157899988 -0.564296249024488
587.5467859995 -0.563514212710448
589.732515079524 -0.562232691743194
591.926375276465 -0.560138172416818
594.128396838839 -0.557416928707214
596.338610127691 -0.554175841398415
598.557045617011 -0.550499568755167
600.783733894154 -0.546450240994995
603.018705660264 -0.541911463987951
605.261991730696 -0.536996689764228
607.513623035441 -0.531869170976192
609.773630619552 -0.526473454906334
612.042045643573 -0.5209667104332
614.318899383969 -0.515191150780133
616.604223233554 -0.509017354929583
618.898048701927 -0.502498257633109
621.200407415909 -0.495726474921707
623.51133111997 -0.48579831473851
625.830851676678 -0.47576356884094
628.159001067128 -0.465834371838292
630.49581139139 -0.456014373899293
632.841314868951 -0.44636085562432
635.195543839153 -0.43683471379641
637.558530761648 -0.427768048353458
639.930308216838 -0.418926762631886
642.310908906328 -0.410493238173596
644.700365653376 -0.402067826998031
647.098711403346 -0.393544057526012
649.505979224161 -0.385028174816856
651.922202306761 -0.376257437738156
654.347413965559 -0.367185008133516
656.781647638899 -0.357871159276277
659.224936889521 -0.348330468087561
661.677315405021 -0.338644934723196
664.138816998315 -0.328609781452714
666.609475608108 -0.318162340869795
669.089325299358 -0.307248085997025
671.578400263749 -0.296147995286084
674.076734820163 -0.284704892608686
676.584363415148 -0.272909473216336
679.101320623398 -0.260879135336594
681.627641148229 -0.248603217503262
684.163359822055 -0.236170903694999
686.708511606871 -0.223812843627219
689.263131594734 -0.211415543286749
691.827255008246 -0.198893035212948
694.400917201039 -0.186445124378764
696.984153658268 -0.173801667127242
699.576999997092 -0.161104864707495
702.179491967171 -0.148411020938719
704.791665451156 -0.135607585254758
707.413556465187 -0.122678682498179
710.045201159385 -0.109720832906191
712.686635818355 -0.0964799192842429
715.337896861682 -0.0830385983401385
717.999020844436 -0.0694049145859097
720.670044457676 -0.0558471102100979
723.351004528956 -0.0424149824002411
726.041938022828 -0.0288789592721042
728.74288204136 -0.0154271230232075
731.453873824642 -0.00196548902696936
734.174950751298 0.0113857883885853
736.906150339008 0.0245861722504399
739.647510245018 0.0375500167101848
742.399068266665 0.0504696008061476
745.160862341893 0.0633647334633789
747.932930549781 0.0757982526229277
750.715311111065 0.0882642007136685
753.508042388666 0.100805598583548
756.311162888217 0.11357884708773
759.124711258597 0.126528144823032
761.948726292463 0.139451752468132
764.783246926784 0.152531261715016
767.628312243377 0.165799935964165
770.483961469448 0.179127027100733
773.350233978131 0.192446545229969
776.227169289033 0.205744084765338
779.114807068777 0.218791291574304
782.01318713155 0.231732208843493
784.92234943965 0.244355736787197
787.842334104041 0.257050919911209
790.773181384902 0.269718585205387
793.714931692182 0.28244019253441
796.667625586163 0.295112399358132
799.63130377801 0.307856226158997
802.606007130343 0.320714822313926
805.591776657789 0.333726623126896
808.588653527558 0.346958364880243
811.596679060002 0.36017918506525
814.615894729193 0.373466178163887
817.646342163485 0.386896974426105
820.688063146098 0.400507575816221
823.741099615688 0.414123387704821
826.805493666926 0.427853506632005
829.881287551079 0.441880890144266
832.968523676594 0.456556363542919
836.06724460968 0.471331649183472
839.177493074898 0.486022582827641
842.299311955746 0.500423537019421
845.432744295255 0.515000156789441
848.577833296579 0.529643033529342
851.734622323592 0.544398011324752
854.903154901485 0.558892232190951
858.083474717367 0.572998723523476
861.275625620868 0.587004162793066
864.479651624742 0.601084324712448
867.695596905475 0.615239482521477
870.923505803893 0.629295062841241
874.163422825774 0.643276125664027
877.415392642464 0.657004809938517
880.679460091487 0.670325613704025
883.955670177168 0.683293644149801
887.244068071255 0.696090845868159
890.544699113535 0.708758287254145
893.857608812465 0.721073640696963
897.1828428458 0.73315375574825
900.520447061216 0.744919557383589
903.870467476951 0.75622107744127
907.232950282432 0.767380776630344
910.607941838916 0.778550925350241
913.99548868013 0.789592003185211
917.395637512907 0.800341927199351
920.808435217838 0.811081040166247
924.233928849912 0.821645499979554
927.672165639167 0.83216001659116
931.12319299134 0.842646962312553
934.587058488525 0.853291352831482
938.063809889823 0.864319686857149
941.553495132005 0.875570775235103
945.056162330171 0.886859140447123
948.571859778412 0.897771327262634
952.100635950479 0.908561151071271
955.64253950045 0.919067199498392
959.197619263401 0.929251188200945
962.765924256078 0.939068505613683
966.347503677575 0.948632068417976
969.942406910009 0.957762796373571
973.550683519207 0.966594538076153
977.172383255382 0.975288558013146
980.807556053824 0.9838547558303
984.456252035586 0.992335058431106
988.118521508177 1.00057206558237
991.794414966255 1.00867517173012
995.483983092322 1.01653801903166
999.187276757423 1.02443662246044
1002.90434702185 1.03241972518122
1006.63524513584 1.04027271867228
1010.3800225403 1.04810504199633
1014.13873086747 1.05562332762382
1017.9114219417 1.06292929818835
1021.69814778013 1.07021010010185
1025.49896059337 1.07740315188899
1029.31391278631 1.08440397322056
1033.14305695876 1.09110916873357
1036.98644590621 1.09742014036641
1040.84413262056 1.10355169841357
1044.71617029083 1.10934159221342
1048.60261230394 1.11474893709259
1052.50351224539 1.11974933237049
1056.41892390001 1.12464712803324
1060.34890125276 1.12955418543257
1064.29349848938 1.13430412202778
1068.25276999721 1.13857855522424
1072.22677036593 1.14237853490968
1076.21555438826 1.14585786643953
1080.21917706079 1.14947773541256
1084.23769358469 1.15308218993536
1088.27115936647 1.1565683582439
1092.31963001878 1.15978346328333
1096.38316136114 1.1627383324463
1100.46180942073 1.16548349903371
1104.55563043316 1.16787483140037
1108.66468084322 1.1700123030471
1112.7890173057 1.17206209375887
1116.92869668616 1.17386790684368
1121.08377606168 1.17578201328009
1125.25431272169 1.17753706164995
1129.44036416873 1.17944876479987
1133.64198811927 1.18134733597694
1137.85924250447 1.18324519817805
1142.09218547102 1.18495857065207
1146.34087538191 1.18641735540585
1150.60537081725 1.18784310600689
1154.88573057506 1.18906339141492
1159.18201367212 1.19008827490473
1163.49427934474 1.19118191770287
1167.8225870496 1.19238435881557
1172.16699646455 1.1936104917522
1176.52756748948 1.19493233800318
1180.90436024707 1.19560117951727
1185.2974350837 1.19591264188945
1189.70685257023 1.19612770800138
1194.13267350285 1.19628878976114
1198.5749589039 1.19611300442672
1203.03377002276 1.19558828031533
1207.50916833664 1.19490871759471
1212.00121555147 1.19420669580454
1216.50997360271 1.19386774817233
1221.03550465623 1.19389443511115
1225.57787110919 1.19406932834989
1230.13713559085 1.19393621199391
1234.71336096344 1.19378074917173
1239.30661032308 1.19307126734229
1243.9169470006 1.19231284909413
1248.54443456241 1.19136027638969
1253.18913681141 1.1904334926088
1257.85111778785 1.18959670297512
1262.53044177021 1.18835608314824
1267.22717327611 1.18708285191722
1271.94137706315 1.18583366956084
1276.67311812987 1.18478153036798
1281.42246171659 1.18374750525344
1286.18947330632 1.18252421224903
1290.97421862569 1.18078429488413
1295.77676364585 1.17893503406147
1300.59717458334 1.1770610080438
1305.43551790105 1.1750770053494
1310.29186030912 1.17311676341717
1315.16626876584 1.171371746049
1320.05881047861 1.16999927550948
1324.96955290485 1.16879704620241
1329.8985637529 1.16749017092317
1334.84591098301 1.1658601848498
1339.81166280824 1.16426928672464
1344.79588769541 1.16263303301673
1349.79865436604 1.16088981896143
1354.82003179729 1.15930180940225
1359.86008922295 1.15756748829279
1364.91889613434 1.1557021019023
1369.9965222813 1.15356510719388
1375.09303767316 1.15151226035508
1380.20851257966 1.14942249587678
1385.343017532 1.14734419960209
1390.49662332371 1.14515631252682
1395.6694010117 1.14285917908375
1400.86142191724 1.14056828579502
1406.07275762689 1.13807425362201
1411.30347999353 1.13541300477602
1416.55366113734 1.13259511885201
1421.82337344679 1.12936430779471
1427.11268957965 1.12583964863443
1432.42168246399 1.12217137041451
1437.75042529915 1.11835284698886
1443.09899155681 1.11426122296531
1448.46745498195 1.10974625001689
1453.85588959391 1.10501803077334
1459.26436968736 1.09988381283316
1464.69296983337 1.09450391276459
1470.14176488043 1.08883403351877
1475.61082995546 1.08277654120918
1481.10024046487 1.07667091515125
1486.61007209556 1.07076239661701
1492.14040081604 1.0647487050879
1497.69130287738 1.05864686489122
1503.26285481435 1.05227961283915
1508.85513344643 1.04548755147047
1514.46821587884 1.03849785815979
1520.10217950369 1.0315142757247
1525.75710200096 1.02426899680558
1531.43306133963 1.016488359733
1537.1301357787 1.0081929015368
1542.84840386835 0.999774071784646
1548.58794445092 0.991270758303074
1554.34883666208 0.982618416682126
1560.1311599319 0.974050994483303
1565.93499398592 0.965479877408419
1571.76041884628 0.956940105079132
1577.60751483278 0.948172276873392
1583.47636256406 0.939173384988166
1589.36704295864 0.930034203287699
1595.27963723608 0.920444522331945
1601.21422691806 0.910718909810801
1607.17089382956 0.900557912153356
1613.14972009994 0.88975592218137
1619.15078816409 0.878761176377157
1625.17418076356 0.867310148130446
1631.21998094772 0.85571550221829
1637.28827207488 0.843983951785076
1643.37913781346 0.831946267955265
1649.49266214312 0.819585484714245
1655.62892935595 0.806444808007469
1661.7880240576 0.792508698166563
1667.97003116847 0.7781293956747
1674.17503592487 0.76337188205077
1680.40312388019 0.748375345529496
1686.6543809061 0.732734508778776
1692.9288931937 0.716489412393947
1699.22674725475 0.699999125730414
1705.54802992284 0.683272731467492
1711.89282835457 0.666352280734243
1718.26123003079 0.649209743291774
1724.65332275779 0.631508217537868
1731.06919466848 0.613317692341008
1737.50893422366 0.594932997591388
1743.9726302132 0.576108266862862
1750.46037175728 0.557414245480253
1756.97224830763 0.53891790343352
1763.50834964871 0.520267959617594
1770.06876589903 0.501637408722182
1776.65358751231 0.482797937514485
1783.26290527881 0.464006776563783
1789.8968103265 0.445288396965303
1796.55539412237 0.426887909819578
1803.23874847367 0.40850563483189
1809.94696552921 0.389964138696259
1816.68013778055 0.371524440221378
1823.43835806337 0.353381104134592
1830.22171955869 0.335721153366723
1837.03031579418 0.318192739964575
1843.86424064544 0.301011923280271
1850.72358833728 0.283936816027131
1857.60845344505 0.267091585892023
1864.51893089594 0.250034858674195
1871.45511597026 0.232480213245205
1878.41710430278 0.214683343700952
1885.40499188403 0.196990631925284
1892.41887506164 0.179428913649345
1899.45885054167 0.161846378306292
1906.52501538993 0.144510299764821
1913.61746703332 0.127312453819638
1920.73630326118 0.110570454758867
1927.88162222663 0.0938464342622121
1935.05352244795 0.0775151250824333
1942.25210280989 0.0613179975757481
1949.47746256507 0.0453428371797626
1956.72970133535 0.0296147722330593
1964.00891911318 0.0142596553246115
1971.315216263 -0.000761737003446505
1978.6486935226 -0.0155143105718309
1986.00945200454 -0.0303311326529148
1993.39759319752 -0.0452148198471356
2000.8132189678 -0.0598384557591825
2008.25643156057 -0.0744025794002257
2015.7273336014 -0.0890063658970091
2023.22602809763 -0.103520353146944
2030.75261843979 -0.117944068521631
2038.30720840305 -0.132038145678605
2045.88990214862 -0.145635985414906
2053.50080422521 -0.158726818251277
2061.14001957043 -0.171616260028789
2068.80765351232 -0.184088093599168
2076.5038117707 -0.19636091417251
2084.22860045872 -0.208274690675164
2091.98212608424 -0.219404190667336
2099.76449555137 -0.230496194444453
2107.57581616189 -0.241607300098575
2115.41619561679 -0.252363355568348
2123.28574201767 -0.262734321812372
2131.18456386831 -0.27251099757461
2139.11277007613 -0.281748511681802
2147.07046995368 -0.290415397760452
2155.05777322019 -0.298678447472636
2163.07479000302 -0.306914417118058
2171.12163083925 -0.314423031775174
2179.19840667714 -0.321101093471352
2187.30522887772 -0.327705295053478
2195.44220921625 -0.334021507040379
2203.60945988384 -0.339833750784963
2211.80709348895 -0.345183414499173
2220.03522305895 -0.350032806668921
2228.29396204169 -0.354423184406317
2236.58342430704 -0.358744222681611
2244.90372414851 -0.362734320698691
2253.25497628476 -0.36665138959396
2261.63729586123 -0.370461153493607
2270.0507984517 -0.374266672021559
2278.49560005991 -0.37783931821829
2286.97181712113 -0.381082660125346
2295.4795665038 -0.383986037680049
2304.0189655111 -0.386669568183297
2312.59013188261 -0.389247629231386
2321.19318379588 -0.391941776950219
2329.82823986813 -0.394758268643823
2338.49541915782 -0.39778686833785
2347.19484116633 -0.400663609693761
2355.9266258396 -0.403644207272917
2364.69089356977 -0.406631403760959
2373.48776519685 -0.40957479203567
2382.3173620104 -0.412512405029534
2391.17980575117 -0.414943026145535
2400.07521861281 -0.417038562056677
2409.00372324354 -0.418907951264735
2417.96544274784 -0.420763745122601
2426.96050068814 -0.422850991427339
2435.98902108656 -0.425115078681834
2445.05112842657 -0.427181830363992
2454.14694765475 -0.429630054717189
2463.27660418247 -0.431969632856215
2472.44022388765 -0.434096935760529
2481.63793311651 -0.436381857582222
2490.86985868525 -0.438425731311845
2500.13612788187 -0.440305030060147
2509.43686846789 -0.441751771378834
2518.7722086801 -0.443171317271117
2528.14227723234 -0.44437270933017
2537.54720331731 -0.445624971442258
2546.98711660828 -0.446921154319769
2556.46214726094 -0.447823333504342
2565.97242591516 -0.448553245660444
2575.51808369681 -0.449117474364303
2585.09925221956 -0.449833700710696
2594.7160635867 -0.450561206493628
2604.36865039294 -0.451239223707709
2614.05714572626 -0.45186618029065
2623.78168316975 -0.452443451729202
2633.54239680345 -0.453285107975412
2643.33942120615 -0.454232195682684
2653.17289145733 -0.454914565193246
2663.04294313896 -0.455605756839631
2672.94971233738 -0.456285474972544
2682.89333564519 -0.456958493172491
2692.87395016314 -0.457473744642641
2702.89169350199 -0.458202531147784
2712.94670378444 -0.459105973354661
2723.03911964699 -0.45984057789074
2733.16908024193 -0.460671204766459
2743.33672523916 -0.461393751694426
2753.54219482819 -0.462064843868579
2763.78562972005 -0.46241607735585
2774.06717114922 -0.462874122926773
2784.38696087559 -0.46344395801841
2794.74514118641 -0.463958655687575
2805.14185489824 -0.464779618779517
2815.57724535896 -0.465338431597549
2826.05145644968 -0.466060827761735
2836.56463258679 -0.466624966501214
2847.11691872391 -0.467558531959433
2857.7084603539 -0.468232247323646
2868.33940351088 -0.468905122462379
2879.00989477221 -0.469468030680602
2889.72008126055 -0.47004734864662
2900.47011064586 -0.470618683284219
2911.26013114745 -0.471124383132793
2922.09029153602 -0.471295673910777
2932.9607411357 -0.47134729499332
2943.87162982615 -0.470911550808645
2954.82310804455 -0.470424118711433
2965.81532678776 -0.469664651747776
2976.84843761435 -0.468353410899789
2987.9225926467 -0.46698722262582
2999.0379445731 -0.465566927409955
3010.19464664985 -0.464148135735014
3021.39285270338 -0.462566007030992
3032.63271713238 -0.460821673251125
3043.91439490991 -0.459132019523942
3055.23804158553 -0.457012606640617
3066.60381328749 -0.454680744972858
3078.01186672482 -0.45240592105344
3089.46235918954 -0.449859448648816
3100.95544855881 -0.447422875818964
3112.4912932971 -0.444983199318569
3124.07005245839 -0.442273443133979
3135.69188568836 -0.439616352368167
3147.35695322657 -0.437120551351028
3159.0654159087 -0.43479207609336
3170.81743516875 -0.432514435099591
3182.61317304128 -0.430291563122988
3194.45279216361 -0.427632751593592
3206.3364557781 -0.424864497192597
3218.26432773439 -0.421885062574384
3230.23657249166 -0.418960938096804
3242.25335512088 -0.415933701307068
3254.3148413071 -0.413021342215578
3266.42119735174 -0.410112554211691
3278.57259017489 -0.407372048680678
3290.76918731757 -0.404742885458923
3303.01115694409 -0.401906782239449
3315.29866784434 -0.39923949596118
3327.63188943612 -0.396313759768558
3340.01099176749 -0.393458017558775
3352.43614551909 -0.390609778739515
3364.90752200653 -0.387987408339367
3377.42529318271 -0.385039856714819
3389.98963164021 -0.382256045121125
3402.60071061369 -0.379634441006816
3415.25870398225 -0.376859303032015
3427.96378627182 -0.374260227132636
3440.71613265761 -0.371774955570754
3453.51591896648 -0.369496886016625
3466.36332167938 -0.367341156218737
3479.25851793381 -0.365182836850686
3492.20168552621 -0.363180896868865
3505.19300291445 -0.361179354401113
3518.23264922029 -0.358908855492461
3531.32080423182 -0.356647019288371
3544.45764840598 -0.354641078325252
3557.64336287101 -0.352742414508327
3570.87812942896 -0.350953302451163
3584.16213055823 -0.349004229125869
3597.49554941602 -0.347007760928697
3610.87856984091 -0.344696352574179
3624.31137635539 -0.342499304674737
3637.79415416837 -0.34041063680418
3651.32708917776 -0.338215925966389
3664.91036797302 -0.336138260268428
3678.54417783777 -0.333947152293726
3692.2287067523 -0.332176489347499
3705.96414339624 -0.330239452899046
3719.75067715111 -0.328519226024524
3733.58849810294 -0.326651544966448
3747.47779704492 -0.324723515726127
3761.41876547999 -0.322957092658014
3775.4115956235 -0.320914025240912
3789.45648040586 -0.318929001500064
3803.55361347522 -0.317041467297286
3817.70318920008 -0.315261172566419
3831.90540267205 -0.313635043303369
3846.16044970847 -0.311949837823876
3860.46852685515 -0.310271588023628
3874.82983138907 -0.308598472147275
3889.24456132109 -0.306977389236862
3903.7129153987 -0.305290719192137
3918.23509310874 -0.303761815379278
3932.81129468018 -0.302284279873239
3947.44172108682 -0.300795488182598
3962.12657405015 -0.299425558969881
3976.86605604205 -0.298006815745108
3991.66037028761 -0.296584314605219
4006.50972076797 -0.295418037924062
4021.41431222307 -0.294319501596439
4036.37435015451 -0.293258587221846
4051.39004082838 -0.292301918096467
4066.46159127809 -0.291127290828176
4081.58920930724 -0.2904806274409
4096.77310349248 -0.289554529185859
4112.01348318638 -0.288738708969065
4127.31055852032 -0.287758993095437
4142.6645404074 -0.286685369640738
4158.07564054532 -0.285505575304044
4173.54407141932 -0.284324068104446
4189.07004630512 -0.283084484895825
4204.65377927183 -0.281728417611425
4220.29548518492 -0.280481862915096
4235.99537970918 -0.279178073331382
4251.7536793117 -0.27803172984973
4267.57060126484 -0.276879991311549
4283.44636364922 -0.275724546814047
4299.38118535678 -0.274728640702213
4315.37528609372 -0.273621666588335
4331.42888638358 -0.272565566011199
4347.54220757028 -0.271665854107198
4363.71547182114 -0.270705834590594
4379.94890212999 -0.269641546300905
4396.24272232018 -0.268630429710988
4412.59715704774 -0.267830210307047
4429.01243180443 -0.267510654550724
4445.48877292084 -0.267404138766033
4462.02640756957 -0.267246387987846
4478.62556376828 -0.266978654448663
4495.28647038291 -0.266712230116546
4512.0093571308 -0.266495123600926
4528.79445458383 -0.26617058680487
4545.64199417167 -0.266277210148171
4562.5522081849 -0.266490215526993
4579.52532977826 -0.267026353832125
4596.56159297383 -0.267777844847128
4613.6612326643 -0.268634552228042
4630.82448461615 -0.269597211197142
4648.05158547297 -0.270561334754586
4665.34277275865 -0.271683724158526
4682.69828488072 -0.273075411531223
4700.11836113359 -0.274839947623911
4717.60324170188 -0.276654087612623
4735.15316766371 -0.278783285052588
4752.76838099403 -0.281015156357789
4770.44912456798 -0.283455389690932
4788.1956421642 -0.286215519685563
4806.00817846821 -0.289138912342248
4823.88697907579 -0.292121154272563
4841.83229049635 -0.295158835635156
4859.84436015636 -0.298461966697277
4877.92343640271 -0.30192443531168
4896.06976850618 -0.305067630203991
4914.28360666486 -0.308472017737789
4932.5652020076 -0.311972843841282
4950.91480659747 -0.315623863763506
4969.33267343524 -0.319595896184261
4987.81905646287 -0.323367767723129
5006.374210567 -0.327557200586474
5024.99839158248 -0.331703512440327
5043.69185629588 -0.335638288981501
5062.45486244905 -0.339573362572033
5081.28766874266 -0.343667218086686
5100.19053483977 -0.347607254454128
5119.16372136941 -0.35180685260918
5138.20748993018 -0.355897289803065
5157.32210309384 -0.360202330556757
5176.50782440896 -0.364188602760565
5195.76491840452 -0.368284574361691
5215.09365059358 -0.372687970399901
5234.49428747691 -0.376883977924313
5253.96709654673 -0.381440514154194
5273.51234629033 -0.385829213759949
5293.1303061938 -0.390324496916397
5312.82124674575 -0.394491470867406
5332.58543944101 -0.398822581417711
5352.42315678444 -0.403251252488141
5372.3346722946 -0.407686982617887
5392.32026050759 -0.412170148234412
5412.38019698081 -0.416753206939622
5432.51475829674 -0.421288839743497
5452.72422206679 -0.42582914944092
5473.00886693511 -0.430364299616418
5493.36897258242 -0.434999258508997
5513.80481972988 -0.439742595309816
5534.31669014299 -0.44443840401977
5554.9048666354 -0.448978185122401
5575.56963307287 -0.453689508635379
5596.31127437719 -0.458352279756833
5617.13007653004 -0.462592024951007
5638.02632657703 -0.467046986948857
5659.00031263156 -0.471556150393551
5680.05232387887 -0.475635338356106
5701.18265057998 -0.479875155328806
5722.39158407572 -0.483750428446745
5743.67941679072 -0.487741557474022
5765.04644223748 -0.491307010820892
5786.49295502037 -0.49514379247583
5808.01925083973 -0.498827195711526
5829.62562649593 -0.502577866381871
5851.31237989346 -0.506068168160702
5873.07981004505 -0.509507284674483
5894.92821707578 -0.512942576127866
5916.85790222723 -0.516113419161194
5938.86916786162 -0.519719832646219
5960.96231746598 -0.522953536354092
5983.13765565636 -0.526348374706411
6005.395488182 -0.529693373270125
6027.73612192954 -0.532886829834043
6050.1598649273 -0.536026065417306
6072.66702634946 -0.539167122129086
6095.25791652038 -0.542205595012462
6117.93284691885 -0.545242278074101
6140.69213018238 -0.548059405215246
6163.53608011154 -0.551269797151637
6186.46501167426 -0.554151354421609
6209.47924101016 -0.557264973802799
6232.57908543496 -0.560112801109288
6255.7648634448 -0.563130040778352
6279.03689472068 -0.566037068382132
6302.39550013281 -0.56844915436225
6325.84100174511 -0.571139622086127
6349.37372281957 -0.573614996835613
6372.99398782075 -0.57647670956179
6396.70212242028 -0.579182925301262
6420.49845350128 -0.58227583505407
6444.38330916293 -0.585097606971003
6468.35701872496 -0.587805043701892
6492.4199127322 -0.590395443874494
6516.57232295915 -0.592877628613251
6540.81458241452 -0.595305024313566
6565.14702534586 -0.597347287955738
6589.56998724415 -0.599661283087074
6614.08380484842 -0.601640908573007
6638.68881615042 -0.603616718065467
6663.38536039924 -0.605481726263693
6688.17377810601 -0.607235158502736
6713.05441104861 -0.608657277161502
6738.02760227635 -0.609860957722629
6763.09369611472 -0.610846448294867
6788.25303817014 -0.611340827441767
6813.5059753347 -0.611506005992415
6838.85285579099 -0.611342391377154
6864.29402901684 -0.610902136561884
6889.82984579019 -0.610129725778264
6915.4606581939 -0.609030645010642
6941.18681962062 -0.607708544333583
6967.00868477764 -0.606653915730535
6992.92660969181 -0.605547853993968
7018.94095171442 -0.604337703945596
7045.05206952614 -0.602974709194539
7071.26032314197 -0.602037558886407
7097.56607391621 -0.600516288451394
7123.96968454742 -0.599314223310801
7150.47151908342 -0.598385521922564
7177.07194292636 -0.597460583085782
7203.77132283768 -0.596913834694595
7230.57002694323 -0.596312975309708
7257.46842473831 -0.595605833711735
7284.46688709279 -0.594738081498067
7311.5657862562 -0.594143270992042
7338.76549586288 -0.593603503062224
7366.06639093713 -0.593006990768132
7393.46884789835 -0.592624493446027
7420.97324456628 -0.591920982146814
7448.57996016619 -0.591535702480614
7476.28937533407 -0.590835428977832
7504.10187212195 -0.590452476739868
7532.0178340031 -0.590023144216659
7560.03764587737 -0.589798954040348
7588.16169407645 -0.589426670295214
7616.39036636925 -0.589314057958671
7644.72405196718 -0.589201706078279
7673.16314152958 -0.589201706078279
7701.70802716907 -0.589043361056103
7730.35910245697 -0.589252595120669
7759.11676242871 -0.589514776864535
7787.98140358931 -0.589936642007287
7816.95342391881 -0.590259300455318
7846.03322287777 -0.590848397496851
7875.22120141279 -0.591491358991035
7904.51776196203 -0.592131563395119
7933.92330846076 -0.592824624489086
7963.4382463469 -0.593462521195684
7993.06298256668 -0.593938612764134
8022.79792558017 -0.594414730429584
8052.64348536698 -0.594627238696956
8082.60007343185 -0.594735507662524
8112.66810281039 -0.595210027201998
8142.84798807473 -0.595583272778528
8173.14014533922 -0.59621634919549
8203.54499226624 -0.596800780304537
8234.06294807188 -0.597543716088046
8264.69443353176 -0.598656942218346
8295.43987098684 -0.600245831511584
8326.29968434921 -0.602311218940008
8357.27429910795 -0.604543399579077
8388.36414233502 -0.607091465051357
8419.56964269112 -0.6098044189876
8450.89123043159 -0.612992087759054
8482.32933741237 -0.616279576573636
8513.88439709597 -0.619513581826949
8545.55684455738 -0.62343261527181
8577.34711649014 -0.627556266539469
8609.25565121232 -0.631941309334859
8641.28288867257 -0.636855290910548
8673.42927045619 -0.642039488856556
8705.69523979124 -0.647370226656155
8738.0812415546 -0.653077793527433
8770.58772227814 -0.658520017798322
8803.2151301549 -0.664010705751637
8835.96391504519 -0.669441404562376
8868.83452848289 -0.674916764697256
8901.82742368161 -0.68035625496155
8934.94305554094 -0.685851143916853
8968.18188065276 -0.691186789407515
9001.54435730751 -0.69679524340477
9035.03094550052 -0.702193835254588
9068.64210693833 -0.70758859646721
9102.37830504507 -0.712656779479079
9136.24000496888 -0.717940088008032
9170.22767358826 -0.723281052694588
9204.34177951857 -0.728301131285894
9238.58279311844 -0.733266877200383
9272.9511864963 -0.738286443862211
9307.44743351684 -0.743360800345894
9342.07200980759 -0.748222536735401
9376.82539276547 -0.752914659987643
9411.70806156333 -0.757443070394309
9446.72049715662 -0.76173809495548
9481.86318228997 -0.76609026990598
9517.13660150386 -0.769928448510152
9552.54124114133 -0.774001728918408
9588.07758935464 -0.77774915976268
9623.74613611202 -0.781391120948996
9659.54737320446 -0.785206419425849
9695.48179425241 -0.788924337415009
9731.54989471268 -0.792108973529883
9767.75217188519 -0.795198627644012
9804.08912491989 -0.798078298744651
9840.5612548236 -0.800861448854774
9877.16906446693 -0.8033278676178
9913.91305859123 -0.805534098605908
9950.79374381551 -0.807696842117306
9987.81162864349 -0.809758376490144
10024.9672234705 -0.81154839195171
10062.2610405907 -0.813450011105806
10099.6935942039 -0.815359568251367
10137.265400423 -0.817264360996392
10174.9769772805 -0.819167249417806
10212.8288447364 -0.821007439992716
10250.8215246849 -0.823002378369501
10288.9555409616 -0.825259046340017
10327.231419351 -0.827995391497479
10365.6496875932 -0.830766964003727
10404.210875392 -0.833423761809029
10442.9155144215 -0.835819680462264
10481.7641383337 -0.837891613226109
10520.7572827658 -0.840025302631564
10559.8954853477 -0.84203763417581
10599.1792857094 -0.844056067646425
10638.6092254881 -0.846234391342483
10678.1858483363 -0.848193286203065
10717.9096999286 -0.850532277456521
10757.7813279699 -0.852760350244769
10797.8012822023 -0.854832641823364
10837.9701144131 -0.857066285708367
10878.2883784424 -0.859025944173174
10918.7566301905 -0.861156637104153
10959.3754276259 -0.862970444478401
11000.1453307925 -0.864780457747889
11041.0669018179 -0.866735324382056
11082.1407049206 -0.868857253262196
11123.3673064183 -0.87103415044681
11164.7472747353 -0.873316759760982
11206.2811804106 -0.875481610505328
11247.9695961055 -0.877917797672158
11289.8130966117 -0.880195321594636
11331.8122588594 -0.882422932155963
11373.9676619248 -0.884603041405295
11416.2798870383 -0.886785031907248
11458.7495175926 -0.889290307035107
11501.3771391508 -0.891735393620495
11544.1633394541 -0.894232613056221
11587.1087084304 -0.896787020470362
11630.213838202 -0.899716922202913
11673.4793230941 -0.902751631140352
11716.9057596427 -0.905999614500792
11760.4937466031 -0.909291586724686
11804.2438849579 -0.912642603351829
11848.1567779254 -0.91598782151239
11892.2330309682 -0.919503121823641
11936.473251801 -0.923065885400069
11980.8780503993 -0.926793961182345
12025.4480390078 -0.930731185705186
12070.1838321489 -0.935027208157826
12115.0860466309 -0.939428721955654
12160.1553015568 -0.944088559610175
12205.3922183327 -0.94879460866096
12250.7974206764 -0.953803253838876
12296.371534626 -0.959167673533833
12342.1151885484 -0.964832633529806
12388.0290131483 -0.970705164722867
12434.1136414765 -0.977153032926864
12480.3697089389 -0.98380021696984
12526.7978533051 -0.990891858977601
12573.3987147173 -0.998086497151778
12620.1729356991 -1.00562817310769
12667.1211611643 -1.01348752056805
12714.244038426 -1.02118496287015
12761.5422172051 -1.0291531376806
12809.0163496398 -1.03711944791859
12856.667090294 -1.04516815227732
12904.495096167 -1.05317192337665
12952.5010267019 -1.06092246387034
13000.6855437952 -1.068693683567
13049.0493118056 -1.07638894838563
13097.5929975632 -1.08420904703108
13146.317270379 -1.09177337400144
13195.2228020538 -1.09929214758616
13244.3102668874 -1.10687339038446
13293.5803416882 -1.11426327160968
13343.0337057825 -1.12193051607547
13392.6710410235 -1.12939053418175
13442.4930318013 -1.1374685241248
13492.5003650516 -1.14523252660119
13542.6937302658 -1.15318982411486
13593.0738195003 -1.16164180083844
13643.6413273859 -1.17026810102773
13694.3969511376 -1.17895797100351
13745.3413905639 -1.18788441753989
13796.4753480769 -1.19734178380269
13847.7995287016 -1.20704120293553
13899.3146400859 -1.21674976946498
13951.02139251 -1.22644803555908
14002.9204988965 -1.23628518737044
14055.0126748202 -1.24611552932397
14107.2986385179 -1.25589751219649
14159.7791108982 -1.26553278686291
14212.4548155516 -1.27100207011788
14265.3264787606 -1.2762428856574
14318.3948295092 -1.28153381226446
14371.6605994936 -1.28676436182981
14425.1245231318 -1.29211145808478
14478.7873375739 -1.2975768069864
14532.6497827125 -1.30310023539677
14586.7126011923 -1.30843461261344
14640.9765384209 -1.31365035133079
14695.442342579 -1.31875204655027
14750.1107646304 -1.32362457960801
14804.9825583328 -1.32873884601138
14860.0584802475 -1.33390346205477
14915.3392897509 -1.33931652068679
14970.8257490437 -1.34467925105991
15026.5186231627 -1.35010197281012
15082.4186799901 -1.35565702409353
15138.5266902652 -1.3610848503591
15194.8434275942 -1.36644918785766
15251.3696684613 -1.37162913799179
15308.1061922393 -1.37673044952255
15365.0537812003 -1.38184166109443
15422.2132205266 -1.38681189244882
15479.5852983214 -1.39158840745398
15537.1708056196 -1.39654020837355
15594.9705363991 -1.40168060313041
15652.9852875913 -1.40637036930032
15711.2158590922 -1.41091657655349
15769.6630537736 -1.41538057201289
15828.327677494 -1.42016974040886
15887.2105391099 -1.42475517971604
15946.3124504865 -1.4293374305496
16005.6342265097 -1.43398158191378
16065.1766850963 -1.43862292908728
16124.9406472063 -1.44346560211201
16184.9269368535 -1.44822185118358
16245.1363811172 -1.45311631881401
16305.5698101534 -1.45807922127227
16366.2280572065 -1.46297546229056
16427.1119586206 -1.46785755767829
16488.2223538509 -1.47266111559329
16549.5600854758 -1.47723611227543
16611.1259992079 -1.4817931780255
16672.9209439061 -1.48598433188192
16734.9457715869 -1.4903741428167
16797.2013374366 -1.49431508056112
16859.6884998228 -1.49837404620194
16922.4081203063 -1.50189393685059
16985.3610636531 -1.5057547185929
17048.5481978459 -1.50928738375332
17111.9703940967 -1.5122662920963
17175.6285268585 -1.5152026615577
17239.523473837 -1.5177241167304
17303.6561160034 -1.52034790041328
17368.027337606 -1.52262222456697
17432.6380261827 -1.5247688692099
17497.489072573 -1.52695039018635
17562.5813709306 -1.52893019108226
17627.9158187353 -1.53101506412829
17693.4933168058 -1.53311999050891
17759.3147693119 -1.53519175754493
17825.3810837868 -1.53737130024956
17891.6931711401 -1.53943285844575
17958.2519456698 -1.5412986183653
18025.0583250755 -1.54334943407825
18092.1132304703 -1.54535682493052
18159.4175863943 -1.54716341539262
18226.9723208268 -1.54899325116548
18294.7783651994 -1.55077446516934
18362.8366544084 -1.55275476760747
18431.1481268284 -1.55452439513847
18499.7137243246 -1.55648278197341
18568.5343922661 -1.55839230045676
18637.6110795389 -1.56059563645124
18706.9447385587 -1.56266183772067
18776.5363252847 -1.56459317193554
18846.3867992321 -1.56654107313068
18916.4971234854 -1.56852516466779
18986.8682647123 -1.57016757991932
19057.5011931763 -1.57212164438071
19128.3968827505 -1.57393812473574
19199.5563109307 -1.57643526449657
19270.9804588494 -1.57880302354475
19342.6703112886 -1.58141712349838
19414.6268566943 -1.58458173227225
19486.851087189 -1.58849378065959
19559.3439985865 -1.59212377246522
19632.1065904049 -1.59573288546789
19705.1398658807 -1.60001718378489
19778.4448319822 -1.60490933382228
19852.0224994243 -1.61004904038658
19925.8738826813 -1.6149038641017
20000.0000000017 -1.62051572632986
