10 8.27483463287354
10.0372009367102 8.26977824408244
10.0745402643896 8.23836404095468
10.1120184978655 8.18536675383044
10.1496361538807 8.13246170891444
10.1873937510998 8.0798946092787
10.2252918101175 8.02828651806464
10.2633308534646 7.97675461044633
10.3015114056161 7.92530251142643
10.3398339929981 7.87458162795234
10.3782991439948 7.82401463663297
10.4169073889563 7.7735156002191
10.4556592602056 7.7236934065672
10.4945552920458 7.67442010913446
10.5335960207679 7.62520363217963
10.5727819846578 7.57627912389902
10.6121137240039 7.5282309458972
10.6515917811047 7.48023281343303
10.6912167002759 7.43228217205964
10.7309890278581 7.38498738582699
10.7709093122244 7.33781909608335
10.8109781037879 7.29069499587363
10.8511959550093 7.24420538344737
10.8915634204045 7.19823407572932
10.9320810565522 7.1523034066493
10.9727494221018 7.10655959990167
11.0135690777806 7.06139447119939
11.0545405864021 7.01626592164133
11.0956645128736 6.97117141137146
11.1369414242037 6.92699716314111
11.1783718895104 6.88296126009782
11.2199564800288 6.83875933654055
11.2616957691193 6.7951961529343
11.3035903322749 6.75206802035715
11.3456407471298 6.70896093121829
11.3878475934668 6.66610033627683
11.4302114532258 6.62400112028043
11.4727329105113 6.58192312290109
11.515412551601 6.53986480274594
11.5582509649534 6.49841825601463
11.6012487412161 6.45705938332878
11.6444064732342 6.41571841016311
11.6877247560581 6.37507706209807
11.7312041869517 6.33509478791257
11.774845365401 6.29527403884259
11.818648893122 6.2557581678453
11.8626153740693 6.21691102539421
11.9067454144441 6.17821272060703
11.9510396227028 6.13966152595813
11.9954986095653 6.10182432408717
12.0401229880234 6.06419658477771
12.0849133733495 6.02670469036877
12.1298703831044 5.98998501495243
12.1749946371469 5.95386730134145
12.2202867576412 5.91787593834368
12.2657473690664 5.88220668781536
12.3113770982243 5.84729656410681
12.3571765742489 5.8125034944071
12.4031464286144 5.77782750016915
12.4492872951442 5.74381550991347
12.4955998100196 5.70998044180147
12.5420846117884 5.67625480876749
12.5887423413741 5.63760321411571
12.6355736420843 5.59985378861274
12.6825791596199 5.56233778170843
12.7297595420838 5.52530263848179
12.7771154399899 5.489249519602
12.8246475062721 5.45343095135762
12.8723563962932 5.41784907764654
12.9202427678541 5.38303771429089
12.9683072812028 5.34852472378266
13.0165505990434 5.31425124296283
13.0649733865454 5.28067142745723
13.1135763113527 5.2476723049763
13.162360043593 5.21492586498707
13.2113252558868 5.18266274323466
13.260472623357 5.15135839900164
13.3098028236379 5.12030088631145
13.3593165368846 5.08948963948494
13.4090144457825 5.05944124416269
13.4588972355569 5.02969524537519
13.5089655939818 5.00019830581822
13.5592202113899 4.97138363036438
13.6096617806823 4.94313112390453
13.6602909973373 4.91513094053706
13.7111085594207 4.88760691367554
13.7621151675953 4.86097971904744
13.8133115251301 4.83460810459138
13.8646983379105 4.80849269710864
13.9162763144479 4.78327353480094
13.9680461658894 4.7583708870985
14.0200086060276 4.73371383280123
14.0721643513105 4.70962246804957
14.1245141208514 4.68601152099242
14.1770586364386 4.66264849667914
14.2297986225456 4.63975464482356
14.2827348063412 4.61773302852026
14.3358679176991 4.5959625098921
14.3891986892083 4.57444414569485
14.442727856183 4.55391843301367
14.496456156673 4.53370380014756
14.5503843314737 4.51374394760709
14.6045131241361 4.49434806497217
14.6588432809775 4.47542945245973
14.7133755510915 4.4567693130107
14.7681106863584 4.43853317465784
14.8230494414556 4.42099669903651
14.8781925738679 4.4036022264529
14.9335408438982 4.38635029612956
14.9890950146774 4.36984340077654
15.0448558521758 4.35353333200019
15.1008241252129 4.3373676011966
15.1570006054682 4.32169626411775
15.2133860674922 4.30641711499595
15.2699812887167 4.29128458666102
15.3267870494654 4.27649782739611
15.3838041329651 4.26242403855564
15.4410333253564 4.24849940268849
15.498475415704 4.23472444398052
15.5561311960084 4.2216163060341
15.6140014612162 4.20870347673383
15.6720870092313 4.19594329380445
15.730388640926 4.18370008477671
15.7889071601517 4.17186401101026
15.8476433737505 4.16018047699422
15.9065980915658 4.14882469169255
15.9657721264536 4.13810483518963
16.0251662942941 4.12754045956574
16.0847814140026 4.11713222744604
16.1446183075405 4.10739862046965
16.2046777999274 4.09786173281392
16.2649607192518 4.0884829380336
16.3254678966828 4.0796838048631
16.3862001664817 4.07136008255004
16.447158366013 4.06325346210625
16.5083433357566 4.05549853091954
16.569755919319 4.04835506136438
16.6313969634448 4.04141667694349
16.6932673180286 4.03468280548049
16.7553678361271 4.02875275288863
16.8176993739698 4.0230665260089
16.880262790972 4.01758619821897
16.9430589497458 4.01261322853033
17.0060887161124 4.00804325745516
17.069352959114 4.00368071597168
17.1328525510256 3.99969434758811
17.1965883673671 3.99634791200712
17.2605612869157 3.99321077894975
17.3247721917173 3.99028300185439
17.3892219670996 3.98810098221104
17.4539115016833 3.98615787611982
17.5188416873952 3.98442576716242
17.5840134194801 3.98326658724178
17.649427596513 3.98254728175988
17.7150851204118 3.98204017350687
17.7809868964498 3.98187255923614
17.8471338332678 3.98225617586178
17.9135268428867 3.98285365480507
17.9801668407205 3.98366569805951
18.0470547455885 3.98521543769068
18.1141914797281 3.9870128758643
18.1815779688074 3.98902631864185
18.2492151419383 3.99152156237675
18.3171039316889 3.99441025908834
18.3852452740965 3.99752621518059
18.4536401086808 4.00102473039679
18.5222893784564 4.00506497047051
18.5911940299459 4.00921582436759
18.6603550131934 4.01344778862463
18.7297732817769 4.0181527629317
18.799449792822 4.02294062691337
18.8693855070149 4.02778964789097
18.9395813886156 4.03300145945195
19.0100384054711 4.0384588264735
19.0807575290291 4.04397824559819
19.151739734351 4.04970126673658
19.2229860001258 4.05582950600374
19.2944973086829 4.06202036924815
19.3662746460064 4.06827457035102
19.4383190017482 4.07506806834825
19.5106313692418 4.08194397057381
19.5832127455161 4.08888443814764
19.6560641313089 4.09614220691499
19.7291865310809 4.10362095694484
19.8025809530295 4.11116829894041
19.8762484091027 4.11892261541264
19.950189915013 4.12708667547749
20.0244064902514 4.13532019299678
20.0988991581017 4.14362375287335
20.1736689456542 4.15236987453395
20.2487168838201 4.16120297026532
20.3240440073458 4.17010745462565
20.3996513548271 4.17936525599305
20.4755399687231 4.18886039238281
20.5517108953714 4.19842920587574
20.6281651850019 4.20820581847855
20.7049038917513 4.21836796559978
20.7819280736781 4.22860419169754
20.8592387927765 4.23891581568657
20.9368371149918 4.2496944698497
21.0147241102344 4.26060906304169
21.092900852395 4.27165502946792
21.1713684193594 4.28305446663998
21.2501278930231 4.29471637323131
21.3291803593062 4.30651053905443
21.4085269081689 4.31855957595906
21.4881686336258 4.3310327400462
21.5681066337615 4.34363904586495
21.6483420107456 4.356379489664
21.7288758708478 4.36959548783821
21.8097093244533 4.38295789829094
21.8908434860779 4.3964556221272
21.9722794743837 4.41032997118457
22.0540184121942 4.42447430763615
22.1360614265099 4.43875563820266
22.2184096485239 4.45330175787901
22.3010642136375 4.46825564317349
22.3840262614756 4.4833594630759
22.4672969359028 4.49861389764207
22.5508773850389 4.51434150002398
22.6347687612749 4.53023039390191
22.7189722212887 4.5462720993685
22.8034889260611 4.56268534252963
22.8883200408921 4.57937366333639
22.9734667354164 4.59621569774811
23.0589301836202 4.61331048807777
23.1447115638567 4.63077717929012
23.230812058863 4.64838552191419
23.3172328557757 4.66618791678789
23.4039751461482 4.68455804615114
23.491040125966 4.70318669609171
23.5784289956642 4.72208229891453
23.6661429601435 4.74144734797604
23.754183228787 4.76119050819828
23.8425510154766 4.78120534717076
23.9312475386102 4.80158897256035
24.0202740211181 4.8224532145683
24.1096316904802 4.84359197762645
24.1993217787425 4.86500550096964
24.2893455225345 4.88698119180063
24.3797041630861 4.90923802127755
24.4703989462445 4.93177152946427
24.5614311224917 4.95476178980806
24.6528019469616 4.97812568411389
24.7445126794573 5.0017686207629
24.8365645844686 5.02577865765586
24.9289589311891 5.05025530887646
25.0216969935341 5.07501388086616
25.1147800501579 5.10005416314393
25.2082093844715 5.12564547156109
25.3019862846603 5.15152490775158
25.3961120437021 5.17768896495612
25.4905879593843 5.20429107339639
25.5854153343225 5.23126042884165
25.6805954759781 5.25865938565775
25.7761296966763 5.28660182008518
25.8720193136242 5.31514325890886
25.9682656489293 5.34409431159134
26.0648700296171 5.37345480348229
26.1618337876502 5.40347356694614
26.2591582599459 5.43393967500424
26.356844788395 5.46486071004269
26.4548947198803 5.49640359793318
26.5533094062951 5.52849561528946
26.6520902045621 5.56105045913803
26.7512384766515 5.59413024507503
26.8507555896003 5.62779661551484
26.9506429155313 5.66193368610059
27.0509018316712 5.69654431752162
27.1515337203705 5.73184272845708
27.2525399691221 5.76761605305752
27.3539219705804 5.8038683229201
27.4556811225806 5.84073982811921
27.5578188281582 5.87816314084098
27.6603364955679 5.91606915604478
27.7632355383033 5.95452277874195
27.8665173751163 5.9935810513511
27.9701834300368 6.03297724109763
28.0742351323921 6.07246941438955
28.1786739168268 6.11221093075974
28.2835012233224 6.15205165871872
28.3887184972175 6.19199069775216
28.4943271892273 6.23214851221327
28.6003287554639 6.27246868490429
28.7067246574561 6.31289214714633
28.81351636217 6.3535236345231
28.9207053420286 6.39443618672346
29.0282930749329 6.43551043162496
29.1362810442814 6.47675049888711
29.2446707389912 6.51827807264312
29.3534636535184 6.55997353576599
29.4626612878783 6.60183984499344
29.5722651476666 6.64398651875364
29.6822767440801 6.68637716557543
29.7926975939372 6.72897279148722
29.9035292196989 6.77182353529152
30.0147731494902 6.8149836536563
30.1264309171207 6.85835043497442
30.2385040621058 6.90192972040147
30.3509941296883 6.94596815880786
30.4639026708593 6.99037426824261
30.5772312423796 7.03515370310859
30.6909814068016 7.08036442564364
30.8051547324904 7.12597891959888
30.9197527936455 7.17197206987186
31.0347771703225 7.21838446223691
31.1502294484553 7.26525726905476
31.2661112198773 7.31251281191009
31.3824240823437 7.36010341044521
31.4991696395536 7.40800067421596
31.616349501172 7.45614977900026
31.733965282852 7.5045496533083
31.852018606257 7.55326138359239
31.9705110990833 7.60225464637201
32.0894443950822 7.65149976520433
32.2088201340828 7.70101586274552
32.3286399620146 7.7508234885958
32.4489055309299 7.80088407486198
32.569618499027 7.85119879015056
32.6907805306726 7.9028100504065
32.8123932964254 7.9558058266678
32.9344584730584 8.01016753625567
33.0569777435824 8.06592530773685
33.1799527972693 8.12304893319032
33.3033853296751 8.18147499747038
33.4272770426635 8.24121019597364
33.5516296444293 8.30225830429799
33.6764448495218 8.36460201025397
33.8017243788689 8.42825077803884
33.9274699598002 8.49322924652164
34.0536833260713 8.55956316015999
34.1803662178875 8.6272629100755
34.3075203819277 8.69632833712508
34.4351475713689 8.76677010537139
34.5632495459097 8.83858310268805
34.6918280717952 8.9117794427567
34.8208849218411 8.9863807041859
34.9504218754581 9.06202308349005
35.0804407186764 9.13787948724845
35.2109432441705 9.21415123635105
35.3419312512837 9.29064133471209
35.4734065460531 9.36733843588818
35.6053709412345 9.44415077062127
35.7378262563273 9.52112709480578
35.8707743175993 9.59832345055029
36.0042169581128 9.67570213747875
36.1381560177486 9.7532343588022
36.2725933432325 9.83093197762234
36.40753078816 9.90877764350246
36.5429702130224 9.98671425559712
36.6789134852321 10.0651943441028
36.8153624791483 10.1442870037663
36.9523190761032 10.2239002015446
37.0897851644277 10.3040162728345
37.2277626394773 10.3846579441587
37.3662534036585 10.4655764669926
37.5052593664551 10.546741797547
37.6447824444542 10.6281820758566
37.7848245613726 10.7099009670885
37.9253876480839 10.791904048778
38.0664736426444 10.874194358396
38.2080844903204 10.9567806578502
38.3502221436146 11.0396396133911
38.4928885622931 11.1227965224549
38.6360857134129 11.2062617534614
38.7798155713483 11.29003709553
38.9240801178185 11.3741294254774
39.068881341915 11.458545308554
39.2142212401288 11.5431419037791
39.3601018163781 11.6275328786136
39.5065250820358 11.711814762542
39.6534930559574 11.7971989371615
39.8010077645086 11.8844985161809
39.9490712415935 11.9737070222636
40.0976855286824 12.0648176241448
40.2468526748401 12.1578434653394
40.3965747367541 12.2527820678563
40.5468537787631 12.3496447995181
40.6976918728852 12.4482958952985
40.8490910988465 12.5487760252558
41.0010535441102 12.651026241974
41.1535813039047 12.7550546227243
41.3066764812531 12.8608828747426
41.4603411870018 12.9685040526842
41.6145775398498 13.0779185055794
41.7693876663778 13.1891527606369
41.9247737010778 13.3015915345381
42.080737786382 13.4129789254878
42.2372820726929 13.5233165739457
42.3944087184125 13.6326538696784
42.5521198899724 13.7409312924794
42.7104177618635 13.8481496182632
42.869304516666 13.9542731303307
43.0287823450793 14.0592702003411
43.1888534459529 14.1631283531544
43.3495200263157 14.2658490392959
43.5107843014072 14.3674288742353
43.6726484947079 14.4678596713946
43.8351148379697 14.5671451850533
43.9981855712467 14.6652506358271
44.1618629429266 14.7622012452502
44.3261492097609 14.8579818107885
44.4910466368967 14.9531916023913
44.6565574979076 15.0482569720525
44.822684074825 15.1432106990272
44.9894286581698 15.2380395073598
45.1567935469838 15.3327361110597
45.3247810488614 15.4273404177788
45.4933934799815 15.5218575608626
45.6626331651395 15.6162173138612
45.8325024377791 15.7105063763978
46.0030036400248 15.8047455279691
46.1741391227139 15.8983716631398
46.345911245429 15.9913826402728
46.5183223765307 16.0838129187268
46.69137489319 16.1756987892273
46.8650711814213 16.2670445039599
47.0394136361151 16.3576603870733
47.2144046610712 16.4464280970547
47.3900466690317 16.5332572564276
47.5663420817144 16.6182158814938
47.743293329846 16.7012918353533
47.9209028531959 16.7824080276703
48.0991731006096 16.8614743715547
48.2781065300423 16.9384784013734
48.4577056085935 17.0133453676996
48.63797281254 17.0860324758836
48.8189106273711 17.1566135720829
49.000521547822 17.2259498349742
49.1828080779086 17.2943382839891
49.3657727309621 17.3620492807566
49.5494180296635 17.4295019836651
49.7337465060782 17.4964278711018
49.9187607016915 17.5628866520434
50.1044631674429 17.6289353878478
50.2908564637618 17.6944850783025
50.4779431606027 17.7594889693447
50.6657258374805 17.8240604841921
50.854207083506 17.8881820217331
51.043389497422 17.9516109410035
51.2332756876387 18.0146062508058
51.4238682722698 18.0772432097471
51.6151698791687 18.1392728018605
51.8071831459647 18.1999285404627
51.9999107200992 18.2591586151596
52.1933552588626 18.3168314990415
52.3875194294302 18.3729323167049
52.5824059089 18.4276392315061
52.7780173843286 18.481053878907
52.9743565527689 18.5329472626944
53.1714261213071 18.5835669794194
53.3692288070999 18.6329060676936
53.5677673374123 18.6809290005883
53.7670444496548 18.7282048163412
53.9670628914213 18.7747743161186
54.1678254205271 18.8205951524264
54.3693348050468 18.8656405578109
54.5715938233525 18.9099635170294
54.7746052641521 18.9535618824687
54.9783719265278 18.9969733056267
55.1828966199745 19.0403787753063
55.3881821644389 19.0841004194169
55.594231390358 19.1290971499692
55.8010471386984 19.1752488457834
56.0086322609952 19.2213744232435
56.2169896193917 19.2669978964754
56.4261220866785 19.312187476986
56.6360325463332 19.3566838231909
56.8467238925604 19.4005257203924
57.0581990303312 19.444131479524
57.2704608754236 19.4870202584604
57.4835123544625 19.5291975893371
57.6973564049602 19.5711038985254
57.9119959753568 19.6124593796573
58.1274340250607 19.653125810268
58.3436735244898 19.6942824972453
58.5607174551122 19.7363946727976
58.7785688094872 19.7791520243027
58.9972305913069 19.8225879795506
59.2167058154372 19.867567168771
59.4369975079597 19.9150030598354
59.6581087062134 19.9649050104615
59.8800424588363 20.0175169547447
60.1028018258077 20.0727499799835
60.3263898784903 20.1308423635153
60.5508096996726 20.1920762366591
60.7760643836113 20.2573714850113
61.0021570360742 20.3266073102365
61.2290907743825 20.3998066962436
61.4568687274545 20.4770608553638
61.685494035848 20.558302136537
61.9149698518044 20.6435487629462
62.1452993392914 20.7328839937353
62.376485674047 20.8262775190116
62.6085320436233 20.9238167205252
62.8414416474305 21.0242326661131
63.0752176967808 21.1227605607226
63.3098634149326 21.2193810737677
63.5453820371355 21.3140977896547
63.7817768106743 21.4069139041488
64.0190509949139 21.4978353078957
64.2572078613447 21.5868618490042
64.4962506936269 21.6740005025869
64.7361827876367 21.759260043232
64.9770074515108 21.8426369302924
65.2187280056928 21.923687268053
65.4613477829786 22.0014013563409
65.7048701285624 22.0760835238982
65.9492984000827 22.1476754983567
66.1946359676689 22.2161032653322
66.4408862139876 22.2819344080306
66.688052534289 22.3472298443486
66.9361383364543 22.4119043437883
67.1851470410421 22.4760409954443
67.4350820813359 22.539678727098
67.6859469033913 22.603798766722
67.9377449660834 22.6688520707362
68.190479741155 22.7355719316543
68.4441547132637 22.8039498730611
68.6987733800307 22.8737918638785
68.9543392520884 22.9453700553345
69.2108558531293 23.018133814048
69.4683267199542 23.0915803015311
69.7267554025213 23.1659094523068
69.9861454639949 23.2422124304828
70.2465004807944 23.3211162357552
70.5078240426442 23.4026782856591
70.7701197526224 23.4844725988955
71.0333912272113 23.5664283201656
71.2976420963466 23.6483429654788
71.5628760034677 23.730448439003
71.8290966055681 23.8127335204256
72.0963075732454 23.8949590423064
72.3645125907524 23.9796743691596
72.6337153560475 24.0675267358424
72.903919580846 24.1584384763274
73.1751289906711 24.252102509134
73.4473473249052 24.3474819036756
73.7205783368417 24.4445352455009
73.9948257937363 24.5430864759192
74.2700934768597 24.6431971608352
74.5463851815488 24.7444089990902
74.82370471726 24.8452595807723
75.1020559076207 24.9457464735533
75.3814425904831 25.0458614945845
75.6618686179762 25.1455280860194
75.9433378565593 25.2451691708096
76.2258541870754 25.3449959299759
76.5094215048047 25.4449994141182
76.7940437195179 25.5452115195909
77.0797247555308 25.6453581934762
77.3664685517576 25.7454160194689
77.654279061766 25.8446799067558
77.9431602538311 25.9426591218079
78.2331161109905 26.0393028129823
78.524150631099 26.1354172157527
78.8162678268838 26.2314525828973
79.1094717259999 26.3276740611831
79.4037663710853 26.4216758327945
79.6991558198174 26.513305077319
79.9956441449681 26.60243812736
80.2932354344608 26.6890601111358
80.5919337914261 26.7733076841141
80.8917433342586 26.8550711540152
81.192668196674 26.9360817609376
81.4947125277655 27.0167273670723
81.7978804920615 27.0959506661142
82.1021762695827 27.1736306069345
82.4076040558999 27.2491044197104
82.714168062192 27.3222778349205
83.0218725153037 27.3929479308327
83.3307216578039 27.4611192623733
83.6407197480444 27.5266653802356
83.9518710602185 27.5894884351764
84.2641798844197 27.6505864648515
84.5776505267013 27.7100884549758
84.8922873091352 27.7679193754969
85.2080945698721 27.8234601014564
85.525076663201 27.8766248674041
85.8432379596091 27.9269751126674
86.1625828458423 27.9743920006691
86.4831157249656 28.0196399089973
86.804841016424 28.0629636043684
87.1277631561029 28.1041509305065
87.4518865963899 28.1431157043282
87.7772158062356 28.1799776042676
88.103755271216 28.2147391572563
88.4315094935933 28.247238017481
88.760482992379 28.27651788494
89.0906803033954 28.3037793811967
89.4221059793388 28.3286534775869
89.7547645898416 28.351134998805
90.088660721536 28.3712596609166
90.4237989781166 28.3889828352897
90.7601839804045 28.4042834662954
91.0978203664104 28.4181593318445
91.436712791399 28.4305381271411
91.7768659279529 28.4405308423886
92.1182844660374 28.4484080884463
92.4609731130645 28.4543704546521
92.8049365939585 28.4582462009815
93.1501796512209 28.4599876332954
93.4967070449956 28.4590625475255
93.8445235531347 28.4556693613737
94.1936339712644 28.4507999428789
94.5440431128511 28.4451275095094
94.8957558092676 28.4386444786021
95.2487769098601 28.4315815448611
95.6031112820147 28.4243125912609
95.9587638112245 28.4173717363968
96.3157394011573 28.4103966362222
96.674042973723 28.4035148403477
97.0336794691412 28.3971557105848
97.39465384601 28.391609185135
97.7569710813735 28.3869591039216
98.1206361707911 28.3807487448384
98.4856541284063 28.3729649145599
98.8520299870155 28.363019871033
99.2197687981374 28.3503628993501
99.5888756320832 28.3335284807596
99.9593555780259 28.3163281709215
100.331213744071 28.299930623598
100.704455257326 28.2846831253592
101.079085263972 28.2707519917174
101.455108929334 28.2581806096709
101.832531437955 28.2468625118345
102.211357993661 28.2356719724779
102.591593819639 28.2250289204651
102.973244158507 28.2157936007862
103.356314272386 28.2082062032578
103.74080944297 28.2039050979064
104.126734971605 28.2028713387756
104.514096179357 28.2048854675206
104.902898407086 28.2090148683151
105.293147015521 28.2145329092592
105.684847385335 28.2225342441534
106.078004917216 28.2330113114998
106.472625031943 28.2460460431895
106.868713170461 28.2616043009095
107.266274793956 28.2807732437033
107.665315383931 28.3056355794869
108.065840442278 28.3362139716281
108.467855491361 28.3723924864909
108.871366074083 28.4144628003069
109.27637775397 28.4624770840402
109.682896115245 28.5113406918644
110.090926762902 28.5569705560044
110.500475322789 28.5993997812741
110.911547441682 28.6376821761561
111.324148787363 28.6712130447284
111.738285048698 28.7000506047339
112.153961935718 28.7274361150032
112.571185179695 28.7546789196644
112.98996053322 28.7822914668616
113.410293770289 28.8103027473121
113.832190686372 28.8387984703026
114.255657098502 28.8696215641215
114.680698845352 28.9024083408339
115.107321787315 28.9374980183076
115.535531806584 28.976843054345
115.965334807235 29.0203612547232
116.396736715309 29.0681477295489
116.829743478891 29.1213857158413
117.264361068193 29.1800006751849
117.700595475639 29.2432389782046
118.138452715943 29.3105662908022
118.577938826195 29.3822989233346
119.019059865945 29.4576571537022
119.461821917283 29.5367850200436
119.906231084925 29.6198227739011
120.3522934963 29.7076623021907
120.800015301628 29.8013471041017
121.24940267401 29.898622030309
121.700461809513 29.9967249669492
122.15319892725 30.0949842033223
122.607620269474 30.1934757294973
123.063732101657 30.2873542236441
123.52154071258 30.373192314661
123.981052414419 30.448466633471
124.442273542832 30.5131775274581
124.905210457046 30.5672357199199
125.369869539945 30.6119934524986
125.836257198157 30.6537799176632
126.304379862144 30.6988637464771
126.774243986291 30.7472322080485
127.245856048992 30.798885215391
127.719222552743 30.8538169316768
128.194350024229 30.9125803454216
128.671245014415 30.9740957348963
129.149914098635 31.0385012689212
129.630363876686 31.1067609089135
130.112600972915 31.1788988399621
130.596632036314 31.2534195879894
131.082463740608 31.3298634395154
131.570102784351 31.4082781567891
132.059555891015 31.48894705631
132.550829809082 31.57189608282
133.043931312143 31.6574060768635
133.538867198985 31.7451806869137
134.035644293687 31.8353290127563
134.534269445714 31.9278828157158
135.034749530014 32.0217600390311
135.537091447108 32.1175074267773
136.041302123189 32.2126534698276
136.547388510214 32.3044118846978
137.055357586005 32.3918950705941
137.56521635434 32.4750328510735
138.076971845052 32.5537576675643
138.590631114126 32.6288328818788
139.106201243796 32.6976051417544
139.623689342642 32.7600709762188
140.14310254569 32.8169713936275
140.664448014507 32.8695873426139
141.187732937303 32.9209866039457
141.712964529029 32.9763676989108
142.240150031474 33.0342529785861
142.769296713371 33.0937302920804
143.30041187049 33.1548610861721
143.833502825744 33.2163284077147
144.368576929286 33.2750740954365
144.905641558614 33.3301202655267
145.444704118671 33.3805009603281
145.985772041946 33.4262422573848
146.528852788578 33.4655684281689
147.073953846458 33.4986492637557
147.621082731334 33.5259324861398
148.170246986912 33.5484430003598
148.721454184961 33.5672379543089
149.274711925419 33.583629391897
149.830027836496 33.5980223442068
150.387409574779 33.6102982326223
150.946864825339 33.6204375484235
151.508401301835 33.625743806631
152.072026746624 33.6247710501236
152.637748930863 33.6174698831407
153.205575654619 33.6038743501851
153.775514746977 33.583412066844
154.347574066145 33.5545886140864
154.921761499565 33.5226673023258
155.498084964022 33.4918933939968
156.076552405752 33.4633484349204
156.657171800551 33.4406851014905
157.239951153886 33.4248541754093
157.824898501005 33.4158593282336
158.412021907047 33.4121398856376
159.001329467157 33.4111404425884
159.592829306591 33.4113502484151
160.186529580835 33.4117775075272
160.78243847571 33.4128608672586
161.380564207495 33.4136543204404
161.980915023028 33.4121207893139
162.583499199831 33.4073676612555
163.188325046216 33.3986129536834
163.795400901405 33.3859518315918
164.40473513564 33.3693124020619
165.016336150303 33.3496095683439
165.630212378031 33.3292162066109
166.246372282828 33.3100928204821
166.864824360187 33.2932776939065
167.485577137204 33.2786484542593
168.108639172699 33.2598763536319
168.734019057329 33.2357637418664
169.36172541371 33.2062873515539
169.991766896534 33.1698260349887
170.624152192691 33.1249193569286
171.258890021386 33.0742688072249
171.89598913426 33.0206991314584
172.535458315511 32.9635203276414
173.177306382017 32.9011116752707
173.821542183453 32.8381277489081
174.468174602416 32.7779041628551
175.117212554548 32.7271389457917
175.768664988659 32.690692783294
176.422540886846 32.6685640285574
177.078849264624 32.6591720002195
177.737599171045 32.6538123387653
178.398799688823 32.6437416688128
179.062459934462 32.6288870099724
179.728589058382 32.6094971534241
180.397196245039 32.5862008981949
181.068290713059 32.5599063041356
181.741881715363 32.5324211368582
182.417978539291 32.5067827387636
183.096590506735 32.4830588538623
183.777726974264 32.4613952207617
184.461397333255 32.4447059306654
185.147611010021 32.4339600002545
185.836377465944 32.4315605251859
186.5277061976 32.4360770933788
187.221606736895 32.4442329904824
187.918088651195 32.4545898115546
188.617161543456 32.4601593413069
189.318835052359 32.4662323248004
190.023118852442 32.4728508175883
190.730022654232 32.4799689885668
191.439556204381 32.4839896944666
192.151729285799 32.486598953466
192.86655171779 32.4901161545287
193.584033356187 32.4950638124031
194.304184093485 32.5019416825298
195.027013858983 32.5107041253745
195.752532618918 32.5212936351824
196.480750376599 32.5368120279888
197.211677172552 32.5576861020531
197.945323084652 32.5829351726857
198.681698228267 32.6103972111171
199.420812756393 32.632278526382
200.162676859797 32.6428718503129
200.907300767158 32.6412429855189
201.654694745203 32.6289519910972
202.404869098855 32.605819936376
203.157834171373 32.5768319230208
203.913600344492 32.5461389414572
204.672178038568 32.5174446912888
205.433577712722 32.4923172253508
206.197809864986 32.4712716544287
206.964885032443 32.4571648468958
207.734813791375 32.4495621093551
208.50760675741 32.4480667256764
209.283274585667 32.4488563488485
210.061827970903 32.4466590899444
210.84327764766 32.4400672826953
211.627634390414 32.4300614088375
212.414909013722 32.4262199639177
213.205112372374 32.4287910914858
213.998255361539 32.4384154651305
214.794348916918 32.4532129077318
215.593404014895 32.4728967280458
216.395431672684 32.4974136402941
217.200442948486 32.5236894009077
218.008448941641 32.5538900630927
218.819460792778 32.5881730438334
219.633489683968 32.6264612967738
220.450546838885 32.6641235578784
221.270643522953 32.6965140658271
222.093791043505 32.7225645477606
222.920000749938 32.7419014403353
223.749284033871 32.755573287835
224.5816523293 32.7660751502987
225.417117112757 32.7713165222961
226.255689903467 32.7695503269022
227.097382263509 32.7582054001989
227.942205797972 32.7411077824979
228.790172155119 32.7191277646389
229.641293026544 32.6923524004335
230.495580147337 32.662757676215
231.35304529624 32.6302565418172
232.213700295818 32.5948524042333
233.077557012612 32.5557786574712
233.944627357311 32.5110320143511
234.814923284911 32.4589273256043
235.688456794884 32.3962939628255
236.565239931339 32.3220296760448
237.44528478319 32.2442128705057
238.328603484325 32.1706309830692
239.215208213769 32.101669447169
240.105111195857 32.0394902065324
240.998324700395 31.988649230089
241.894861042839 31.949602383584
242.794732584456 31.9205629433665
243.6979517325 31.895589843339
244.60453094038 31.8753968846652
245.514482707834 31.8597469135924
246.427819581099 31.8513966185863
247.344554153085 31.8447361323319
248.264699063551 31.8351325303838
249.188266999274 31.8221129672969
250.11527069423 31.8062018574263
251.045722929764 31.7938136445513
251.979636534771 31.7863426002051
252.91702438587 31.7835903133998
253.85789940758 31.7817058425978
254.802274572504 31.7788372101611
255.750162901502 31.7743053672269
256.701577463874 31.7667101433808
257.656531377538 31.7518652272886
258.615037809212 31.7291301099373
259.577109974596 31.6963789778624
260.542761138553 31.6519962840198
261.512004615294 31.5991261067204
262.484853768559 31.5376879012754
263.461322011801 31.4708279376039
264.441422808376 31.4004030702671
265.42516967172 31.3247223842368
266.412576165545 31.2425338205713
267.403655904018 31.1530132385521
268.398422551953 31.0627893628954
269.396889825 30.976659104337
270.39907148983 30.8997617268218
271.404981364328 30.8312541410765
272.414633317784 30.7683359032257
273.428041271082 30.7081412284253
274.445219196894 30.6500206991943
275.466181119869 30.5945895262308
276.490941116832 30.5439336444357
277.519513316975 30.4964002618964
278.551911902049 30.4496249480385
279.588151106566 30.4033247594488
280.628245217989 30.3570056499612
281.672208576933 30.3144341376588
282.720055577362 30.2761824180294
283.771800666785 30.2445504447855
284.827458346459 30.2198886194103
285.887043171586 30.2047559437627
286.950569751514 30.1941508682274
288.018052749942 30.1868401507256
289.089506885116 30.1793232046149
290.164946930037 30.1673336093564
291.244387712663 30.1482180811681
292.327844116112 30.1211587550517
293.41533107887 30.0893196136894
294.506863594997 30.0489903551106
295.602456714328 30.0031010175779
296.702125542688 29.963594204471
297.805885242097 29.9300381819208
298.913751030978 29.890493617161
300.025738184368 29.8373483488912
301.14186203413 29.7820403440268
302.262137969162 29.7286361699024
303.386581435609 29.6721771250801
304.51520793708 29.6089147083534
305.648033034855 29.5400013852982
306.785072348107 29.4699702286574
307.926341554112 29.3993256551501
309.071856388467 29.3296764335367
310.221632645308 29.2583475669077
311.375686177524 29.1844186165109
312.534032896982 29.1050410787152
313.69668877474 29.0199277574276
314.86366984127 28.9336172389025
316.03499218668 28.8485211110703
317.210671960934 28.7648900396106
318.390725374075 28.6833662046529
319.57516869645 28.6068589795609
320.764018258932 28.5376371458905
321.957290453147 28.4747250206626
323.1550017317 28.4189604507326
324.3571686084 28.3699630635235
325.563807658489 28.3250810422681
326.774935518872 28.2819022210942
327.990568888343 28.2398338725472
329.210724527818 28.1986446122983
330.435419260565 28.150257329236
331.664669972436 28.0973511979047
332.898493612101 28.0562268941316
334.136907191279 28.0293025235981
335.379927784974 28.0122239861812
336.627572531714 27.9940279610216
337.879858633779 27.9760264256002
339.136803357447 27.954366803419
340.398424033226 27.9203323175736
341.664738056097 27.8734071768064
342.935762885749 27.8164805194867
344.211516046826 27.7540245685127
345.492015129163 27.6812431937757
346.777277788032 27.5972636575044
348.067321744384 27.5143470785305
349.362164785094 27.4304437774995
350.661824763204 27.3343265251651
351.966319598173 27.2288218639191
353.275667276122 27.1285608826076
354.58988585008 27.0381939288382
355.908993440238 26.9554903089193
357.233008234193 26.8743911620082
358.561948487204 26.7943421730703
359.895832522439 26.7161413897944
361.234678731231 26.6410008286033
362.578505573331 26.5678551169347
363.927331577162 26.5005477113597
365.281175340072 26.4421011120043
366.640055528597 26.3927361154981
368.003990878711 26.3507692556186
369.373000196088 26.3127170626746
370.747102356362 26.2768840457095
372.126316305386 26.2468756955652
373.510661059493 26.2238863904587
374.900155705758 26.2106609587443
376.294819402263 26.2143287372043
377.694671378358 26.2264080025859
379.099730934929 26.2331161474702
380.510017444665 26.2228735561953
381.92555035232 26.1986692029959
383.346349174985 26.1739748841515
384.772433502359 26.1446608735464
386.203822997013 26.109359837394
387.640537394667 26.0590761206585
389.082596504459 25.9903247141882
390.530020209219 25.933815356577
391.982828465741 25.8876720641319
393.441041305064 25.8345145696783
394.904678832742 25.7788453941358
396.373761229123 25.7312408868024
397.848308749629 25.6911179766566
399.328341725034 25.6576232201937
400.813880561743 25.6237695930332
402.304945742077 25.5895650447642
403.801557824551 25.5649526783166
405.303737444161 25.5460358170171
406.811505312667 25.5189683398326
408.324882218878 25.4894315354727
409.843889028939 25.4641115537168
411.368546686621 25.4610367105193
412.898876213606 25.4723817145275
414.434898709779 25.4887904342883
415.976635353518 25.5148280019922
417.524107401988 25.5506019249687
419.077336191431 25.5825844606595
420.636343137464 25.6092165297565
422.20114973537 25.6361524032349
423.771777560397 25.6615598649894
425.348248268055 25.6758251377495
426.930583594415 25.678253188205
428.518805356409 25.6803093648779
430.112935452127 25.6971815949126
431.712995861126 25.7125568982357
433.319008644725 25.7194976983897
434.930995946316 25.722892753222
436.548979991665 25.7299480406841
438.172983089221 25.7467099688736
439.803027630423 25.7717035376561
441.439136090005 25.8015268075442
443.081331026313 25.8299884979111
444.72963508161 25.84790028548
446.384070982391 25.8643818650836
448.044661539696 25.8814832485804
449.711429649423 25.901296674757
451.384398292646 25.9268340893589
453.063590535931 25.9626100725629
454.749029531652 26.0071603179714
456.440738518314 26.0435143048899
458.138740820871 26.0681744303275
459.843059851047 26.0828287533908
461.55371910766 26.1164781645811
463.270742176947 26.1580693742278
464.994152732887 26.2035926396116
466.723974537529 26.2519628254771
468.460231441319 26.2990073034157
470.202947383427 26.3367062365302
471.952146392082 26.3605727870849
473.707852584898 26.3754291311472
475.470090169211 26.3866519762435
477.238883442408 26.3985747742056
479.014256792265 26.420627702344
480.796234697286 26.4585399777056
482.584841727032 26.5056191169851
484.38010254247 26.5481721510608
486.182041896305 26.5935250807653
487.990684633326 26.652301544877
489.806055690746 26.7351567805897
491.628180098547 26.8109209709378
493.457082979826 26.8853355443271
495.292789551138 26.9679242905735
497.135325122848 27.0491469872524
498.984715099477 27.1098901405296
500.840984980053 27.1756577242133
502.704160358464 27.2452258229191
504.574266923808 27.32116074888
506.451330460749 27.4062750302066
508.335376849875 27.4798541419366
510.226432068048 27.5466973215663
512.124522188771 27.6093199421621
514.029673382538 27.6556836626292
515.941911917204 27.6825944072736
517.86126415834 27.6944904146037
519.787756569601 27.6959438141803
521.721415713088 27.699998814075
523.662268249716 27.7038306712437
525.610340939583 27.7097682629701
527.565660642334 27.7145309127667
529.528254317536 27.7131271397716
531.498149025047 27.7136669104453
533.475371925393 27.7272000794827
535.459950280137 27.7617204723148
537.451911452257 27.8007432607683
539.451282906527 27.8447377641429
541.45809220989 27.8760665136702
543.472367031842 27.9023823227171
545.49413514481 27.9562223885118
547.523424424539 28.0319685832785
549.560262850475 28.1096369184171
551.604678506148 28.1686478668704
553.656699579562 28.2328746793304
555.716354363585 28.30308290041
557.783671256334 28.3873855018557
559.858678761572 28.4762486325116
561.941405489097 28.5625075979391
564.03188015514 28.6474921957635
566.130131582757 28.7258245267988
568.236188702231 28.8033421817062
570.350080551465 28.8626303652702
572.471836276389 28.9010844202172
574.601485131357 28.9446712971862
576.739056479551 28.9774891921107
578.88457979339 29.0013274844153
581.038084654929 29.0087490037669
583.199600756274 29.0150280099643
585.369157899988 29.0164108173137
587.5467859995 29.0151119398672
589.732515079524 29.0262812095762
591.926375276465 29.0524118389952
594.128396838839 29.0868088288739
596.338610127691 29.1204297965183
598.557045617011 29.1600490417755
600.783733894154 29.2145095111994
603.018705660264 29.2525295912371
605.261991730696 29.2871555134585
607.513623035441 29.3153726185196
609.773630619552 29.3433915727716
612.042045643573 29.3782824306381
614.318899383969 29.4226434804938
616.604223233554 29.4476964142795
618.898048701927 29.4628542363958
621.200407415909 29.4863076368602
623.51133111997 29.5254989812957
625.830851676678 29.5795416971164
628.159001067128 29.6497632026918
630.49581139139 29.6993718225281
632.841314868951 29.7490979398351
635.195543839153 29.7924382718476
637.558530761648 29.8174915107021
639.930308216838 29.8392868119868
642.310908906328 29.841072079391
644.700365653376 29.8684462041347
647.098711403346 29.9088996396575
649.505979224161 29.9543952522891
651.922202306761 30.0018696980183
654.347413965559 30.0561619165185
656.781647638899 30.1033185955952
659.224936889521 30.1482337795235
661.677315405021 30.1883203279615
664.138816998315 30.2382093216356
666.609475608108 30.2971396104915
669.089325299358 30.3417810741197
671.578400263749 30.3662182737722
674.076734820163 30.3831387008067
676.584363415148 30.3912544900828
679.101320623398 30.4039898190784
681.627641148229 30.4342939780462
684.163359822055 30.4694519579373
686.708511606871 30.4740333236162
689.263131594734 30.4687575621887
691.827255008246 30.4497224048891
694.400917201039 30.4467830917181
696.984153658268 30.4308586320383
699.576999997092 30.4331264265635
702.179491967171 30.4303341044959
704.791665451156 30.4263992633746
707.413556465187 30.4068547616134
710.045201159385 30.4191130387983
712.686635818355 30.4544600146208
715.337896861682 30.4633923055377
717.999020844436 30.4837703506634
720.670044457676 30.5011940047601
723.351004528956 30.5247801974381
726.041938022828 30.5764066341758
728.74288204136 30.6373428730062
731.453873824642 30.6864264167478
734.174950751298 30.7284893658196
736.906150339008 30.77890250289
739.647510245018 30.8337342781917
742.399068266665 30.8687021569589
745.160862341893 30.8986985213181
747.932930549781 30.9411012240249
750.715311111065 30.991921997137
753.508042388666 31.0299261064651
756.311162888217 31.053646140319
759.124711258597 31.0797730542841
761.948726292463 31.0977935525014
764.783246926784 31.1248110085286
767.628312243377 31.1478634233894
770.483961469448 31.1540241697371
773.350233978131 31.1635341489802
776.227169289033 31.1604213753074
779.114807068777 31.1674709318603
782.01318713155 31.1569652399587
784.92234943965 31.1440144200254
787.842334104041 31.1213551503877
790.773181384902 31.0950966952193
793.714931692182 31.0658719085446
796.667625586163 31.0347823514313
799.63130377801 31.0273074842778
802.606007130343 31.0227909253872
805.591776657789 31.0102044002535
808.588653527558 31.0151690376637
811.596679060002 31.0047264120865
814.615894729193 30.9943695446108
817.646342163485 30.9825115990509
820.688063146098 30.9691447625919
823.741099615688 30.9562377542615
826.805493666926 30.945222751679
829.881287551079 30.9203586518313
832.968523676594 30.9004590730359
836.06724460968 30.8628732727083
839.177493074898 30.8407077815735
842.299311955746 30.8436069447271
845.432744295255 30.8518943617183
848.577833296579 30.8413352911261
851.734622323592 30.8400478403541
854.903154901485 30.8440723422592
858.083474717367 30.8441333766657
861.275625620868 30.8411541070299
864.479651624742 30.8532218043311
867.695596905475 30.8679255491322
870.923505803893 30.8803748424444
874.163422825774 30.8935049778224
877.415392642464 30.9069003539513
880.679460091487 30.9054431485491
883.955670177168 30.8970432749802
887.244068071255 30.8884373012072
890.544699113535 30.8989865076629
893.857608812465 30.8512324645482
897.1828428458 30.7956794006099
900.520447061216 30.7762947049328
903.870467476951 30.7371980614448
907.232950282432 30.7085515846625
910.607941838916 30.6865846633492
913.99548868013 30.6495589624606
917.395637512907 30.6119460366139
920.808435217838 30.580987700087
924.233928849912 30.5489560938008
927.672165639167 30.498472426791
931.12319299134 30.438535459013
934.587058488525 30.4052788866476
938.063809889823 30.3629164938019
941.553495132005 30.3069148068876
945.056162330171 30.2481440143853
948.571859778412 30.2005667592351
952.100635950479 30.1205332390241
955.64253950045 30.058168124239
959.197619263401 30.0127221758024
962.765924256078 29.9502068601105
966.347503677575 29.899109321078
969.942406910009 29.8749044710306
973.550683519207 29.8507613410421
977.172383255382 29.8399886500337
980.807556053824 29.8293685915959
984.456252035586 29.8040370181445
988.118521508177 29.7845383156245
991.794414966255 29.7629777091529
995.483983092322 29.737671074364
999.187276757423 29.7198408062246
1002.90434702185 29.6848317216236
1006.63524513584 29.6363049692095
1010.3800225403 29.6054438500938
1014.13873086747 29.5832672239437
1017.9114219417 29.5549622783707
1021.69814778013 29.5225426082967
1025.49896059337 29.4752025104684
1029.31391278631 29.471990629074
1033.14305695876 29.4540825331161
1036.98644590621 29.415731472773
1040.84413262056 29.3481958331911
1044.71617029083 29.3019220381147
1048.60261230394 29.2798102290764
1052.50351224539 29.2652760585626
1056.41892390001 29.2349282967613
1060.34890125276 29.1971948418356
1064.29349848938 29.1629633212057
1068.25276999721 29.110918538643
1072.22677036593 29.0776065046788
1076.21555438826 29.0208857767202
1080.21917706079 28.9548673261989
1084.23769358469 28.8895794324025
1088.27115936647 28.8291449833648
1092.31963001878 28.7851920384411
1096.38316136114 28.7485486638541
1100.46180942073 28.701726672604
1104.55563043316 28.6452584128364
1108.66468084322 28.6000708452478
1112.7890173057 28.5443750751224
1116.92869668616 28.4829771244302
1121.08377606168 28.4254168080104
1125.25431272169 28.409335888804
1129.44036416873 28.3884462234146
1133.64198811927 28.3451039773124
1137.85924250447 28.2954045568352
1142.09218547102 28.2602517514901
1146.34087538191 28.2133799297753
1150.60537081725 28.1450651400009
1154.88573057506 28.1153965799741
1159.18201367212 28.0798739772131
1163.49427934474 28.0411623194404
1167.8225870496 27.9966854874383
1172.16699646455 27.9607906038762
1176.52756748948 27.9299775608852
1180.90436024707 27.8911195234647
1185.2974350837 27.8680861242751
1189.70685257023 27.8331703845633
1194.13267350285 27.7944566297225
1198.5749589039 27.7858924422589
1203.03377002276 27.7603857614227
1207.50916833664 27.7027338608736
1212.00121555147 27.6572018190889
1216.50997360271 27.6235869237745
1221.03550465623 27.5823079776537
1225.57787110919 27.5447731822256
1230.13713559085 27.5077201202214
1234.71336096344 27.4331057607611
1239.30661032308 27.3920214497312
1243.9169470006 27.354456315377
1248.54443456241 27.3161678237549
1253.18913681141 27.2794780595807
1257.85111778785 27.2782156283805
1262.53044177021 27.3018055925842
1267.22717327611 27.3115711175739
1271.94137706315 27.2712061515461
1276.67311812987 27.2480278619427
1281.42246171659 27.2608012518591
1286.18947330632 27.2768154693964
1290.97421862569 27.2898234655172
1295.77676364585 27.2888296710073
1300.59717458334 27.267759353889
1305.43551790105 27.2902239410399
1310.29186030912 27.3284110253135
1315.16626876584 27.3758736028121
1320.05881047861 27.3960245912866
1324.96955290485 27.3996848676269
1329.8985637529 27.4115543300083
1334.84591098301 27.4038334458003
1339.81166280824 27.3976898973437
1344.79588769541 27.4201220983498
1349.79865436604 27.4178028345877
1354.82003179729 27.441661661314
1359.86008922295 27.4686011297124
1364.91889613434 27.4992138753194
1369.9965222813 27.5192048585813
1375.09303767316 27.5346451389296
1380.20851257966 27.5494747684671
1385.343017532 27.565727233741
1390.49662332371 27.5965957800241
1395.6694010117 27.5985793942672
1400.86142191724 27.6128520189662
1406.07275762689 27.6633739794226
1411.30347999353 27.7086696958763
1416.55366113734 27.7219332392912
1421.82337344679 27.7349853775661
1427.11268957965 27.7499256898089
1432.42168246399 27.7715990324324
1437.75042529915 27.7939151833728
1443.09899155681 27.8290118682099
1448.46745498195 27.8770145359033
1453.85588959391 27.9193327640621
1459.26436968736 27.9450033455569
1464.69296983337 27.9900854084146
1470.14176488043 28.05275026579
1475.61082995546 28.1363924424358
1481.10024046487 28.1865178699589
1486.61007209556 28.2274911165711
1492.14040081604 28.2455254524136
1497.69130287738 28.2711526307701
1503.26285481435 28.3111364568975
1508.85513344643 28.3426268591748
1514.46821587884 28.3947463555447
1520.10217950369 28.4433098773527
1525.75710200096 28.5225754748892
1531.43306133963 28.5475061389274
1537.1301357787 28.5891094382213
1542.84840386835 28.6003914090273
1548.58794445092 28.6083420020915
1554.34883666208 28.692208658308
1560.1311599319 28.7247200508899
1565.93499398592 28.7298204142275
1571.76041884628 28.7462904711539
1577.60751483278 28.7822645306909
1583.47636256406 28.7637191657987
1589.36704295864 28.7114564978237
1595.27963723608 28.7052078519747
1601.21422691806 28.7482776172408
1607.17089382956 28.7555522862531
1613.14972009994 28.7311899725217
1619.15078816409 28.6805535967287
1625.17418076356 28.7113456033531
1631.21998094772 28.7098122183223
1637.28827207488 28.7417485051202
1643.37913781346 28.7308712229815
1649.49266214312 28.73568915248
1655.62892935595 28.755184158508
1661.7880240576 28.7511729662727
1667.97003116847 28.7457256659387
1674.17503592487 28.7492313312245
1680.40312388019 28.7453747247738
1686.6543809061 28.7512874244148
1692.9288931937 28.7385692083842
1699.22674725475 28.7332153824218
1705.54802992284 28.6951235493556
1711.89282835457 28.6812705506545
1718.26123003079 28.6304187809564
1724.65332275779 28.6339149392523
1731.06919466848 28.6122894933024
1737.50893422366 28.5707415534833
1743.9726302132 28.5428124597063
1750.46037175728 28.5133914137097
1756.97224830763 28.5015831748981
1763.50834964871 28.4903294023976
1770.06876589903 28.4447647081727
1776.65358751231 28.3823583893611
1783.26290527881 28.336107492731
1789.8968103265 28.318348038485
1796.55539412237 28.3002911312354
1803.23874847367 28.2915058412274
1809.94696552921 28.2429222337231
1816.68013778055 28.2047674421112
1823.43835806337 28.2151851424972
1830.22171955869 28.1717527513714
1837.03031579418 28.1413592237325
1843.86424064544 28.124370617548
1850.72358833728 28.0971357200839
1857.60845344505 28.0772892689479
1864.51893089594 28.0381221152324
1871.45511597026 27.9952622230819
1878.41710430278 28.0094165599983
1885.40499188403 28.0065479431865
1892.41887506164 27.9897305425397
1899.45885054167 27.9500771230184
1906.52501538993 27.9177284653078
1913.61746703332 27.8954196810077
1920.73630326118 27.8164275062178
1927.88162222663 27.779752561011
1935.05352244795 27.7396867794954
1942.25210280989 27.7156142253148
1949.47746256507 27.6911864499287
1956.72970133535 27.6189178132667
1964.00891911318 27.6005859620809
1971.315216263 27.6230487707112
1978.6486935226 27.6202754577125
1986.00945200454 27.5957124538486
1993.39759319752 27.566560719599
2000.8132189678 27.5479355195686
2008.25643156057 27.5274373149952
2015.7273336014 27.492380018068
2023.22602809763 27.4683572336611
2030.75261843979 27.4468043001566
2038.30720840305 27.4815862606503
2045.88990214862 27.4747294853376
2053.50080422521 27.432956481376
2061.14001957043 27.4102119112544
2068.80765351232 27.4190197008644
2076.5038117707 27.419393534848
2084.22860045872 27.387338055347
2091.98212608424 27.3341563899899
2099.76449555137 27.3352889330221
2107.57581616189 27.3294411539281
2115.41619561679 27.3003790367822
2123.28574201767 27.2922457809572
2131.18456386831 27.2854595239589
2139.11277007613 27.3007239855467
2147.07046995368 27.3216836557667
2155.05777322019 27.3357027417612
2163.07479000302 27.3786390280396
2171.12163083925 27.3599413277169
2179.19840667714 27.3343680038047
2187.30522887772 27.3444252066282
2195.44220921625 27.3452224446564
2203.60945988384 27.3419305867736
2211.80709348895 27.3609561099706
2220.03522305895 27.3679924386552
2228.29396204169 27.372623518078
2236.58342430704 27.4094578420068
2244.90372414851 27.4186533950062
2253.25497628476 27.3980103076252
2261.63729586123 27.4028186892112
2270.0507984517 27.4037075575905
2278.49560005991 27.4298343491417
2286.97181712113 27.4462564312193
2295.4795665038 27.4351310739792
2304.0189655111 27.4352436055485
2312.59013188261 27.4550666824814
2321.19318379588 27.4553738026822
2329.82823986813 27.4602312880478
2338.49541915782 27.4231050876774
2347.19484116633 27.4002533797012
2355.9266258396 27.4433495583111
2364.69089356977 27.4215164791258
2373.48776519685 27.3831101674115
2382.3173620104 27.3457261010953
2391.17980575117 27.3761195275086
2400.07521861281 27.3696517894568
2409.00372324354 27.3677486345421
2417.96544274784 27.4224781529654
2426.96050068814 27.4574127018503
2435.98902108656 27.4542827716492
2445.05112842657 27.4677376584594
2454.14694765475 27.5083216507394
2463.27660418247 27.5236034273924
2472.44022388765 27.5116366151548
2481.63793311651 27.4831772046289
2490.86985868525 27.4632606815604
2500.13612788187 27.4386065346471
2509.43686846789 27.4577199115858
2518.7722086801 27.4677619846931
2528.14227723234 27.4356672319931
2537.54720331731 27.4342616641765
2546.98711660828 27.4725609883944
2556.46214726094 27.4904136451927
2565.97242591516 27.4796504645982
2575.51808369681 27.4569873941682
2585.09925221956 27.4642809962811
2594.7160635867 27.4460983292719
2604.36865039294 27.4230842636758
2614.05714572626 27.3873862547948
2623.78168316975 27.3485910702848
2633.54239680345 27.3570002790028
2643.33942120615 27.3482035041933
2653.17289145733 27.3250809097453
2663.04294313896 27.3345050567681
2672.94971233738 27.3136310649577
2682.89333564519 27.3271331722767
2692.87395016314 27.3245792576068
2702.89169350199 27.3175388655378
2712.94670378444 27.2793810769727
2723.03911964699 27.2614802784053
2733.16908024193 27.2521000917851
2743.33672523916 27.2644863960483
2753.54219482819 27.279804167563
2763.78562972005 27.2817783327222
2774.06717114922 27.2596644626179
2784.38696087559 27.2365417525534
2794.74514118641 27.2501640666877
2805.14185489824 27.2651710265413
2815.57724535896 27.2374361640456
2826.05145644968 27.2233582310641
2836.56463258679 27.2099724637906
2847.11691872391 27.1871758038552
2857.7084603539 27.1930827895526
2868.33940351088 27.1978396355738
2879.00989477221 27.1753675970736
2889.72008126055 27.1598587651633
2900.47011064586 27.1658324617368
2911.26013114745 27.1478612423684
2922.09029153602 27.1266346769998
2932.9607411357 27.0954493201465
2943.87162982615 27.0663890769654
2954.82310804455 27.064811231866
2965.81532678776 27.0174641264832
2976.84843761435 26.9935856424466
2987.9225926467 27.0062103103358
2999.0379445731 27.02670834875
3010.19464664985 26.9991702411944
3021.39285270338 26.988735136982
3032.63271713238 26.965885355869
3043.91439490991 26.9257086759268
3055.23804158553 26.9135665841214
3066.60381328749 26.9003009388414
3078.01186672482 26.8916264310196
3089.46235918954 26.8539582715829
3100.95544855881 26.85778613941
3112.4912932971 26.8691634967916
3124.07005245839 26.8668632538855
3135.69188568836 26.8793373013173
3147.35695322657 26.8935184070162
3159.0654159087 26.8691959666805
3170.81743516875 26.8789711333301
3182.61317304128 26.886499335975
3194.45279216361 26.8722001191316
3206.3364557781 26.8468685131837
3218.26432773439 26.8461418198414
3230.23657249166 26.8395061487412
3242.25335512088 26.8102761840836
3254.3148413071 26.8211001453213
3266.42119735174 26.8314972708696
3278.57259017489 26.8488770168703
3290.76918731757 26.8585280583892
3303.01115694409 26.8697337432487
3315.29866784434 26.8525274654011
3327.63188943612 26.8300666528136
3340.01099176749 26.8235778736358
3352.43614551909 26.8071081373816
3364.90752200653 26.8310164408459
3377.42529318271 26.8067398067787
3389.98963164021 26.7862131077817
3402.60071061369 26.7922076612123
3415.25870398225 26.7843952703097
3427.96378627182 26.7866401529653
3440.71613265761 26.7848854309317
3453.51591896648 26.7894629342641
3466.36332167938 26.7614230262843
3479.25851793381 26.7344647017016
3492.20168552621 26.7467117215645
3505.19300291445 26.7419109758774
3518.23264922029 26.7384796186693
3531.32080423182 26.7250595046175
3544.45764840598 26.7073518396536
3557.64336287101 26.7130337138456
3570.87812942896 26.7225513139554
3584.16213055823 26.718624098554
3597.49554941602 26.7082977728228
3610.87856984091 26.7256983513237
3624.31137635539 26.7355518556618
3637.79415416837 26.7385406416068
3651.32708917776 26.7090894079008
3664.91036797302 26.6927376182981
3678.54417783777 26.6967372860275
3692.2287067523 26.7096652484723
3705.96414339624 26.7455692420292
3719.75067715111 26.7511062400501
3733.58849810294 26.7587853632517
3747.47779704492 26.7722129564085
3761.41876547999 26.7463073809068
3775.4115956235 26.7480144469717
3789.45648040586 26.7370777616399
3803.55361347522 26.7247506038662
3817.70318920008 26.696096318628
3831.90540267205 26.6736490155065
3846.16044970847 26.625722932173
3860.46852685515 26.6393451514533
3874.82983138907 26.6273193381067
3889.24456132109 26.607858748911
3903.7129153987 26.5593032529838
3918.23509310874 26.541336077246
3932.81129468018 26.5079517089759
3947.44172108682 26.481870561136
3962.12657405015 26.4631879414325
3976.86605604205 26.4322088862608
3991.66037028761 26.4109249547266
4006.50972076797 26.3940678151099
4021.41431222307 26.391824714037
4036.37435015451 26.3697490240692
4051.39004082838 26.3615551517164
4066.46159127809 26.3254396412282
4081.58920930724 26.3231619607044
4096.77310349248 26.3048858871212
4112.01348318638 26.3071403224818
4127.31055852032 26.2677574069886
4142.6645404074 26.2561988908516
4158.07564054532 26.2559318549926
4173.54407141932 26.2914373901197
4189.07004630512 26.3210618517204
4204.65377927183 26.3045120550077
4220.29548518492 26.3209475117881
4235.99537970918 26.292686868028
4251.7536793117 26.3143746119455
4267.57060126484 26.2949907836146
4283.44636364922 26.2799053619496
4299.38118535678 26.289018538334
4315.37528609372 26.2749120584909
4331.42888638358 26.2618654149592
4347.54220757028 26.2434504267786
4363.71547182114 26.2630861452523
4379.94890212999 26.2429504596252
4396.24272232018 26.2448614913754
4412.59715704774 26.2057838700406
4429.01243180443 26.1851764865973
4445.48877292084 26.1586341873494
4462.02640756957 26.1662235392733
4478.62556376828 26.1716690427881
4495.28647038291 26.179696964259
4512.0093571308 26.1660307835549
4528.79445458383 26.1449832157281
4545.64199417167 26.0841773618697
4562.5522081849 26.0801925748337
4579.52532977826 26.0711231556216
4596.56159297383 26.0853233809242
4613.6612326643 26.0969046020699
4630.82448461615 26.0707286405819
4648.05158547297 26.0668011103822
4665.34277275865 26.0154609700295
4682.69828488072 26.0303898419518
4700.11836113359 26.0532718226791
4717.60324170188 26.0156673044344
4735.15316766371 26.0436780405065
4752.76838099403 26.0341816883163
4770.44912456798 26.0425319227645
4788.1956421642 26.0307980630569
4806.00817846821 26.0906997389686
4823.88697907579 26.0782510434432
4841.83229049635 26.1017453061631
4859.84436015636 26.0707968053248
4877.92343640271 26.0469246753879
4896.06976850618 26.0627421848038
4914.28360666486 26.0871847924954
4932.5652020076 26.0751878322413
4950.91480659747 26.0650578826113
4969.33267343524 26.0434167191912
4987.81905646287 26.0125165381215
5006.374210567 26.0583191866049
5024.99839158248 26.0677375068745
5043.69185629588 26.0713863298309
5062.45486244905 26.0254369285655
5081.28766874266 25.9706284433328
5100.19053483977 25.8923110085657
5119.16372136941 25.8765295044159
5138.20748993018 25.8520908734875
5157.32210309384 25.8094390674395
5176.50782440896 25.7469520296
5195.76491840452 25.7029137826297
5215.09365059358 25.7022800478064
5234.49428747691 25.6405749191646
5253.96709654673 25.5757509776589
5273.51234629033 25.5105739325714
5293.1303061938 25.4531690585727
5312.82124674575 25.4231529879701
5332.58543944101 25.3850193211987
5352.42315678444 25.3390774190081
5372.3346722946 25.3010001897039
5392.32026050759 25.2604924300144
5412.38019698081 25.2129864040022
5432.51475829674 25.1901548969268
5452.72422206679 25.1658493951804
5473.00886693511 25.1076010208925
5493.36897258242 25.0697921053013
5513.80481972988 25.0645405315986
5534.31669014299 25.0132222511298
5554.9048666354 25.0156476791802
5575.56963307287 24.9627385256033
5596.31127437719 24.9894922340264
5617.13007653004 24.9736514414905
5638.02632657703 24.9257927869295
5659.00031263156 24.9433344328341
5680.05232387887 24.969274548688
5701.18265057998 24.9768161972551
5722.39158407572 24.9894237414554
5743.67941679072 24.9909325631919
5765.04644223748 25.0005970158377
5786.49295502037 25.0066565877746
5808.01925083973 25.0265676321211
5829.62562649593 25.0445176590294
5851.31237989346 25.066747542519
5873.07981004505 25.1265124172277
5894.92821707578 25.115594866675
5916.85790222723 25.13639067853
5938.86916786162 25.2202301440663
5960.96231746598 25.2538527153061
5983.13765565636 25.2487926573478
6005.395488182 25.2948379111253
6027.73612192954 25.3634732599085
6050.1598649273 25.3731847655084
6072.66702634946 25.4372196964253
6095.25791652038 25.4878295678497
6117.93284691885 25.5660442304256
6140.69213018238 25.6032912111941
6163.53608011154 25.6665075753776
6186.46501167426 25.7038387225758
6209.47924101016 25.7550265750593
6232.57908543496 25.8242072576981
6255.7648634448 25.9058256343886
6279.03689472068 26.0109605646575
6302.39550013281 26.0655689060299
6325.84100174511 26.1324850454646
6349.37372281957 26.2113847634364
6372.99398782075 26.3299629183985
6396.70212242028 26.4300974702727
6420.49845350128 26.5475040229258
6444.38330916293 26.6847763470213
6468.35701872496 26.8014550076453
6492.4199127322 26.9322452049145
6516.57232295915 27.0682281348768
6540.81458241452 27.2230879393799
6565.14702534586 27.3411696300885
6589.56998724415 27.467379647658
6614.08380484842 27.6221702704728
6638.68881615042 27.7623644955346
6663.38536039924 27.9391790050396
6688.17377810601 28.0642335280355
6713.05441104861 28.1933185615221
6738.02760227635 28.3284308423935
6763.09369611472 28.4820782225582
6788.25303817014 28.6097152219438
6813.5059753347 28.7755876371356
6838.85285579099 28.8967257899094
6864.29402901684 29.0167622600903
6889.82984579019 29.1630178520751
6915.4606581939 29.280713110015
6941.18681962062 29.4014196936129
6967.00868477764 29.5333551810402
6992.92660969181 29.6231150275263
7018.94095171442 29.7513467172081
7045.05206952614 29.8510334915805
7071.26032314197 29.9517253480485
7097.56607391621 30.0814039301246
7123.96968454742 30.1148356860357
7150.47151908342 30.1589123920769
7177.07194292636 30.2557341221197
7203.77132283768 30.3574727590126
7230.57002694323 30.4617774417781
7257.46842473831 30.5555940105326
7284.46688709279 30.6415426609592
7311.5657862562 30.709380774404
7338.76549586288 30.8054614282243
7366.06639093713 30.866098369983
7393.46884789835 30.9447750320872
7420.97324456628 31.0581800377513
7448.57996016619 31.1084249260911
7476.28937533407 31.1488568611721
7504.10187212195 31.2063480505671
7532.0178340031 31.279544222086
7560.03764587737 31.3258362552973
7588.16169407645 31.3687154674072
7616.39036636925 31.4386526217917
7644.72405196718 31.5104749837891
7673.16314152958 31.5669842477131
7701.70802716907 31.603412688403
7730.35910245697 31.6923964094187
7759.11676242871 31.7250576971452
7787.98140358931 31.7684573501028
7816.95342391881 31.8092400751231
7846.03322287777 31.8361415808012
7875.22120141279 31.8280258163216
7904.51776196203 31.8234978069092
7933.92330846076 31.8290367067461
7963.4382463469 31.8443545102597
7993.06298256668 31.8221149487401
8022.79792558017 31.8075180645901
8052.64348536698 31.8313521786313
8082.60007343185 31.8439273732728
8112.66810281039 31.8111170039203
8142.84798807473 31.7732946445651
8173.14014533922 31.726530067057
8203.54499226624 31.6983087470772
8234.06294807188 31.6127879434281
8264.69443353176 31.530179906017
8295.43987098684 31.507727797844
8326.29968434921 31.4503176062692
8357.27429910795 31.3883421332666
8388.36414233502 31.3255007212612
8419.56964269112 31.2644877661128
8450.89123043159 31.2182069530062
8482.32933741237 31.1667971531874
8513.88439709597 31.1020610726387
8545.55684455738 31.0316671736242
8577.34711649014 30.9483098419033
8609.25565121232 30.8746552495092
8641.28288867257 30.8057066998706
8673.42927045619 30.7503631128946
8705.69523979124 30.6809579502988
8738.0812415546 30.5931715459259
8770.58772227814 30.501591202163
8803.2151301549 30.4584305977414
8835.96391504519 30.3846834714363
8868.83452848289 30.2903683649987
8901.82742368161 30.2217667762677
8934.94305554094 30.1437957274812
8968.18188065276 30.0848919129557
9001.54435730751 30.0349471800931
9035.03094550052 29.9401158356948
9068.64210693833 29.8389201019216
9102.37830504507 29.7170150848266
9136.24000496888 29.614790654034
9170.22767358826 29.5092102734596
9204.34177951857 29.4299621984479
9238.58279311844 29.329893738457
9272.9511864963 29.2535686120858
9307.44743351684 29.1659501668743
9342.07200980759 29.040738075491
9376.82539276547 28.9222024864259
9411.70806156333 28.8203619308975
9446.72049715662 28.716225281881
9481.86318228997 28.6094496867139
9517.13660150386 28.5203250027253
9552.54124114133 28.4211666427173
9588.07758935464 28.3062001671163
9623.74613611202 28.1634653153473
9659.54737320446 28.0078031319309
9695.48179425241 27.8677716122324
9731.54989471268 27.7188106768639
9767.75217188519 27.5749964168051
9804.08912491989 27.486886167914
9840.5612548236 27.3724411794487
9877.16906446693 27.256660160825
9913.91305859123 27.164135047981
9950.79374381551 27.0396163101481
9987.81162864349 26.946910523565
10024.9672234705 26.8289634943287
10062.2610405907 26.7644721526365
10099.6935942039 26.6632033539021
10137.265400423 26.5291813263345
10174.9769772805 26.441777168626
10212.8288447364 26.3493811189116
10250.8215246849 26.2673659332867
10288.9555409616 26.1904683904854
10327.231419351 26.078922347247
10365.6496875932 26.037599149653
10404.210875392 25.9793511373435
10442.9155144215 25.9167431519036
10481.7641383337 25.8286219086536
10520.7572827658 25.7527474586268
10559.8954853477 25.6626301328069
10599.1792857094 25.5861976797076
10638.6092254881 25.4897159413372
10678.1858483363 25.3750910308741
10717.9096999286 25.3064525844964
10757.7813279699 25.2394369261287
10797.8012822023 25.1486827171777
10837.9701144131 25.0716850407081
10878.2883784424 24.9938328055636
10918.7566301905 24.8921533022509
10959.3754276259 24.7954323414988
11000.1453307925 24.7285388030919
11041.0669018179 24.6618164261151
11082.1407049206 24.5582159064906
11123.3673064183 24.4611699420705
11164.7472747353 24.3727888375554
11206.2811804106 24.2621862353843
11247.9695961055 24.1882116721018
11289.8130966117 24.1104056734521
11331.8122588594 24.0041166674839
11373.9676619248 23.9193384501641
11416.2798870383 23.8710026378535
11458.7495175926 23.7762709867746
11501.3771391508 23.7100865592313
11544.1633394541 23.649644292771
11587.1087084304 23.5551408479598
11630.213838202 23.4717236125073
11673.4793230941 23.3864844786384
11716.9057596427 23.3064532472911
11760.4937466031 23.2655109285016
11804.2438849579 23.2078708196121
11848.1567779254 23.1298263879064
11892.2330309682 23.0671658961943
11936.473251801 23.031004262883
11980.8780503993 22.9690854859723
12025.4480390078 22.8926547667213
12070.1838321489 22.861978222553
12115.0860466309 22.8040122301038
12160.1553015568 22.7757835150469
12205.3922183327 22.7376120736639
12250.7974206764 22.7010692243148
12296.371534626 22.6877664593935
12342.1151885484 22.6287956827474
12388.0290131483 22.6221466474568
12434.1136414765 22.5510251888218
12480.3697089389 22.5251600636735
12526.7978533051 22.5218467711836
12573.3987147173 22.5203359349576
12620.1729356991 22.4839305295034
12667.1211611643 22.4514789249342
12714.244038426 22.4283180738192
12761.5422172051 22.4787387333545
12809.0163496398 22.4679070092765
12856.667090294 22.4550876500664
12904.495096167 22.4494056726586
12952.5010267019 22.4673976989939
13000.6855437952 22.4761981958497
13049.0493118056 22.4881937703888
13097.5929975632 22.5140820106396
13146.317270379 22.5261649807146
13195.2228020538 22.5718804217863
13244.3102668874 22.5991705294444
13293.5803416882 22.660038175202
13343.0337057825 22.6939026454434
13392.6710410235 22.7773210588346
13442.4930318013 22.8460348215876
13492.5003650516 22.8918539107078
13542.6937302658 22.971205247507
13593.0738195003 23.0376162044219
13643.6413273859 23.1025101010689
13694.3969511376 23.1745422725089
13745.3413905639 23.2615998013386
13796.4753480769 23.3286492095584
13847.7995287016 23.3948494219029
13899.3146400859 23.4714759626733
13951.02139251 23.5712621826622
14002.9204988965 23.6562283662729
14055.0126748202 23.7248630254184
14107.2986385179 23.8320709162689
14159.7791108982 23.8767584173733
14212.4548155516 23.9483524575061
14265.3264787606 24.0653557857059
14318.3948295092 24.1490349093112
14371.6605994936 24.2219763228909
14425.1245231318 24.3419331361381
14478.7873375739 24.4349846510841
14532.6497827125 24.5395726019514
14586.7126011923 24.6625111686134
14640.9765384209 24.7603835626077
14695.442342579 24.8698252824653
14750.1107646304 24.9615693744923
14804.9825583328 25.033447552084
14860.0584802475 25.1488511572663
14915.3392897509 25.2316519639939
14970.8257490437 25.3178723452797
15026.5186231627 25.4222336803975
15082.4186799901 25.5027843473896
15138.5266902652 25.612614087683
15194.8434275942 25.6838985184441
15251.3696684613 25.7916136789718
15308.1061922393 25.8945155330686
15365.0537812003 25.9714222820244
15422.2132205266 26.0417330808405
15479.5852983214 26.0925507534079
15537.1708056196 26.1735933907337
15594.9705363991 26.2264307408154
15652.9852875913 26.3239363550849
15711.2158590922 26.3848591145484
15769.6630537736 26.4291858429615
15828.327677494 26.4222622444894
15887.2105391099 26.4724098633634
15946.3124504865 26.494007092536
16005.6342265097 26.5417443208191
16065.1766850963 26.5537872167652
16124.9406472063 26.5672225801578
16184.9269368535 26.5630778717394
16245.1363811172 26.544651134633
16305.5698101534 26.5012053502214
16366.2280572065 26.4891892385914
16427.1119586206 26.4269913419928
16488.2223538509 26.323050058678
16549.5600854758 26.2069367543852
16611.1259992079 26.0488095896869
16672.9209439061 25.8959735967992
16734.9457715869 25.670694800771
16797.2013374366 25.4733765134969
16859.6884998228 25.2042868582311
16922.4081203063 24.9361537652674
16985.3610636531 24.6835242374557
17048.5481978459 24.3869353259782
17111.9703940967 24.1196454650077
17175.6285268585 23.8684878984987
17239.523473837 23.5958593682718
17303.6561160034 23.315197576285
17368.027337606 23.0659160851503
17432.6380261827 22.8412497996517
17497.489072573 22.6074439468489
17562.5813709306 22.3838161223857
17627.9158187353 22.1973424798528
17693.4933168058 22.0219119135094
17759.3147693119 21.8364668044069
17825.3810837868 21.640731541452
17891.6931711401 21.5610754362655
17958.2519456698 21.4664440260828
18025.0583250755 21.3813041290027
18092.1132304703 21.2770310236423
18159.4175863943 21.1683927974252
18226.9723208268 21.0370871375678
18294.7783651994 20.8984908992367
18362.8366544084 20.7499852643951
18431.1481268284 20.6183382288288
18499.7137243246 20.4566821984702
18568.5343922661 20.2989710163172
18637.6110795389 20.1417928619512
18706.9447385587 19.9603248331405
18776.5363252847 19.8094289583449
18846.3867992321 19.6396596556013
18916.4971234854 19.4431578719283
18986.8682647123 19.2565159144122
19057.5011931763 19.0609514257642
19128.3968827505 18.8577105909882
19199.5563109307 18.6435804732954
19270.9804588494 18.4219093629459
19342.6703112886 18.236409055094
19414.6268566943 18.0361273583589
19486.851087189 17.8386357882578
19559.3439985865 17.6104308048903
19632.1065904049 17.3573446530516
19705.1398658807 17.1343845611062
19778.4448319822 16.8847386481795
19852.0224994243 16.6510230242707
19925.8738826813 16.4210033416748
20000.0000000017 16.4210033416748
