10 10.5987987518311
10.0372009367102 10.6067066148141
10.0745402643896 10.5882347662921
10.1120184978655 10.5481596925223
10.1496361538807 10.508159759226
10.1873937510998 10.4684824276886
10.2252918101175 10.4297508461508
10.2633308534646 10.3910890405125
10.3015114056161 10.3524946019353
10.3398339929981 10.3146240499597
10.3782991439948 10.2769056377271
10.4169073889563 10.2392482007314
10.4556592602056 10.202266366965
10.4945552920458 10.165832689022
10.5335960207679 10.1294546295202
10.5727819846578 10.09337101298
10.6121137240039 10.0581638471607
10.6515917811047 10.0230106747819
10.6912167002759 9.98791102355257
10.7309890278581 9.95346964664872
10.7709093122244 9.91916084046542
10.8109781037879 9.88490472077485
10.8511959550093 9.85129002783454
10.8915634204045 9.81820201475359
10.9320810565522 9.78516401448493
10.9727494221018 9.75232338275496
11.0135690777806 9.72007258909958
11.0545405864021 9.68787006309787
11.0956645128736 9.65571249074613
11.1369414242037 9.62449038622075
11.1783718895104 9.59341968710408
11.2199564800288 9.56260198341653
11.2616957691193 9.5322590546892
11.3035903322749 9.5023797322565
11.3456407471298 9.47255066760999
11.3878475934668 9.44299719327103
11.4302114532258 9.4142386686378
11.4727329105113 9.38553022520036
11.515412551601 9.35687146014728
11.5582509649534 9.32885769338822
11.6012487412161 9.30096244807731
11.6444064732342 9.27311887578259
11.6877247560581 9.24598617928836
11.7312041869517 9.21942415406713
11.774845365401 9.19293675183265
11.818648893122 9.16667103798461
11.8626153740693 9.14099419510824
11.9067454144441 9.11539146709865
11.9510396227028 9.08986169683911
11.9954986095653 9.06497481148104
12.0401229880234 9.0402307498325
12.0849133733495 9.01555722527463
12.1298703831044 8.99159433140299
12.1749946371469 8.96817389370118
12.2202867576412 8.94482306752411
12.2657473690664 8.92173847778006
12.3113770982243 8.89935991214432
12.3571765742489 8.87705050015864
12.4031464286144 8.85480895957377
12.4492872951442 8.83318620545026
12.4955998100196 8.81169506964405
12.5420846117884 8.79027275048212
12.5887423413741 8.78816888396428
12.6355736420843 8.77544110146682
12.6825791596199 8.76287647988481
12.7297595420838 8.75072280763307
12.7771154399899 8.73947820176847
12.8246475062721 8.72839841546832
12.8723563962932 8.71748543208071
12.9202427678541 8.70727243417653
12.9683072812028 8.69728283551464
13.0165505990434 8.68746289177376
13.0649733865454 8.67826470222356
13.1135763113527 8.66956799599623
13.162360043593 8.66104223921418
13.2113252558868 8.65292460212164
13.260472623357 8.64568991755845
13.3098028236379 8.63862421778962
13.3593165368846 8.63172916614426
13.4090144457825 8.62551692342773
13.4588972355569 8.61952976666039
13.5089655939818 8.61371325389323
13.5592202113899 8.60850049127824
13.6096617806823 8.60377028180992
13.6602909973373 8.59921357725079
13.7111085594207 8.59505269601126
13.7621151675953 8.59170820363775
13.8133115251301 8.58853817305693
13.8646983379105 8.58554459037548
13.9162763144479 8.58336542774841
13.9680461658894 8.58142662132317
14.0200086060276 8.57974530670618
14.0721643513105 8.5786409416985
14.1245141208514 8.5780286842514
14.1770586364386 8.57767868143862
14.2297986225456 8.57780743230465
14.2827348063412 8.57881927367043
14.3358679176991 8.5800933848272
14.3891986892083 8.58163167882173
14.442727856183 8.58417319368004
14.496456156673 8.58703613341877
14.5503843314737 8.5901641735694
14.6045131241361 8.59386634524919
14.6588432809775 8.59805681291314
14.7133755510915 8.60251526190531
14.7681106863584 8.60742096384227
14.8230494414556 8.61309241178637
14.8781925738679 8.61897178976669
14.9335408438982 8.62505907796699
14.9890950146774 8.63195804389596
15.0448558521758 8.63911816647295
15.1008241252129 8.64649006669358
15.1570006054682 8.65441990849316
15.2133860674922 8.66280834875626
15.2699812887167 8.67140863876467
15.3267870494654 8.68041993125504
15.3838041329651 8.690209356459
15.4410333253564 8.70021342568412
15.498475415704 8.71043211748326
15.5561311960084 8.72138210947313
15.6140014612162 8.73259357326043
15.6720870092313 8.74402243002461
15.730388640926 8.75604438772859
15.7889071601517 8.76855089649649
15.8476433737505 8.78128729941949
15.9065980915658 8.79442882548169
15.9657721264536 8.80828391310797
16.0251662942941 8.82237261377432
16.0847814140026 8.83669466160038
16.1446183075405 8.85177022987157
16.2046777999274 8.86712175298249
16.2649607192518 8.88270936808079
16.3254678966828 8.89893336603713
16.3862001664817 8.91566854767563
16.447158366013 8.93265997834995
16.5083433357566 8.95005529701724
16.569755919319 8.96811305423336
16.6313969634448 8.98642626927485
16.6932673180286 9.00499805601481
16.7553678361271 9.02442568322127
16.8176993739698 9.0441522413776
16.880262790972 9.06413854888217
16.9430589497458 9.08468659176799
17.0060887161124 9.10569301816128
17.069352959114 9.12696261324404
17.1328525510256 9.1486654270373
17.1965883673671 9.17106432461079
17.2605612869157 9.19373046078078
17.3247721917173 9.21666538256659
17.3892219670996 9.24040441778461
17.4539115016833 9.2644407893049
17.5188416873952 9.28874813162639
17.5840134194801 9.31368940108284
17.649427596513 9.33913142692756
17.7150851204118 9.36484779956658
17.7809868964498 9.39096550649755
17.8471338332678 9.41769894037668
17.9135268428867 9.44470895045748
17.9801668407205 9.47199799065221
18.0470547455885 9.50008888449968
18.1141914797281 9.52849406223562
18.1815779688074 9.55717957496965
18.2492151419383 9.58641393258228
18.3171039316889 9.61610490158306
18.3852452740965 9.64608423512191
18.4536401086808 9.67652326521568
18.5222893784564 9.70766072178266
18.5911940299459 9.73906988274773
18.6603550131934 9.77059001230206
18.7297732817769 9.80251535785913
18.799449792822 9.83445829263971
18.8693855070149 9.86639533772343
18.9395813886156 9.89862940574571
19.0100384054711 9.93104363847653
19.0807575290291 9.96345442473109
19.151739734351 9.9960034348427
19.2229860001258 10.0288924151737
19.2944973086829 10.0617803304553
19.3662746460064 10.0946668363678
19.4383190017482 10.1280263550697
19.5106313692418 10.1614054748751
19.5832127455161 10.1947855097104
19.6560641313089 10.2284170021681
19.7291865310809 10.2622058558914
19.8025809530295 10.2959829313715
19.8762484091027 10.3298860210811
19.950189915013 10.3641168186221
20.0244064902514 10.3983354831383
20.0988991581017 10.4325424877567
20.1736689456542 10.467110232648
20.2487168838201 10.5016834785533
20.3240440073458 10.5362466382649
20.3996513548271 10.5710796149393
20.4755399687231 10.606067568926
20.5517108953714 10.6410468766889
20.6281651850019 10.6761516887071
20.7049038917513 10.7115580359453
20.7819280736781 10.7469573466029
20.8592387927765 10.7823482739103
20.9368371149918 10.8180956103372
21.0147241102344 10.8540226937205
21.092900852395 10.8901508497494
21.1713684193594 10.9267038162842
21.2501278930231 10.9635906692631
21.3291803593062 11.0006783437396
21.4085269081689 11.0380895328434
21.4881686336258 11.0759925448932
21.5681066337615 11.1140970892955
21.6483420107456 11.1524028197552
21.7288758708478 11.1912497303931
21.8097093244533 11.2303074707675
21.8908434860779 11.2695661210661
21.9722794743837 11.3092665219224
22.0540184121942 11.3493015305525
22.1360614265099 11.3895305323045
22.2184096485239 11.4299960767945
22.3010642136375 11.4708446032817
22.3840262614756 11.5118154111198
22.4672969359028 11.5529071571194
22.5508773850389 11.5944427495093
22.6347687612749 11.6361090157851
22.7189722212887 11.6778969884181
22.8034889260611 11.7200246849371
22.8883200408921 11.7623944654033
22.9734667354164 11.8048838882962
23.0589301836202 11.8475965407959
23.1447115638567 11.8906560282038
23.230812058863 11.9338302542779
23.3172328557757 11.9769681731934
23.4039751461482 12.0202229676794
23.491040125966 12.0632871995148
23.5784289956642 12.1062110657093
23.6661429601435 12.1492011694542
23.754183228787 12.1921665291141
23.8425510154766 12.2350019206727
23.9312475386102 12.2777995232089
24.0202740211181 12.3206762392756
24.1096316904802 12.3634181963947
24.1993217787425 12.4060306700973
24.2893455225345 12.4487966197347
24.3797041630861 12.4914363057929
24.4703989462445 12.5339437040792
24.5614311224917 12.5764986296101
24.6528019469616 12.6190158942811
24.7445126794573 12.6613998972866
24.8365645844686 12.703740874705
24.9289589311891 12.7461347755122
25.0216969935341 12.7883962910408
25.1147800501579 12.8305261821245
25.2082093844715 12.8727910162098
25.3019862846603 12.9149292062092
25.3961120437021 12.9569337977974
25.4905879593843 12.9989589091109
25.5854153343225 13.0409338061146
25.6805954759781 13.0827465398813
25.7761296966763 13.1244730224788
25.8720193136242 13.1661903633765
25.9682656489293 13.2077255744256
26.0648700296171 13.2490764994391
26.1618337876502 13.2904353954326
26.2591582599459 13.3315225926036
26.356844788395 13.3723834680841
26.4548947198803 13.4132078832801
26.5533094062951 13.453920742152
26.6520902045621 13.4944353641854
26.7512384766515 13.5348084052627
26.8507555896003 13.5751027648973
26.9506429155313 13.6151988390741
27.0509018316712 13.6550971741265
27.1515337203705 13.6950094653675
27.2525399691221 13.7347228480991
27.3539219705804 13.7742386176256
27.4556811225806 13.8136921991278
27.5578188281582 13.8530156927957
27.6603364955679 13.8921400256356
27.7632355383033 13.9311229482006
27.8665173751163 13.9700248198744
27.9701834300368 14.008755349716
28.0742351323921 14.0473591763174
28.1786739168268 14.0859906173908
28.2835012233224 14.1244957079787
28.3887184972175 14.1628735760203
28.4943271892273 14.2012442251652
28.6003287554639 14.2395497482996
28.7067246574561 14.2777292097839
28.81351636217 14.3158310936994
28.9207053420286 14.3539150537953
29.0282930749329 14.3918598200127
29.1362810442814 14.4296661966651
29.2446707389912 14.467452958066
29.3534636535184 14.5051019941855
29.4626612878783 14.5426090586917
29.5722651476666 14.5802095686062
29.6822767440801 14.617895760188
29.7926975939372 14.6556176073509
29.9035292196989 14.6934220106945
30.0147731494902 14.7313578246311
30.1264309171207 14.7693263478103
30.2385040621058 14.8073242918225
30.3509941296883 14.8456745214812
30.4639026708593 14.884298066363
30.5772312423796 14.9231942041578
30.6909814068016 14.9624244501486
30.8051547324904 15.0019540552008
30.9197527936455 15.0417540039384
31.0347771703225 15.0818664338222
31.1502294484553 15.1223271847524
31.2661112198773 15.1630582269076
31.3824240823437 15.2040684257924
31.4991696395536 15.2454316652777
31.616349501172 15.287090062779
31.733965282852 15.3290444723084
31.852018606257 15.3713532395045
31.9705110990833 15.4139854752304
32.0894443950822 15.4569115182486
32.2088201340828 15.5001506050041
32.3286399620146 15.5437211910083
32.4489055309299 15.5875843448692
32.569618499027 15.6317425794695
32.6907805306726 15.6767978263728
32.8123932964254 15.7227716861881
32.9344584730584 15.7697196117587
33.0569777435824 15.8177410101136
33.1799527972693 15.8668101090131
33.3033853296751 15.9166998150674
33.4272770426635 15.9673883320198
33.5516296444293 16.0188814868453
33.6764448495218 16.0711612041675
33.8017243788689 16.124237446439
33.9274699598002 16.1781344043581
34.0536833260713 16.2329021333406
34.1803662178875 16.2885645512142
34.3075203819277 16.3451207451905
34.4351475713689 16.4025731975466
34.5632495459097 16.460926917278
34.6918280717952 16.5201942667658
34.8208849218411 16.5803891252706
34.9504218754581 16.6413581298892
35.0804407186764 16.702785586046
35.2109432441705 16.7648707020789
35.3419312512837 16.8274101580028
35.4734065460531 16.8904069886689
35.6053709412345 16.9537646242512
35.7378262563273 17.0175375686231
35.8707743175993 17.0817742445521
36.0042169581128 17.1464489716033
36.1381560177486 17.2115359839689
36.2725933432325 17.2771066990265
36.40753078816 17.3431639797098
36.5429702130224 17.4096534345443
36.6789134852321 17.4768564157028
36.8153624791483 17.5448157965054
36.9523190761032 17.613629781859
37.0897851644277 17.6834824313905
37.2277626394773 17.7543937668252
37.3662534036585 17.8281176495124
37.5052593664551 17.9048246040978
37.6447824444542 17.9845482404567
37.7848245613726 18.0672932833037
37.9253876480839 18.1530757527232
38.0664736426444 18.2419044130866
38.2080844903204 18.3337919896433
38.3502221436146 18.4287214498775
38.4928885622931 18.5267213770317
38.6360857134129 18.6278077647243
38.7798155713483 18.7319926474112
38.9240801178185 18.8392850670492
39.068881341915 18.949695095036
39.2142212401288 19.0631803668163
39.3601018163781 19.1795735402616
39.5065250820358 19.29890671652
39.6534930559574 19.4210824614612
39.8010077645086 19.5460637209226
39.9490712415935 19.6738464044654
40.0976855286824 19.8044212920449
40.2468526748401 19.9378164414266
40.3965747367541 20.0740212116444
40.5468537787631 20.2130581353149
40.6976918728852 20.3549490139149
40.8490910988465 20.4997735344956
41.0010535441102 20.6474806912109
41.1535813039047 20.7980782289602
41.3066764812531 20.951593045932
41.4603411870018 21.1080176352848
41.6145775398498 21.2673618653175
41.7693876663778 21.4296527271117
41.9247737010778 21.5951132559565
42.080737786382 21.7612969268343
42.2372820726929 21.9282038750869
42.3944087184125 22.0959086272363
42.5521198899724 22.2643677173907
42.7104177618635 22.433587025702
42.869304516666 22.6035211972515
43.0287823450793 22.7741379839451
43.1888534459529 22.9454451901987
43.3495200263157 23.1174547149969
43.5107843014072 23.2901841844328
43.6726484947079 23.4636335402789
43.8351148379697 23.6378264226808
43.9981855712467 23.8127341665672
44.1618629429266 23.9884030504697
44.3261492097609 24.1646845349745
44.4910466368967 24.3413655269262
44.6565574979076 24.5184672626761
44.822684074825 24.6960246035373
44.9894286581698 24.8740282903744
45.1567935469838 25.0524769604175
45.3247810488614 25.2314088055677
45.4933934799815 25.4108320217206
45.6626331651395 25.5906880497598
45.8325024377791 25.7710570917822
46.0030036400248 25.9519707086637
46.1741391227139 26.1330680829369
46.345911245429 26.3143922187128
46.5183223765307 26.4959854333272
46.69137489319 26.6761694769246
46.8650711814213 26.854565516552
47.0394136361151 27.0309507285824
47.2144046610712 27.2040515777307
47.3900466690317 27.373782625677
47.5663420817144 27.5402018165483
47.743293329846 27.7033096150203
47.9209028531959 27.8630223780059
48.0991731006096 28.0191771674149
48.2781065300423 28.1717566087047
48.4577056085935 28.3206780133751
48.63797281254 28.4658977315301
48.8189106273711 28.6074909794201
49.000521547822 28.7459784979363
49.1828080779086 28.8814812836678
49.3657727309621 29.014170036077
49.5494180296635 29.1442003080432
49.7337465060782 29.2713228768876
49.9187607016915 29.3955811899626
50.1044631674429 29.5170507438303
50.2908564637618 29.635622678393
50.4779431606027 29.7512434310437
50.6657258374805 29.8640328210132
50.854207083506 29.9739595338408
51.043389497422 30.080778743741
51.2332756876387 30.1850048156844
51.4238682722698 30.2882032125106
51.6151698791687 30.3901292746087
51.8071831459647 30.4904198155243
51.9999107200992 30.5890800227068
52.1933552588626 30.6859796924231
52.3875194294302 30.7801626142247
52.5824059089 30.8715900283327
52.7780173843286 30.9592926641759
52.9743565527689 31.0429110822483
53.1714261213071 31.1226754244859
53.3692288070999 31.1985418025572
53.5677673374123 31.2705342404836
53.7670444496548 31.339555866856
53.9670628914213 31.4056221485274
54.1678254205271 31.4686665624136
54.3693348050468 31.5286425446431
54.5715938233525 31.5855711724916
54.7746052641521 31.6394253949874
54.9783719265278 31.6905253536944
55.1828966199745 31.7389299630565
55.3881821644389 31.7847382222985
55.594231390358 31.8284131577114
55.8010471386984 31.8698022472336
56.0086322609952 31.9087580887294
56.2169896193917 31.9454209018214
56.4261220866785 31.9798357124806
56.6360325463332 32.011726441139
56.8467238925604 32.0411145883626
57.0581990303312 32.0684011040943
57.2704608754236 32.0930899226179
57.4835123544625 32.1153106143995
57.6973564049602 32.136375351265
57.9119959753568 32.1559945025807
58.1274340250607 32.1740226935946
58.3436735244898 32.1905746321241
58.5607174551122 32.2056693280172
58.7785688094872 32.2190017988094
58.9972305913069 32.2306022669036
59.2167058154372 32.2395019690476
59.4369975079597 32.2466011299149
59.6581087062134 32.2519035498794
59.8800424588363 32.2556266689064
60.1028018258077 32.2577323871039
60.3263898784903 32.2586517337549
60.5508096996726 32.258792884962
60.7760643836113 32.2597923214911
61.0021570360742 32.2615127751916
61.2290907743825 32.2639770413525
61.4568687274545 32.2672615317974
61.685494035848 32.2712936519607
61.9149698518044 32.2760734444559
62.1452993392914 32.2816925419851
62.376485674047 32.2881050661063
62.6085320436233 32.2953720125116
62.8414416474305 32.3035697775151
63.0752176967808 32.3093109007339
63.3098634149326 32.3125915439529
63.5453820371355 32.3134040783751
63.7817768106743 32.3117637567932
64.0190509949139 32.3076553235277
64.2572078613447 32.3010979225437
64.4962506936269 32.292083863452
64.7361827876367 32.2806205930189
64.9770074515108 32.2667120180134
65.2187280056928 32.2498778500209
65.4613477829786 32.2282945238934
65.7048701285624 32.2019808068295
65.9492984000827 32.1719432041676
66.1946359676689 32.138351071491
66.4408862139876 32.1018411559895
66.688052534289 32.0647501809861
66.9361383364543 32.0270124226944
67.1851470410421 31.9886956216246
67.4350820813359 31.9498480824903
67.6859469033913 31.9111819041921
67.9377449660834 31.8731478460468
68.190479741155 31.8369545959744
68.4441547132637 31.8025987112462
68.6987733800307 31.7699054575294
68.9543392520884 31.7391375153893
69.2108558531293 31.7099893004362
69.4683267199542 31.6820720822662
69.7267554025213 31.6555860398566
69.9861454639949 31.6313609708635
70.2465004807944 31.6098287781887
70.5078240426442 31.5910551828562
70.7701197526224 31.5729464793228
71.0333912272113 31.5554639653903
71.2976420963466 31.5384104104515
71.5628760034677 31.5220259341803
71.8290966055681 31.506322707903
72.0963075732454 31.4910716159112
72.3645125907524 31.4778669954615
72.6337153560475 31.4661654439923
72.903919580846 31.4558869719588
73.1751289906711 31.4467011769454
73.4473473249052 31.4374790943498
73.7205783368417 31.4281865088885
73.9948257937363 31.4202213715465
74.2700934768597 31.414018683799
74.5463851815488 31.4094772591069
74.82370471726 31.4062996238124
75.1020559076207 31.404479996801
75.3814425904831 31.4040203189187
75.6618686179762 31.4048042539479
75.9433378565593 31.4068145916124
76.2258541870754 31.4101944174235
76.5094215048047 31.4149360523642
76.7940437195179 31.4210777115769
77.0797247555308 31.427501624211
77.3664685517576 31.4341392104625
77.654279061766 31.4406070136247
77.9431602538311 31.4465694271556
78.2331161109905 31.451972960702
78.524150631099 31.4574185134515
78.8162678268838 31.4632282039904
79.1094717259999 31.4693812809495
79.4037663710853 31.4743652797317
79.6991558198174 31.4781284091305
79.9956441449681 31.4805393237481
80.2932354344608 31.4815769183573
80.5919337914261 31.4813766482254
80.8917433342586 31.4798202679773
81.192668196674 31.4778022400165
81.4947125277655 31.4742393529189
81.7978804920615 31.4686584764445
82.1021762695827 31.4609354829907
82.4076040558999 31.4511545700077
82.714168062192 31.4395235485372
83.0218725153037 31.4258327909948
83.3307216578039 31.4100759892315
83.6407197480444 31.3924043633784
83.9518710602185 31.3736554827521
84.2641798844197 31.3548852908874
84.5776505267013 31.336227503186
84.8922873091352 31.3175468977513
85.2080945698721 31.2978952452125
85.525076663201 31.277095870431
85.8432379596091 31.2541847855025
86.1625828458423 31.2290191266083
86.4831157249656 31.2015972500314
86.804841016424 31.1721190491672
87.1277631561029 31.1403711839547
87.4518865963899 31.1062605561693
87.7772158062356 31.0699003046629
88.103755271216 31.0312858464192
88.4315094935933 30.9902536273914
88.760482992379 30.9459972096549
89.0906803033954 30.9000114351675
89.4221059793388 30.8520008740692
89.7547645898416 30.8019586519432
90.088660721536 30.7499199648321
90.4237989781166 30.6958386990141
90.7601839804045 30.6396925166515
91.0978203664104 30.582422888022
91.436712791399 30.5240099421774
91.7768659279529 30.4640574142163
92.1182844660374 30.4028628470206
92.4609731130645 30.3417095883038
92.8049365939585 30.2808155973929
93.1501796512209 30.2200732290395
93.4967070449956 30.1585916983003
93.8445235531347 30.0965723491505
94.1936339712644 30.0350570787648
94.5440431128511 29.9747774589412
94.8957558092676 29.9157263403465
95.2487769098601 29.8581413340837
95.6031112820147 29.8028926827446
95.9587638112245 29.7507571206946
96.3157394011573 29.7007183585729
96.674042973723 29.6529005412514
97.0336794691412 29.6076370144355
97.39465384601 29.5652293585266
97.7569710813735 29.5257647029121
98.1206361707911 29.4860572612643
98.4856541284063 29.4461005201459
98.8520299870155 29.4055440439373
99.2197687981374 29.3639873683757
99.5888756320832 29.3204249405843
99.9593555780259 29.2782443182657
100.331213744071 29.238580827311
100.704455257326 29.2017838863097
101.079085263972 29.1680260639759
101.455108929334 29.1373672274879
101.832531437955 29.1097166605289
102.211357993661 29.0845679715352
102.591593819639 29.0620001227304
102.973244158507 29.042303066078
103.356314272386 29.025768337779
103.74080944297 29.0141620140468
104.126734971605 29.0074958641819
104.514096179357 29.0055065305825
104.902898407086 29.0071353816646
105.293147015521 29.0115986401081
105.684847385335 29.0190373107475
106.078004917216 29.0294457161696
106.472625031943 29.0429172277184
106.868713170461 29.0594158085943
107.266274793956 29.0808182706173
107.665315383931 29.1098271940841
108.065840442278 29.1464728183486
108.467855491361 29.1906545495625
108.871366074083 29.2433983618491
109.27637775397 29.3048157620906
109.682896115245 29.3697103868851
110.090926762902 29.4333152209115
110.500475322789 29.4956744721371
110.911547441682 29.5561126621036
111.324148787363 29.6142080390004
111.738285048698 29.6699357177371
112.153961935718 29.7235966684471
112.571185179695 29.7763770914143
112.98996053322 29.8287812292185
113.410293770289 29.880832695632
113.832190686372 29.9326228138623
114.255657098502 29.9851174198816
114.680698845352 30.0377631796731
115.107321787315 30.0905417277788
115.535531806584 30.1443025867912
115.965334807235 30.198952080313
116.396736715309 30.2546578239489
116.829743478891 30.3142167666615
117.264361068193 30.3775505142036
117.700595475639 30.4440484702299
118.138452715943 30.5130637682871
118.577938826195 30.5837874252389
119.019059865945 30.6562636284145
119.461821917283 30.7309740975991
119.906231084925 30.8080514300261
120.3522934963 30.8886449150272
120.800015301628 30.9740575782928
121.24940267401 31.0646205224644
121.700461809513 31.1603239840551
122.15319892725 31.2613870322545
122.607620269474 31.3679294657249
123.063732101657 31.4750069628171
123.52154071258 31.5791861174769
123.981052414419 31.6780005883863
124.442273542832 31.7714514529373
124.905210457046 31.8594604615536
125.369869539945 31.9428037086963
125.836257198157 32.0235556283465
126.304379862144 32.1051860338662
126.774243986291 32.1876636413476
127.245856048992 32.2709615517213
127.719222552743 32.3550452353227
128.194350024229 32.4389760811824
128.671245014415 32.5198051680185
129.149914098635 32.5975679437875
129.630363876686 32.6726291846191
130.112600972915 32.7449693169802
130.596632036314 32.8134495948633
131.082463740608 32.879471511038
131.570102784351 32.9431233587923
132.059555891015 33.0050164295797
132.550829809082 33.0651477360733
133.043931312143 33.1246072379379
133.538867198985 33.1841815849185
134.035644293687 33.2443237017616
134.534269445714 33.3050420487295
135.034749530014 33.3648649559476
135.537091447108 33.4226071156414
136.041302123189 33.47841606516
136.547388510214 33.5323442556096
137.055357586005 33.5836180330136
137.56521635434 33.6336174296348
138.076971845052 33.6838576252205
138.590631114126 33.7359002627335
139.106201243796 33.7871818612859
139.623689342642 33.8377267459079
140.14310254569 33.8873143765466
140.664448014507 33.9367221964535
141.187732937303 33.987690397234
141.712964529029 34.0426709539038
142.240150031474 34.099610158305
142.769296713371 34.1569970685288
143.30041187049 34.2148815522807
143.833502825744 34.2713286145607
144.368576929286 34.322273328188
144.905641558614 34.3672524870398
145.444704118671 34.4058953511094
145.985772041946 34.4382282035698
146.528852788578 34.4627951861583
147.073953846458 34.4790991093592
147.621082731334 34.4874115107087
148.170246986912 34.4889220810027
148.721454184961 34.4844359849687
149.274711925419 34.4762345442393
149.830027836496 34.4650498343638
150.387409574779 34.4507597574249
150.946864825339 34.433353550502
151.508401301835 34.4098665956466
152.072026746624 34.3773799837894
152.637748930863 34.3358197882414
153.205575654619 34.2852178197838
153.775514746977 34.2257688050243
154.347574066145 34.1595465789958
154.921761499565 34.0936553987345
155.498084964022 34.0330727157325
156.076552405752 33.9789620322502
156.657171800551 33.9351421540392
157.239951153886 33.901477544721
157.824898501005 33.878021516187
158.412021907047 33.8646277801733
159.001329467157 33.8562812626038
159.592829306591 33.8508644576222
160.186529580835 33.846706369263
160.78243847571 33.8446617185023
161.380564207495 33.84558867596
161.980915023028 33.8484649936385
162.583499199831 33.8529053026617
163.188325046216 33.8585853699172
163.795400901405 33.8655129273557
164.40473513564 33.8735618031714
165.016336150303 33.8807830101931
165.630212378031 33.8894003963167
166.246372282828 33.9012795496428
166.864824360187 33.9172402063593
167.485577137204 33.9371985327829
168.108639172699 33.9528884031737
168.734019057329 33.9625395959783
169.36172541371 33.9661331141893
169.991766896534 33.9622191061661
170.624152192691 33.9496648441041
171.258890021386 33.9282953321715
171.89598913426 33.8978656272002
172.535458315511 33.8582269685618
173.177306382017 33.8096848097996
173.821542183453 33.7569890379901
174.468174602416 33.7034603716303
175.117212554548 33.6564792765481
175.768664988659 33.6211889912415
176.422540886846 33.5975877835953
177.078849264624 33.5847319801857
177.737599171045 33.5777434624127
178.398799688823 33.5679360031521
179.062459934462 33.5552214484135
179.728589058382 33.5425072261284
180.397196245039 33.5316849610041
181.068290713059 33.526180329776
181.741881715363 33.528541562811
182.417978539291 33.5387915737272
183.096590506735 33.5569001149942
183.777726974264 33.5828629434043
184.461397333255 33.6176339479938
185.147611010021 33.660133206321
185.836377465944 33.7128866162029
186.5277061976 33.7745396125158
187.221606736895 33.8418391756064
187.918088651195 33.9123151495695
188.617161543456 33.9764789769955
189.318835052359 34.0379526452191
190.023118852442 34.096767567885
190.730022654232 34.15297289007
191.439556204381 34.2060505941321
192.151729285799 34.2556607247862
192.86655171779 34.3016322336517
193.584033356187 34.3447343661722
194.304184093485 34.3838234009083
195.027013858983 34.4169618889167
195.752532618918 34.4442939630427
196.480750376599 34.4702532308332
197.211677172552 34.4953920880758
197.945323084652 34.5198706023906
198.681698228267 34.5421370424155
199.420812756393 34.5573654567123
200.162676859797 34.5623130616152
200.907300767158 34.5576591622038
201.654694745203 34.5490951361561
202.404869098855 34.5375176648371
203.157834171373 34.5263901161407
203.913600344492 34.5189171270859
204.672178038568 34.5149688831734
205.433577712722 34.5184326136526
206.197809864986 34.5304068725126
206.964885032443 34.5514754017005
207.734813791375 34.5810583597776
208.50760675741 34.618808386583
209.283274585667 34.6609227422172
210.061827970903 34.7005691201808
210.84327764766 34.7349968210833
211.627634390414 34.7647054545581
212.414909013722 34.7995723673004
213.205112372374 34.840343696325
213.998255361539 34.8872486897197
214.794348916918 34.9399419100394
215.593404014895 34.9983791515313
216.395431672684 35.0625038277096
217.200442948486 35.1303408824704
218.008448941641 35.2010150858682
218.819460792778 35.2731478271478
219.633489683968 35.344376081853
220.450546838885 35.4107056061694
221.270643522953 35.4673880414079
222.093791043505 35.5146672396487
222.920000749938 35.5519638951002
223.749284033871 35.5804901469337
224.5816523293 35.6045265785787
225.417117112757 35.6237640854862
226.255689903467 35.6376609533474
227.097382263509 35.6436195356579
227.942205797972 35.6414908650974
228.790172155119 35.6315994755958
229.641293026544 35.6139946677627
230.495580147337 35.5939253417483
231.35304529624 35.5718001562053
232.213700295818 35.5476493542911
233.077557012612 35.5212365238137
233.944627357311 35.4914206853926
234.814923284911 35.4564744189302
235.688456794884 35.4139711662436
236.565239931339 35.3633502978153
237.44528478319 35.314014317089
238.328603484325 35.2769545046963
239.215208213769 35.2532692421449
240.105111195857 35.2422867634542
240.998324700395 35.2432136995762
241.894861042839 35.256214056443
242.794732584456 35.2805937048122
243.6979517325 35.3121070674453
244.60453094038 35.3491627688728
245.514482707834 35.3876152941865
246.427819581099 35.4265134020793
247.344554153085 35.4641264000553
248.264699063551 35.4979020759266
249.188266999274 35.528205992645
250.11527069423 35.5557977568689
251.045722929764 35.5846064341871
251.979636534771 35.6169398146447
252.91702438587 35.6529312717524
253.85789940758 35.6855469920492
254.802274572504 35.7100104758479
255.750162901502 35.7247962181713
256.701577463874 35.7281302574587
257.656531377538 35.7191885386557
258.615037809212 35.697613064874
259.577109974596 35.6614573598095
260.542761138553 35.6112399979051
261.512004615294 35.5486289065584
262.484853768559 35.474617726747
263.461322011801 35.393845613169
264.441422808376 35.3142711507782
265.42516967172 35.2362481134705
266.412576165545 35.1610406146159
267.403655904018 35.0903396678962
268.398422551953 35.0317239016284
269.396889825 34.9866368185458
270.39907148983 34.9525797316368
271.404981364328 34.9278142634381
272.414633317784 34.9108773787493
273.428041271082 34.8958549229399
274.445219196894 34.8799133574597
275.466181119869 34.8580552302185
276.490941116832 34.8319281338045
277.519513316975 34.8065945688393
278.551911902049 34.7836837479182
279.588151106566 34.7637522558168
280.628245217989 34.7489661455872
281.672208576933 34.7417755272458
282.720055577362 34.7436752198482
283.771800666785 34.7562563211896
284.827458346459 34.7768899234979
285.887043171586 34.8042561486292
286.950569751514 34.8336641514923
288.018052749942 34.8609958973313
289.089506885116 34.8849525190205
290.164946930037 34.8990516586736
291.244387712663 34.9003448146506
292.327844116112 34.8878746747937
293.41533107887 34.8624499530848
294.506863594997 34.8241311121818
295.602456714328 34.7782475386288
296.702125542688 34.7431143064733
297.805885242097 34.7192724413763
298.913751030978 34.6940804956209
300.025738184368 34.6579852805883
301.14186203413 34.6198048667192
302.262137969162 34.5833018052538
303.386581435609 34.5433889067953
304.51520793708 34.4957461353344
305.648033034855 34.4427570140502
306.785072348107 34.3830142343098
307.926341554112 34.316809930441
309.071856388467 34.2463119560928
310.221632645308 34.1749182698874
311.375686177524 34.1042433272862
312.534032896982 34.0335079507685
313.69668877474 33.9634435932532
314.86366984127 33.8998684539559
316.03499218668 33.8456922106873
317.210671960934 33.8014523603124
318.390725374075 33.7657507028732
319.57516869645 33.7413406008971
320.764018258932 33.7302970669151
321.957290453147 33.7278786230891
323.1550017317 33.732048061718
324.3571686084 33.743041908885
325.563807658489 33.7572593148276
326.774935518872 33.7708168239828
327.990568888343 33.7804069426124
329.210724527818 33.7861824031643
330.435419260565 33.7854309115988
331.664669972436 33.7821731643544
332.898493612101 33.791625938915
334.136907191279 33.8127442444068
335.379927784974 33.8368761027351
336.627572531714 33.853004484666
337.879858633779 33.8570212903302
339.136803357447 33.8488159632235
340.398424033226 33.8269350475818
341.664738056097 33.7917097465785
342.935762885749 33.745056049543
344.211516046826 33.6902313784544
345.492015129163 33.627551496414
346.777277788032 33.5634882517108
348.067321744384 33.5113372816034
349.362164785094 33.4642328664311
350.661824763204 33.4098286019238
351.966319598173 33.3523097722258
353.275667276122 33.3038024308478
354.58988585008 33.2647129629909
355.908993440238 33.2278405112423
357.233008234193 33.18552757134
358.561948487204 33.138736802043
359.895832522439 33.0924304953328
361.234678731231 33.0484772201871
362.578505573331 33.0127179386953
363.927331577162 32.9881592899893
365.281175340072 32.9762307411609
366.640055528597 32.9714927635012
368.003990878711 32.9709892298464
369.373000196088 32.9726104912413
370.747102356362 32.9742927606758
372.126316305386 32.9792976552232
373.510661059493 32.985195207022
374.900155705758 32.99146283864
376.294819402263 33.0112570169329
377.694671378358 33.0397643991643
379.099730934929 33.0614089887343
380.510017444665 33.0657157554409
381.92555035232 33.0593948116686
383.346349174985 33.0567435960571
384.772433502359 33.0496635210357
386.203822997013 33.0391578960558
387.640537394667 33.0218009314143
389.082596504459 32.9986612747728
390.530020209219 32.9911575787619
391.982828465741 32.9936294174931
393.441041305064 32.9880104017736
394.904678832742 32.9825630736704
396.373761229123 32.985061661545
397.848308749629 32.9869575034084
399.328341725034 32.9810332799226
400.813880561743 32.9593923428178
402.304945742077 32.9174723839751
403.801557824551 32.8692317445667
405.303737444161 32.8215981799274
406.811505312667 32.7768169805943
408.324882218878 32.7352297093646
409.843889028939 32.6994059893423
411.368546686621 32.6824533120521
412.898876213606 32.6825485849494
414.434898709779 32.6908378208067
415.976635353518 32.70219811566
417.524107401988 32.7135810743039
419.077336191431 32.710285137768
420.636343137464 32.6938820872606
422.20114973537 32.6861648401173
423.771777560397 32.6832008587671
425.348248268055 32.6790083977511
426.930583594415 32.6678428040685
428.518805356409 32.6591301319629
430.112935452127 32.6677894044428
431.712995861126 32.676116962343
433.319008644725 32.6783409052331
434.930995946316 32.6770706206722
436.548979991665 32.6813392620168
438.172983089221 32.6937523954393
439.803027630423 32.7120970340649
441.439136090005 32.7343328774538
443.081331026313 32.7580795414533
444.72963508161 32.7704581487712
446.384070982391 32.7746582021724
448.044661539696 32.7744407157249
449.711429649423 32.7686728909972
451.384398292646 32.746173873696
453.063590535931 32.7226105870417
454.749029531652 32.7062720616247
456.440738518314 32.6886443408742
458.138740820871 32.6569707679647
459.843059851047 32.6118505609903
461.55371910766 32.5860633478757
463.270742176947 32.5782738174622
464.994152732887 32.5862122726418
466.723974537529 32.6025314905003
468.460231441319 32.6190223299999
470.202947383427 32.6252975405943
471.952146392082 32.6234550497579
473.707852584898 32.6138649130737
475.470090169211 32.5944938945401
477.238883442408 32.5748673389014
479.014256792265 32.5616722014266
480.796234697286 32.5584297176327
482.584841727032 32.5572166250122
484.38010254247 32.545139245651
486.182041896305 32.5253791362817
487.990684633326 32.5076447267765
489.806055690746 32.5097732484253
491.628180098547 32.5115013278091
493.457082979826 32.5160293349147
495.292789551138 32.5303154173371
497.135325122848 32.538867833983
498.984715099477 32.517753535278
500.840984980053 32.4900854197387
502.704160358464 32.4620552399235
504.574266923808 32.4412271022049
506.451330460749 32.4232634924759
508.335376849875 32.4052888042176
510.226432068048 32.3949661710468
512.124522188771 32.3890837300898
514.029673382538 32.3650701591254
515.941911917204 32.3309818670539
517.86126415834 32.2933846093193
519.787756569601 32.2509770940491
521.721415713088 32.2122539670077
523.662268249716 32.1814998644406
525.610340939583 32.1664810998114
527.565660642334 32.1573601382977
529.528254317536 32.1509552163516
531.498149025047 32.1329881574268
533.475371925393 32.1112821408682
535.459950280137 32.0976219909448
537.451911452257 32.0876426311076
539.451282906527 32.0768852826712
541.45809220989 32.0474810448885
543.472367031842 32.0051419414876
545.49413514481 31.9709435434538
547.523424424539 31.9503404035033
549.560262850475 31.9343926925131
551.604678506148 31.9115695808994
553.656699579562 31.9023665549305
555.716354363585 31.894702968071
557.783671256334 31.884794331629
559.858678761572 31.8650248029859
561.941405489097 31.8357048141587
564.03188015514 31.7991883283231
566.130131582757 31.7689876417063
568.236188702231 31.7626610322548
570.350080551465 31.7564678692336
572.471836276389 31.7420808679451
574.601485131357 31.7392597414442
576.739056479551 31.7303086089017
578.88457979339 31.7347469273543
581.038084654929 31.7362289419901
583.199600756274 31.732374061275
585.369157899988 31.7145498565825
587.5467859995 31.6942007765876
589.732515079524 31.6986655600376
591.926375276465 31.7215707984982
594.128396838839 31.7490956531176
596.338610127691 31.766816989503
598.557045617011 31.7819364941189
600.783733894154 31.7997740216191
603.018705660264 31.8014886896992
605.261991730696 31.787028956913
607.513623035441 31.762914555734
609.773630619552 31.7440738618254
612.042045643573 31.7427234694693
614.318899383969 31.7561969207325
616.604223233554 31.7604922782784
618.898048701927 31.7578087116794
621.200407415909 31.7660314146403
623.51133111997 31.7779139373108
625.830851676678 31.7935350987366
628.159001067128 31.8201523209355
630.49581139139 31.8400290771783
632.841314868951 31.8722840422954
635.195543839153 31.9122579312324
637.558530761648 31.9660548719968
639.930308216838 32.0196038408039
642.310908906328 32.0451774149006
644.700365653376 32.0875775937403
647.098711403346 32.1443600110398
649.505979224161 32.2021750871346
651.922202306761 32.2605329589818
654.347413965559 32.3239555842994
656.781647638899 32.3873245175483
659.224936889521 32.4511380748686
661.677315405021 32.5094492254364
664.138816998315 32.5748525949568
666.609475608108 32.6395944703791
669.089325299358 32.6909097162227
671.578400263749 32.7270312744862
674.076734820163 32.7563248332461
676.584363415148 32.7682953274161
679.101320623398 32.7759971871486
681.627641148229 32.8041575498233
684.163359822055 32.8486944530199
686.708511606871 32.9003985950421
689.263131594734 32.9563905568606
691.827255008246 33.006240543953
694.400917201039 33.0613779927235
696.984153658268 33.0892107272707
699.576999997092 33.1138455751154
702.179491967171 33.1261481652394
704.791665451156 33.1366843309217
707.413556465187 33.1411132513165
710.045201159385 33.1852832271262
712.686635818355 33.2445752833926
715.337896861682 33.2780495587056
717.999020844436 33.316257439645
720.670044457676 33.35311509005
723.351004528956 33.3962706128974
726.041938022828 33.4708787455772
728.74288204136 33.5275805836998
731.453873824642 33.5652658150785
734.174950751298 33.5916866136978
736.906150339008 33.6331486058645
739.647510245018 33.6835172409754
742.399068266665 33.6975593334961
745.160862341893 33.6944275200366
747.932930549781 33.6967583115201
750.715311111065 33.7107542894933
753.508042388666 33.7209014375707
756.311162888217 33.7240486234845
759.124711258597 33.7285042716283
761.948726292463 33.7440643080864
764.783246926784 33.779437804133
767.628312243377 33.812202588931
770.483961469448 33.8358003405729
773.350233978131 33.8711929874861
776.227169289033 33.882347093147
779.114807068777 33.8945083615636
782.01318713155 33.8742599132832
784.92234943965 33.8451653908586
787.842334104041 33.8050691353987
790.773181384902 33.7695428389713
793.714931692182 33.7326808969266
796.667625586163 33.6913335671095
799.63130377801 33.6651952456562
802.606007130343 33.6272202931591
805.591776657789 33.5770572237997
808.588653527558 33.56337715603
811.596679060002 33.5412788437127
814.615894729193 33.522701331186
817.646342163485 33.4864656944876
820.688063146098 33.4444005492792
823.741099615688 33.3919408711959
826.805493666926 33.3352086234819
829.881287551079 33.2701492125863
832.968523676594 33.2092776467409
836.06724460968 33.1294330931372
839.177493074898 33.0632056758116
842.299311955746 33.0158348757568
845.432744295255 32.9747122769947
848.577833296579 32.9156148890803
851.734622323592 32.8705444047958
854.903154901485 32.8419302430075
858.083474717367 32.8156663749346
861.275625620868 32.7837716060942
864.479651624742 32.7495920794095
867.695596905475 32.7172739204991
870.923505803893 32.6620257445724
874.163422825774 32.6015630461994
877.415392642464 32.5375521280467
880.679460091487 32.480487541994
883.955670177168 32.4254725662399
887.244068071255 32.3781091438681
890.544699113535 32.3541026001754
893.857608812465 32.2785910661911
897.1828428458 32.2007984662532
900.520447061216 32.1540489133728
903.870467476951 32.0797809309288
907.232950282432 32.0161289351129
910.607941838916 31.9471155435586
913.99548868013 31.8543642564138
917.395637512907 31.7652223589125
920.808435217838 31.6801618660165
924.233928849912 31.6017155200034
927.672165639167 31.5104755437324
931.12319299134 31.4125075929394
934.587058488525 31.3524165766105
938.063809889823 31.2879060244736
941.553495132005 31.2109138885088
945.056162330171 31.1216676324444
948.571859778412 31.041024525371
952.100635950479 30.936281530783
955.64253950045 30.8572612257756
959.197619263401 30.7888681918628
962.765924256078 30.7065259389622
966.347503677575 30.6293589475912
969.942406910009 30.5706744985342
973.550683519207 30.5112339497456
977.172383255382 30.461671583688
980.807556053824 30.4170684826519
984.456252035586 30.3537042835681
988.118521508177 30.3103428922848
991.794414966255 30.270492755276
995.483983092322 30.2263816085313
999.187276757423 30.194413852689
1002.90434702185 30.1436196858675
1006.63524513584 30.0860520759941
1010.3800225403 30.0453642459301
1014.13873086747 30.0169029390227
1017.9114219417 29.968330589513
1021.69814778013 29.8961499394061
1025.49896059337 29.8070654871722
1029.31391278631 29.7764248252949
1033.14305695876 29.7333222497031
1036.98644590621 29.6970711158196
1040.84413262056 29.6400316402682
1044.71617029083 29.5989782143902
1048.60261230394 29.5721133740099
1052.50351224539 29.5439035514508
1056.41892390001 29.490833572161
1060.34890125276 29.4229788901391
1064.29349848938 29.3476802576633
1068.25276999721 29.2725779980456
1072.22677036593 29.2312129928437
1076.21555438826 29.1875402923852
1080.21917706079 29.1329069831723
1084.23769358469 29.0746190039443
1088.27115936647 29.0232844976974
1092.31963001878 28.9826409706881
1096.38316136114 28.9623852639364
1100.46180942073 28.9489630868607
1104.55563043316 28.9305764752226
1108.66468084322 28.9187945920137
1112.7890173057 28.8982183799623
1116.92869668616 28.8653222260765
1121.08377606168 28.8202017573263
1125.25431272169 28.8066710124567
1129.44036416873 28.7931666627802
1133.64198811927 28.7596854507834
1137.85924250447 28.7461185790079
1142.09218547102 28.7313573621588
1146.34087538191 28.691136586984
1150.60537081725 28.6349543739274
1154.88573057506 28.6210441966033
1159.18201367212 28.605165462522
1163.49427934474 28.5931738936914
1167.8225870496 28.5705931134661
1172.16699646455 28.547403301881
1176.52756748948 28.5131189040003
1180.90436024707 28.4810280327298
1185.2974350837 28.4714413784096
1189.70685257023 28.4648114100325
1194.13267350285 28.4329568171619
1198.5749589039 28.4279517868679
1203.03377002276 28.4130574721554
1207.50916833664 28.389347043313
1212.00121555147 28.3779850136166
1216.50997360271 28.369087290471
1221.03550465623 28.3417454839583
1225.57787110919 28.308300089968
1230.13713559085 28.3050170792074
1234.71336096344 28.2696420146647
1239.30661032308 28.276857328586
1243.9169470006 28.285440360978
1248.54443456241 28.295747754967
1253.18913681141 28.2862185834472
1257.85111778785 28.2806475103953
1262.53044177021 28.3055783850411
1267.22717327611 28.3211059540944
1271.94137706315 28.2885553464191
1276.67311812987 28.2680798147718
1281.42246171659 28.280145585208
1286.18947330632 28.3047429184275
1290.97421862569 28.3296660101153
1295.77676364585 28.338493296376
1300.59717458334 28.3304138298775
1305.43551790105 28.3388232682157
1310.29186030912 28.349729515978
1315.16626876584 28.3592662419649
1320.05881047861 28.3380166288467
1324.96955290485 28.3219224710014
1329.8985637529 28.3297405394098
1334.84591098301 28.3475893621418
1339.81166280824 28.3682519505831
1344.79588769541 28.4113997484881
1349.79865436604 28.4276407474265
1354.82003179729 28.4346618142075
1359.86008922295 28.4476031790651
1364.91889613434 28.4658754483094
1369.9965222813 28.4758375905103
1375.09303767316 28.4904614043225
1380.20851257966 28.504394500775
1385.343017532 28.4949207306758
1390.49662332371 28.509542594806
1395.6694010117 28.5257471973148
1400.86142191724 28.5620477610308
1406.07275762689 28.6204853405743
1411.30347999353 28.6693020639521
1416.55366113734 28.6999813989864
1421.82337344679 28.7276363515087
1427.11268957965 28.7358112217736
1432.42168246399 28.7324791126691
1437.75042529915 28.7342533315223
1443.09899155681 28.7705592603238
1448.46745498195 28.8353258252267
1453.85588959391 28.9011139732712
1459.26436968736 28.9468781409201
1464.69296983337 28.9959047121727
1470.14176488043 29.0398945185018
1475.61082995546 29.094751259033
1481.10024046487 29.1146527469959
1486.61007209556 29.1447065337415
1492.14040081604 29.1473084311777
1497.69130287738 29.1699544752729
1503.26285481435 29.2221073131753
1508.85513344643 29.2787117715346
1514.46821587884 29.3607495296355
1520.10217950369 29.4176426754154
1525.75710200096 29.4872475648039
1531.43306133963 29.5125120109709
1537.1301357787 29.5677433661607
1542.84840386835 29.6096306292705
1548.58794445092 29.6264273313915
1554.34883666208 29.694222930655
1560.1311599319 29.7384342044103
1565.93499398592 29.7760701090818
1571.76041884628 29.8234239397201
1577.60751483278 29.898858649157
1583.47636256406 29.935058694313
1589.36704295864 29.9484347787811
1595.27963723608 29.9957616648079
1601.21422691806 30.0663699334169
1607.17089382956 30.1028556542009
1613.14972009994 30.1160391436849
1619.15078816409 30.1072657977039
1625.17418076356 30.1696928527594
1631.21998094772 30.2057095697548
1637.28827207488 30.2721398691388
1643.37913781346 30.3016833650122
1649.49266214312 30.3321799552873
1655.62892935595 30.3690281544516
1661.7880240576 30.3857958376411
1667.97003116847 30.4108488400338
1674.17503592487 30.4336375717175
1680.40312388019 30.4631236956108
1686.6543809061 30.5120484241561
1692.9288931937 30.5459676902273
1699.22674725475 30.6074003159578
1705.54802992284 30.6399901054204
1711.89282835457 30.6683997949086
1718.26123003079 30.6518192302641
1724.65332275779 30.6755485558389
1731.06919466848 30.6817607694091
1737.50893422366 30.6832733981385
1743.9726302132 30.7063826585497
1750.46037175728 30.7360708178465
1756.97224830763 30.7630136673783
1763.50834964871 30.7869702597516
1770.06876589903 30.8032111736461
1776.65358751231 30.7969322283059
1783.26290527881 30.7991771582136
1789.8968103265 30.8203505187147
1796.55539412237 30.8486098150251
1803.23874847367 30.8719767789301
1809.94696552921 30.8873671203981
1816.68013778055 30.9020308622184
1823.43835806337 30.9504089269676
1830.22171955869 30.9341430629485
1837.03031579418 30.9335537477907
1843.86424064544 30.9419460086205
1850.72358833728 30.958854565863
1857.60845344505 30.9815159648942
1864.51893089594 30.9916095664124
1871.45511597026 30.9867957301745
1878.41710430278 31.0427550470846
1885.40499188403 31.0678366274382
1892.41887506164 31.0856857355926
1899.45885054167 31.0864467608157
1906.52501538993 31.1105403593019
1913.61746703332 31.109418666149
1920.73630326118 31.0686894883037
1927.88162222663 31.0751762305329
1935.05352244795 31.0731812700236
1942.25210280989 31.0883751710487
1949.47746256507 31.1091364344205
1956.72970133535 31.0857869319128
1964.00891911318 31.0702610134652
1971.315216263 31.0811157193427
1978.6486935226 31.0803260732245
1986.00945200454 31.0759372494636
1993.39759319752 31.0729007585224
2000.8132189678 31.0630417048657
2008.25643156057 31.0401498058842
2015.7273336014 31.0316142614617
2023.22602809763 31.023462345578
2030.75261843979 31.0165369032634
2038.30720840305 31.0426882226498
2045.88990214862 31.017509406237
2053.50080422521 30.9744774959484
2061.14001957043 30.9455933223701
2068.80765351232 30.9454347504491
2076.5038117707 30.9835295777645
2084.22860045872 30.9953726446195
2091.98212608424 30.9837323009091
2099.76449555137 31.0234074859871
2107.57581616189 31.0664323394778
2115.41619561679 31.0641060065525
2123.28574201767 31.0721684594832
2131.18456386831 31.0810050892396
2139.11277007613 31.0790195522314
2147.07046995368 31.080327973444
2155.05777322019 31.0840205739662
2163.07479000302 31.121107040695
2171.12163083925 31.1152266503859
2179.19840667714 31.0994989035945
2187.30522887772 31.0964469626367
2195.44220921625 31.0921132563382
2203.60945988384 31.0645483931039
2211.80709348895 31.0549736435852
2220.03522305895 31.0254953252367
2228.29396204169 31.0003318720985
2236.58342430704 30.9970855993496
2244.90372414851 30.9631847001246
2253.25497628476 30.9218521770207
2261.63729586123 30.9276887425014
2270.0507984517 30.941289947399
2278.49560005991 30.9636669015878
2286.97181712113 30.9605617913372
2295.4795665038 30.9267750229227
2304.0189655111 30.931854202061
2312.59013188261 30.9232195590241
2321.19318379588 30.899452110579
2329.82823986813 30.8870197081069
2338.49541915782 30.8566703016316
2347.19484116633 30.8449574565799
2355.9266258396 30.8989005938622
2364.69089356977 30.8683396234956
2373.48776519685 30.8301011336795
2382.3173620104 30.8234176792907
2391.17980575117 30.8517430092887
2400.07521861281 30.8000220787672
2409.00372324354 30.7822457795476
2417.96544274784 30.8032514727994
2426.96050068814 30.8199825160283
2435.98902108656 30.8177661853631
2445.05112842657 30.8126278104761
2454.14694765475 30.8142242387841
2463.27660418247 30.8079490710645
2472.44022388765 30.8071478839904
2481.63793311651 30.7842216649353
2490.86985868525 30.7683162936182
2500.13612788187 30.7497255472334
2509.43686846789 30.7326430054126
2518.7722086801 30.7213726141512
2528.14227723234 30.6878320814317
2537.54720331731 30.6674348469489
2546.98711660828 30.6847362316269
2556.46214726094 30.6813278237531
2565.97242591516 30.673543916705
2575.51808369681 30.6643314705691
2585.09925221956 30.6833646440743
2594.7160635867 30.6647605912727
2604.36865039294 30.6548309346203
2614.05714572626 30.6060885813382
2623.78168316975 30.5732137632352
2633.54239680345 30.5800189389671
2643.33942120615 30.5574966758839
2653.17289145733 30.5054396402889
2663.04294313896 30.4762974540186
2672.94971233738 30.4453372926057
2682.89333564519 30.4398631191432
2692.87395016314 30.4058020226728
2702.89169350199 30.3953397831129
2712.94670378444 30.3753949668065
2723.03911964699 30.358232537009
2733.16908024193 30.3651046013426
2743.33672523916 30.3672275691223
2753.54219482819 30.3699531444547
2763.78562972005 30.3594970854032
2774.06717114922 30.3280504839395
2784.38696087559 30.2869892200389
2794.74514118641 30.2947158971256
2805.14185489824 30.3015384533459
2815.57724535896 30.2856103338875
2826.05145644968 30.300163189686
2836.56463258679 30.2863522424034
2847.11691872391 30.2662716379801
2857.7084603539 30.262619030857
2868.33940351088 30.2437093963833
2879.00989477221 30.2065033146465
2889.72008126055 30.1589923905663
2900.47011064586 30.1224254331247
2911.26013114745 30.1167201595146
2922.09029153602 30.1131515636116
2932.9607411357 30.0962180662983
2943.87162982615 30.0864544161398
2954.82310804455 30.0920935827283
2965.81532678776 30.0084407993338
2976.84843761435 29.9746855882177
2987.9225926467 29.9564533476447
2999.0379445731 29.9241119980363
3010.19464664985 29.8892325649982
3021.39285270338 29.8773955577271
3032.63271713238 29.8507997857873
3043.91439490991 29.8115823159262
3055.23804158553 29.7796497177299
3066.60381328749 29.7371537970155
3078.01186672482 29.6924880924925
3089.46235918954 29.651996764868
3100.95544855881 29.6483364479835
3112.4912932971 29.6399781772728
3124.07005245839 29.6074867693909
3135.69188568836 29.5876255186242
3147.35695322657 29.5680122396315
3159.0654159087 29.5692520127039
3170.81743516875 29.5743008174826
3182.61317304128 29.5858801735143
3194.45279216361 29.5723496495167
3206.3364557781 29.5572700690837
3218.26432773439 29.5648250095798
3230.23657249166 29.5610218039509
3242.25335512088 29.5154573911807
3254.3148413071 29.487858047227
3266.42119735174 29.5006275306033
3278.57259017489 29.5034846626352
3290.76918731757 29.4938984700118
3303.01115694409 29.5000514615263
3315.29866784434 29.4781262858439
3327.63188943612 29.4428901337656
3340.01099176749 29.4351596867544
3352.43614551909 29.4432010947236
3364.90752200653 29.4465463878528
3377.42529318271 29.4059448240139
3389.98963164021 29.3939381737457
3402.60071061369 29.3734075580177
3415.25870398225 29.3237613194066
3427.96378627182 29.3241043068995
3440.71613265761 29.287780643156
3453.51591896648 29.2655715504171
3466.36332167938 29.2542933591558
3479.25851793381 29.2279911590712
3492.20168552621 29.2434139211221
3505.19300291445 29.2413444697631
3518.23264922029 29.2129574186977
3531.32080423182 29.1768703452261
3544.45764840598 29.1736660284295
3557.64336287101 29.1778775074137
3570.87812942896 29.1983947066884
3584.16213055823 29.2131938938364
3597.49554941602 29.2134475697363
3610.87856984091 29.2225779858734
3624.31137635539 29.2355616546048
3637.79415416837 29.2749060556729
3651.32708917776 29.2682190233689
3664.91036797302 29.2664356274172
3678.54417783777 29.2771968750042
3692.2287067523 29.2831516035613
3705.96414339624 29.2916926857919
3719.75067715111 29.2711068023473
3733.58849810294 29.3091109501086
3747.47779704492 29.3450069681881
3761.41876547999 29.3705807597996
3775.4115956235 29.3893851892236
3789.45648040586 29.3733540294085
3803.55361347522 29.3751354094594
3817.70318920008 29.3989887927203
3831.90540267205 29.4142168722617
3846.16044970847 29.4158326270436
3860.46852685515 29.4469662068308
3874.82983138907 29.4712486223289
3889.24456132109 29.4814300060628
3903.7129153987 29.4801921696649
3918.23509310874 29.4715423669079
3932.81129468018 29.4690360831348
3947.44172108682 29.4508476188972
3962.12657405015 29.4494304289016
3976.86605604205 29.4444732393052
3991.66037028761 29.4399566742122
4006.50972076797 29.4409790008237
4021.41431222307 29.4606800095432
4036.37435015451 29.4649829414527
4051.39004082838 29.4568157716634
4066.46159127809 29.4227468357691
4081.58920930724 29.4554766764728
4096.77310349248 29.4424226599483
4112.01348318638 29.4220240252772
4127.31055852032 29.3952560413862
4142.6645404074 29.3938159952339
4158.07564054532 29.386844654447
4173.54407141932 29.4071275043527
4189.07004630512 29.4223630661714
4204.65377927183 29.4072990700395
4220.29548518492 29.4137400187381
4235.99537970918 29.3846363430187
4251.7536793117 29.3794384749803
4267.57060126484 29.3524249617056
4283.44636364922 29.3497124655442
4299.38118535678 29.3696973676279
4315.37528609372 29.3802202804317
4331.42888638358 29.392015496082
4347.54220757028 29.3955840928817
4363.71547182114 29.3945674747979
4379.94890212999 29.3928490472816
4396.24272232018 29.4003123490082
4412.59715704774 29.374111193001
4429.01243180443 29.3806876406576
4445.48877292084 29.3753490457743
4462.02640756957 29.3800945058097
4478.62556376828 29.3709088049381
4495.28647038291 29.3858355128097
4512.0093571308 29.3482798681831
4528.79445458383 29.3304690773746
4545.64199417167 29.2871306014847
4562.5522081849 29.3029174451431
4579.52532977826 29.3129443763527
4596.56159297383 29.3354511756915
4613.6612326643 29.3476238267964
4630.82448461615 29.3479194602874
4648.05158547297 29.3655679847804
4665.34277275865 29.363292694181
4682.69828488072 29.4217568312126
4700.11836113359 29.4571190423549
4717.60324170188 29.4619299425409
4735.15316766371 29.5126986864309
4752.76838099403 29.5435482803601
4770.44912456798 29.6012532027067
4788.1956421642 29.6253755324785
4806.00817846821 29.6840091501279
4823.88697907579 29.6879958599128
4841.83229049635 29.7626180679107
4859.84436015636 29.7985442086988
4877.92343640271 29.8398019504084
4896.06976850618 29.8702048323678
4914.28360666486 29.9084070338943
4932.5652020076 29.9517683360993
4950.91480659747 29.9842200944043
4969.33267343524 30.0005418456696
4987.81905646287 30.0195642551431
5006.374210567 30.0710283374684
5024.99839158248 30.1288180672881
5043.69185629588 30.1446265851577
5062.45486244905 30.144851681988
5081.28766874266 30.1619395651353
5100.19053483977 30.1471197860203
5119.16372136941 30.1946527197469
5138.20748993018 30.2156276377458
5157.32210309384 30.265834382234
5176.50782440896 30.2965679328009
5195.76491840452 30.3222805928298
5215.09365059358 30.3864285037087
5234.49428747691 30.3727705064979
5253.96709654673 30.3988511425102
5273.51234629033 30.4099390751889
5293.1303061938 30.4469107360718
5312.82124674575 30.4746627212321
5332.58543944101 30.4873332914727
5352.42315678444 30.536698840351
5372.3346722946 30.5945513754548
5392.32026050759 30.6234320844301
5412.38019698081 30.6548630852401
5432.51475829674 30.6731931493019
5452.72422206679 30.7046642245919
5473.00886693511 30.7035103747293
5493.36897258242 30.7270772899815
5513.80481972988 30.7458323923993
5534.31669014299 30.7379608937189
5554.9048666354 30.7614306520838
5575.56963307287 30.73908445009
5596.31127437719 30.786556067184
5617.13007653004 30.77120600612
5638.02632657703 30.7824058315457
5659.00031263156 30.8066251637585
5680.05232387887 30.8299847423937
5701.18265057998 30.8509922443407
5722.39158407572 30.8773536465182
5743.67941679072 30.8781127783949
5765.04644223748 30.8766842382898
5786.49295502037 30.8957498602857
5808.01925083973 30.900039678661
5829.62562649593 30.900642317991
5851.31237989346 30.8885784816056
5873.07981004505 30.8887724787094
5894.92821707578 30.8406639221771
5916.85790222723 30.8165817347654
5938.86916786162 30.8502502084486
5960.96231746598 30.8213521158201
5983.13765565636 30.7974396178787
6005.395488182 30.7976493833602
6027.73612192954 30.8041476604715
6050.1598649273 30.7456112172333
6072.66702634946 30.7486266448396
6095.25791652038 30.7062873115279
6117.93284691885 30.6905112042277
6140.69213018238 30.6411419504971
6163.53608011154 30.6468524801364
6186.46501167426 30.6334798450859
6209.47924101016 30.6024359722926
6232.57908543496 30.5933551851612
6255.7648634448 30.6387674476615
6279.03689472068 30.6609399661546
6302.39550013281 30.6407833165513
6325.84100174511 30.622411812721
6349.37372281957 30.6333923536297
6372.99398782075 30.6358604271784
6396.70212242028 30.6395778615286
6420.49845350128 30.6827162218778
6444.38330916293 30.7222309248491
6468.35701872496 30.7610415663836
6492.4199127322 30.7399234851819
6516.57232295915 30.759447166744
6540.81458241452 30.7885532247562
6565.14702534586 30.7860814351289
6589.56998724415 30.8420831979555
6614.08380484842 30.8752019368602
6638.68881615042 30.9250847668547
6663.38536039924 30.9631635854379
6688.17377810601 31.0118578883752
6713.05441104861 31.0539477702255
6738.02760227635 31.0917793614547
6763.09369611472 31.1115035587515
6788.25303817014 31.1298009525436
6813.5059753347 31.1660557627644
6838.85285579099 31.1842611990319
6864.29402901684 31.2022973956849
6889.82984579019 31.2586283336444
6915.4606581939 31.2810654562595
6941.18681962062 31.3387046332706
6967.00868477764 31.3661726798008
6992.92660969181 31.4015500911619
7018.94095171442 31.4467354074502
7045.05206952614 31.4663294423326
7071.26032314197 31.5169792896461
7097.56607391621 31.5443286354014
7123.96968454742 31.535173430679
7150.47151908342 31.5406150488713
7177.07194292636 31.5690004368689
7203.77132283768 31.6000192676331
7230.57002694323 31.6269534482477
7257.46842473831 31.6697635031959
7284.46688709279 31.6595364064998
7311.5657862562 31.6729697529443
7338.76549586288 31.6965864969683
7366.06639093713 31.7429828384047
7393.46884789835 31.7863734409417
7420.97324456628 31.8712064487742
7448.57996016619 31.9167135205162
7476.28937533407 31.9139480765608
7504.10187212195 31.9603688124652
7532.0178340031 31.9861295466803
7560.03764587737 32.0183029354024
7588.16169407645 32.028736288792
7616.39036636925 32.0960240773044
7644.72405196718 32.1597822544036
7673.16314152958 32.2095986222848
7701.70802716907 32.2511254035691
7730.35910245697 32.3514063930928
7759.11676242871 32.390747154264
7787.98140358931 32.4290122433752
7816.95342391881 32.4902835663347
7846.03322287777 32.5346412555573
7875.22120141279 32.519432066644
7904.51776196203 32.515846341466
7933.92330846076 32.530059799312
7963.4382463469 32.5544775015462
7993.06298256668 32.5731887781356
8022.79792558017 32.6124039350371
8052.64348536698 32.6387290344286
8082.60007343185 32.6438560444458
8112.66810281039 32.6329916065437
8142.84798807473 32.5915949102529
8173.14014533922 32.6150627111959
8203.54499226624 32.6065176995845
8234.06294807188 32.566634865063
8264.69443353176 32.5484313726217
8295.43987098684 32.54092786616
8326.29968434921 32.5393943846309
8357.27429910795 32.5182762928291
8388.36414233502 32.519157406401
8419.56964269112 32.4912492128526
8450.89123043159 32.5043333413468
8482.32933741237 32.5063590038227
8513.88439709597 32.4934693885389
8545.55684455738 32.5055084167224
8577.34711649014 32.5045547368686
8609.25565121232 32.5037040765841
8641.28288867257 32.522491270961
8673.42927045619 32.5273856482933
8705.69523979124 32.5139770809409
8738.0812415546 32.4875525826911
8770.58772227814 32.4771118703771
8803.2151301549 32.4818268735389
8835.96391504519 32.4922484996176
8868.83452848289 32.4678843836672
8901.82742368161 32.4570502557323
8934.94305554094 32.4489136487332
8968.18188065276 32.4287570006796
9001.54435730751 32.4685476370574
9035.03094550052 32.453621046123
9068.64210693833 32.4384042961763
9102.37830504507 32.415309603401
9136.24000496888 32.3880617076941
9170.22767358826 32.3978920605485
9204.34177951857 32.4136505046927
9238.58279311844 32.4140243506877
9272.9511864963 32.4232788178416
9307.44743351684 32.4450567363262
9342.07200980759 32.4082186554559
9376.82539276547 32.4027328411817
9411.70806156333 32.4013328091558
9446.72049715662 32.371380028172
9481.86318228997 32.3588180895071
9517.13660150386 32.3030206624178
9552.54124114133 32.2960964976917
9588.07758935464 32.2482712076587
9623.74613611202 32.1889647449424
9659.54737320446 32.1056148201106
9695.48179425241 32.0509822921669
9731.54989471268 31.933696514283
9767.75217188519 31.8403566709116
9804.08912491989 31.8145138248571
9840.5612548236 31.7671531344152
9877.16906446693 31.7143668422555
9913.91305859123 31.6926403207051
9950.79374381551 31.626758934714
9987.81162864349 31.6255453927313
10024.9672234705 31.5871292326941
10062.2610405907 31.5556982551026
10099.6935942039 31.5382096173573
10137.265400423 31.490650460749
10174.9769772805 31.4783684297818
10212.8288447364 31.4483663683486
10250.8215246849 31.4415282565423
10288.9555409616 31.4312266406474
10327.231419351 31.4238224079669
10365.6496875932 31.4522018086838
10404.210875392 31.4473362047216
10442.9155144215 31.458241968522
10481.7641383337 31.4217091323783
10520.7572827658 31.4276921031748
10559.8954853477 31.400575653353
10599.1792857094 31.3754618347544
10638.6092254881 31.3626003752157
10678.1858483363 31.3075010611911
10717.9096999286 31.3366943826755
10757.7813279699 31.3412323385824
10797.8012822023 31.3610990074999
10837.9701144131 31.3757207748801
10878.2883784424 31.3546675532733
10918.7566301905 31.3394356546903
10959.3754276259 31.3557017744706
11000.1453307925 31.3869093496135
11041.0669018179 31.40543153013
11082.1407049206 31.4127693311814
11123.3673064183 31.4197483376038
11164.7472747353 31.4306296818263
11206.2811804106 31.4208145305748
11247.9695961055 31.433891255541
11289.8130966117 31.4551809288682
11331.8122588594 31.4417591864177
11373.9676619248 31.4390068126871
11416.2798870383 31.4638555169076
11458.7495175926 31.4539090330631
11501.3771391508 31.4453048107366
11544.1633394541 31.4315602519995
11587.1087084304 31.3868616507529
11630.213838202 31.3659877917203
11673.4793230941 31.3238374447032
11716.9057596427 31.3286896972437
11760.4937466031 31.3396109549251
11804.2438849579 31.3188134452874
11848.1567779254 31.2900546145599
11892.2330309682 31.3129575730767
11936.473251801 31.3222693596507
11980.8780503993 31.3440132051062
12025.4480390078 31.3406944425913
12070.1838321489 31.3836937740406
12115.0860466309 31.3985405942438
12160.1553015568 31.4386978313545
12205.3922183327 31.4650533491194
12250.7974206764 31.5290025375683
12296.371534626 31.6070211720017
12342.1151885484 31.5904731915961
12388.0290131483 31.6174429183649
12434.1136414765 31.6416340696153
12480.3697089389 31.6521681811258
12526.7978533051 31.7133617400531
12573.3987147173 31.7117805501682
12620.1729356991 31.7121295876799
12667.1211611643 31.7092246696156
12714.244038426 31.6873779769802
12761.5422172051 31.7198811197264
12809.0163496398 31.7329348826405
12856.667090294 31.7244681834398
12904.495096167 31.7012271983059
12952.5010267019 31.7000026486441
13000.6855437952 31.6792411817445
13049.0493118056 31.6722374647261
13097.5929975632 31.6790979831769
13146.317270379 31.6473961606642
13195.2228020538 31.6601065975115
13244.3102668874 31.639465449547
13293.5803416882 31.6576614133531
13343.0337057825 31.653047605777
13392.6710410235 31.6780682588909
13442.4930318013 31.7122057963848
13492.5003650516 31.6740149651149
13542.6937302658 31.6630284905401
13593.0738195003 31.63231873962
13643.6413273859 31.6033460277701
13694.3969511376 31.5662954307397
13745.3413905639 31.5452653651697
13796.4753480769 31.4945394963901
13847.7995287016 31.4382765928756
13899.3146400859 31.4230593206292
13951.02139251 31.3836193784129
14002.9204988965 31.318657420564
14055.0126748202 31.2651291103737
14107.2986385179 31.2640781440628
14159.7791108982 31.1994478604446
14212.4548155516 31.1686574560526
14265.3264787606 31.1435621652943
14318.3948295092 31.1173952300579
14371.6605994936 31.0869238128254
14425.1245231318 31.1126382445777
14478.7873375739 31.122434702885
14532.6497827125 31.1428835397267
14586.7126011923 31.1778600731053
14640.9765384209 31.2045135379994
14695.442342579 31.21685408636
14750.1107646304 31.1703396435588
14804.9825583328 31.1781902708371
14860.0584802475 31.1941089302678
14915.3392897509 31.2100772542461
14970.8257490437 31.2059460000515
15026.5186231627 31.2172832490137
15082.4186799901 31.217374801202
15138.5266902652 31.2109870135611
15194.8434275942 31.197502213286
15251.3696684613 31.1757413681044
15308.1061922393 31.1674709688281
15365.0537812003 31.1361293388515
15422.2132205266 31.1033073096947
15479.5852983214 31.0313910817756
15537.1708056196 31.020824449373
15594.9705363991 31.0100498509685
15652.9852875913 30.9695415942672
15711.2158590922 30.9393615517096
15769.6630537736 30.9084377458679
15828.327677494 30.8704932240927
15887.2105391099 30.8359758800771
15946.3124504865 30.8024483007412
16005.6342265097 30.7888046495225
16065.1766850963 30.7401104566963
16124.9406472063 30.6955984686174
16184.9269368535 30.658801995394
16245.1363811172 30.6463566523012
16305.5698101534 30.6218909189196
16366.2280572065 30.6087647474532
16427.1119586206 30.5640617659076
16488.2223538509 30.5299474493823
16549.5600854758 30.507129840511
16611.1259992079 30.4700513852064
16672.9209439061 30.440868816576
16734.9457715869 30.3801590132419
16797.2013374366 30.3307798429981
16859.6884998228 30.2605963903864
16922.4081203063 30.1826344563925
16985.3610636531 30.1566182273801
17048.5481978459 30.0968137973368
17111.9703940967 30.0388911203312
17175.6285268585 30.0064832707892
17239.523473837 29.9620876076857
17303.6561160034 29.9206181437353
17368.027337606 29.879253391392
17432.6380261827 29.8443988462111
17497.489072573 29.7958046117751
17562.5813709306 29.7657836139155
17627.9158187353 29.7738322969556
17693.4933168058 29.7798957064403
17759.3147693119 29.7501659086302
17825.3810837868 29.7437629500078
17891.6931711401 29.7378750014239
17958.2519456698 29.7263107312734
18025.0583250755 29.7286395933125
18092.1132304703 29.7189788891383
18159.4175863943 29.6926862300242
18226.9723208268 29.6504747575403
18294.7783651994 29.6139836547656
18362.8366544084 29.5753778416982
18431.1481268284 29.520569096457
18499.7137243246 29.4794040181424
18568.5343922661 29.4438652161753
18637.6110795389 29.3734400417888
18706.9447385587 29.307692117346
18776.5363252847 29.2534681696232
18846.3867992321 29.1794814310738
18916.4971234854 29.1140297910978
18986.8682647123 29.04966243605
19057.5011931763 29.0133346644186
19128.3968827505 28.9423444919671
19199.5563109307 28.9113999844141
19270.9804588494 28.8575115278418
19342.6703112886 28.8369462778916
19414.6268566943 28.7982998411237
19486.851087189 28.8033351567428
19559.3439985865 28.7682988200755
19632.1065904049 28.6857023123329
19705.1398658807 28.6700975129643
19778.4448319822 28.6476861512743
19852.0224994243 28.6103672962034
19925.8738826813 28.5648078918457
20000.0000000017 28.5648078918457
