10 6.22013092041016
10.0372009367102 6.22622203339992
10.0745402643896 6.20600400196678
10.1120184978655 6.16425094779868
10.1496361538807 6.12263692173271
10.1873937510998 6.08140797320867
10.2252918101175 6.04118389087985
10.2633308534646 6.00108200716325
10.3015114056161 5.96110333761016
10.3398339929981 5.92189954360068
10.3782991439948 5.88289412787293
10.4169073889563 5.84399835471069
10.4556592602056 5.80582203597354
10.4945552920458 5.76823633512833
10.5335960207679 5.73074962438605
10.5727819846578 5.6935964505262
10.6121137240039 5.65735981031772
10.6515917811047 5.62121529938275
10.6912167002759 5.58515909558495
10.7309890278581 5.5497983918824
10.7709093122244 5.51460408915365
10.8109781037879 5.47949442757219
10.8511959550093 5.44505815445802
10.8915634204045 5.4111800153028
10.9320810565522 5.37738193980352
10.9727494221018 5.34380888826745
11.0135690777806 5.31085475131971
11.0545405864021 5.27797464381167
11.0956645128736 5.24516810262625
11.1369414242037 5.21332037362709
11.1783718895104 5.181649335993
11.2199564800288 5.15017026529225
11.2616957691193 5.11921508021634
11.3035903322749 5.08874400774833
11.3456407471298 5.05834226072806
11.3878475934668 5.02823565401197
11.4302114532258 4.99894163253829
11.4727329105113 4.96971677487596
11.515412551601 4.94056067046244
11.5582509649534 4.9120662589903
11.6012487412161 4.88370895381393
11.6444064732342 4.85541858354465
11.6877247560581 4.8278500625698
11.7312041869517 4.80082263941618
11.774845365401 4.77384266325859
11.818648893122 4.74705672767995
11.8626153740693 4.7208339041477
11.9067454144441 4.6946589627672
11.9510396227028 4.66853362474784
11.9954986095653 4.64302637922248
12.0401229880234 4.61764001722559
12.0849133733495 4.5923022567105
12.1298703831044 4.56765319647835
12.1749946371469 4.54352655975727
12.2202867576412 4.51944950691634
12.2657473690664 4.49561962206762
12.3113770982243 4.47247812911113
12.3571765742489 4.44938717741165
12.4031464286144 4.42634741336982
12.4492872951442 4.40391021802155
12.4955998100196 4.38158938230263
12.5420846117884 4.35932163350365
12.5887423413741 4.35331150990856
12.6355736420843 4.33751908413695
12.6825791596199 4.32192798599948
12.7297595420838 4.30678596250183
12.7771154399899 4.29259120921612
12.8246475062721 4.27860128626696
12.8723563962932 4.26481628951567
12.9202427678541 4.25177037427384
12.9683072812028 4.23898893312196
13.0165505990434 4.22641621991232
13.0649733865454 4.21450482795133
13.1135763113527 4.20313397371272
13.162360043593 4.19197133577828
13.2113252558868 4.18124827317169
13.260472623357 4.17144006096807
13.3098028236379 4.161833322323
13.3593165368846 4.15242868180168
13.4090144457825 4.14374022183744
13.4588972355569 4.13530832559544
13.5089655939818 4.12707947144523
13.5592202113899 4.11948539374615
13.6096617806823 4.1124067692121
13.6602909973373 4.10553261068849
13.7111085594207 4.09908624596449
13.7621151675953 4.0934882504605
13.8133115251301 4.0880966240883
13.8646983379105 4.08291197549459
13.9162763144479 4.07857415408996
13.9680461658894 4.07450103936187
14.0200086060276 4.07060388005336
14.0721643513105 4.06720210320968
14.1245141208514 4.06421044106408
14.1770586364386 4.06139610285746
14.2297986225456 4.0589795019121
14.2827348063412 4.05736303526272
14.3358679176991 4.0559248915763
14.3891986892083 4.05466651671241
14.442727856183 4.05432701228856
14.496456156673 4.05422401429729
14.5503843314737 4.05430173846567
14.6045131241361 4.05486869765802
14.6588432809775 4.05583858998825
14.7133755510915 4.05699015919481
14.7681106863584 4.05848313947905
14.8230494414556 4.0605773886274
14.8781925738679 4.06271456404244
14.9335408438982 4.06489418152538
14.9890950146774 4.06771804373339
15.0448558521758 4.0706372146455
15.1008241252129 4.07360028000598
15.1570006054682 4.07695436890619
15.2133860674922 4.08059832414099
15.2699812887167 4.08428525303301
15.3267870494654 4.08821440177777
15.3838041329651 4.09275148803279
15.4410333253564 4.09733295137143
15.498475415704 4.1019583055649
15.5561311960084 4.10714434078881
15.6140014612162 4.11241914558399
15.6720870092313 4.11773827579934
15.730388640926 4.12346410747114
15.7889071601517 4.12948609526353
15.8476433737505 4.13554911914727
15.9065980915658 4.14182710652653
15.9657721264536 4.14862876379885
16.0251662942941 4.15547188696051
16.0847814140026 4.16235634982217
16.1446183075405 4.16980067385801
16.2046777999274 4.17732670666205
16.2649607192518 4.18489354251383
16.3254678966828 4.1929487960591
16.3862001664817 4.20140698617217
16.447158366013 4.21001284969606
16.5083433357566 4.21891746135536
16.569755919319 4.22837978345911
16.6313969634448 4.23799319616679
16.6932673180286 4.24775735541564
16.7553678361271 4.2582713131838
16.8176993739698 4.26897477102608
16.880262790972 4.2798305308524
16.9430589497458 4.29113929921728
17.0060887161124 4.30279597289068
17.069352959114 4.31460616279808
17.1328525510256 4.32673835691544
17.1965883673671 4.3394555749046
17.2605612869157 4.352327407274
17.3247721917173 4.36535365052244
17.3892219670996 4.37907092581911
17.4539115016833 4.39297213869318
17.5188416873952 4.40702935302096
17.5840134194801 4.42160377914842
17.649427596513 4.43656305709495
17.7150851204118 4.45167903145209
17.7809868964498 4.46707918921615
17.8471338332678 4.48297505377618
17.9135268428867 4.49902875774488
17.9801668407205 4.51524148980256
18.0470547455885 4.53213703307848
18.1141914797281 4.54922305499327
18.1815779688074 4.56646926744547
18.2492151419383 4.58414005620369
18.3171039316889 4.6021536700418
18.3852452740965 4.62034631509241
18.4536401086808 4.63889316229611
18.5222893784564 4.65806868574496
18.5911940299459 4.67744060882628
18.6603550131934 4.69695770356078
18.7297732817769 4.71699496946752
18.799449792822 4.73716159942237
18.8693855070149 4.75743744803321
18.9395813886156 4.77812256566806
19.0100384054711 4.79910279205252
19.0807575290291 4.8201943612343
19.151739734351 4.84153623322888
19.2229860001258 4.86333315770605
19.2944973086829 4.88524174591566
19.3662746460064 4.90726399664481
19.4383190017482 4.92987417938766
19.5106313692418 4.95261663130501
19.5832127455161 4.97547605853605
19.6560641313089 4.99869986957435
19.7291865310809 5.02219899972538
19.8025809530295 5.04581996826687
19.8762484091027 5.06970280949877
19.950189915013 5.09405337565985
20.0244064902514 5.11852743132173
20.0988991581017 5.14312816987413
20.1736689456542 5.16822690443741
20.2487168838201 5.19347161040602
20.3240440073458 5.21884514117434
20.3996513548271 5.24462917516994
20.4755399687231 5.27070801810817
20.5517108953714 5.29692056551491
20.6281651850019 5.32339890418398
20.7049038917513 5.35032153700863
20.7819280736781 5.37737813330595
20.8592387927765 5.4045712574355
20.9368371149918 5.43228800815568
21.0147241102344 5.46037317805557
21.092900852395 5.48885617834237
21.1713684193594 5.51795845597263
21.2501278930231 5.54758790986247
21.3291803593062 5.57761787498884
21.4085269081689 5.60816985336512
21.4881686336258 5.63941427803019
21.5681066337615 5.67106189043099
21.6483420107456 5.70311112315173
21.7288758708478 5.73590793266939
21.8097093244533 5.76912203164453
21.8908434860779 5.80274212593611
21.9722794743837 5.83701457354259
22.0540184121942 5.87182729398396
22.1360614265099 5.90705330362482
22.2184096485239 5.94283401149847
22.3010642136375 5.97931844340863
22.3840262614756 6.01624567438117
22.4672969359028 6.05361810766626
22.5508773850389 6.09175860500903
22.6347687612749 6.13035552340976
22.7189722212887 6.16940311860561
22.8034889260611 6.20912087124271
22.8883200408921 6.24941116483935
22.9734667354164 6.29015486813545
23.0589301836202 6.33144605665037
23.1447115638567 6.37339548817277
23.230812058863 6.41578006061844
23.3172328557757 6.45852935799188
23.4039751461482 6.50188810632094
23.491040125966 6.54554934472423
23.5784289956642 6.58956707793897
23.6661429601435 6.63415074993866
23.754183228787 6.67921230620354
23.8425510154766 6.72464456661963
23.9312475386102 6.77054539349463
24.0202740211181 6.817029903026
24.1096316904802 6.86388832097438
24.1993217787425 6.91112758430683
24.2893455225345 6.95903292906572
24.3797041630861 7.00732456358456
24.4703989462445 7.05599736087738
24.5614311224917 7.10523611875905
24.6528019469616 7.15495753164421
24.7445126794573 7.2050662709508
24.8365645844686 7.25565314370789
24.9289589311891 7.3068175529561
25.0216969935341 7.35837700783797
25.1147800501579 7.41033056300149
25.2082093844715 7.46295036526004
25.3019862846603 7.51597476726019
25.3961120437021 7.5694000848542
25.4905879593843 7.62338155498332
25.5854153343225 7.67784859762816
25.6805954759781 7.73269514794518
25.7761296966763 7.78799826344499
25.8720193136242 7.84379177640588
25.9682656489293 7.8998652179448
26.0648700296171 7.95622063508705
26.1618337876502 8.0130733774274
26.2591582599459 8.07017373222595
26.356844788395 8.12754013079986
26.4548947198803 8.18533784401631
26.5533094062951 8.24349743968615
26.6520902045621 8.30193050589872
26.7512384766515 8.36070096908545
26.8507555896003 8.41986745507651
26.9506429155313 8.47931729446422
27.0509018316712 8.53905035330511
27.1515337203705 8.59928071362213
27.2525399691221 8.65979539078836
27.3539219705804 8.72059922292142
27.4556811225806 8.78183095404563
27.5578188281582 8.84342161203552
27.6603364955679 8.90530433482972
27.7632355383033 8.96754291944394
27.8665173751163 9.03019293801963
27.9701834300368 9.09298556507195
28.0742351323921 9.15567350940589
28.1786739168268 9.21840906996888
28.2835012233224 9.28104052027086
28.3887184972175 9.34357025740383
28.4943271892273 9.40611246049994
28.6003287554639 9.46861857512488
28.7067246574561 9.53102331249343
28.81351636217 9.59337791860396
28.9207053420286 9.65574333570854
29.0282930749329 9.71800010315924
29.1362810442814 9.78014702235804
29.2446707389912 9.84230797063075
29.3534636535184 9.90436050185405
29.4626612878783 9.96630738227489
29.5722651476666 10.0282780814433
29.6822767440801 10.0901913156902
29.7926975939372 10.1519992989427
29.9035292196989 10.2137455697457
30.0147731494902 10.2754863985017
30.1264309171207 10.3371164645398
30.2385040621058 10.3986366274322
30.3509941296883 10.4601192580895
30.4639026708593 10.5214334203387
30.5772312423796 10.5825800368264
30.6909814068016 10.6436169411273
30.8051547324904 10.7045125599692
30.9197527936455 10.7652372095798
31.0347771703225 10.8258326203708
31.1502294484553 10.886334913742
31.2661112198773 10.946662822796
31.3824240823437 11.0067666692628
31.4991696395536 11.0666138113535
31.616349501172 11.1261440680256
31.733965282852 11.1853572753174
31.852018606257 11.2443076419591
31.9705110990833 11.302964513339
32.0894443950822 11.3612962786816
32.2088201340828 11.4193152367767
32.3286399620146 11.4770421875457
32.4489055309299 11.5344341213942
32.569618499027 11.591490876063
32.6907805306726 11.6491136033593
32.8123932964254 11.7073660418756
32.9344584730584 11.7662719604733
33.0569777435824 11.8258998245064
33.1799527972693 11.8862181769259
33.3033853296751 11.9469931601417
33.4272770426635 12.0081989523042
33.5516296444293 12.0698392867685
33.6764448495218 12.1318940333237
33.8017243788689 12.194366905536
33.9274699598002 12.2572816572494
34.0536833260713 12.3205962400209
34.1803662178875 12.3843019895898
34.3075203819277 12.4483988201577
34.4351475713689 12.5128904910378
34.5632495459097 12.5777702281538
34.6918280717952 12.6430446097975
34.8208849218411 12.7087327157534
34.9504218754581 12.7746589615923
35.0804407186764 12.8404637381642
35.2109432441705 12.906346324813
35.3419312512837 12.9721054572531
35.4734065460531 13.0377315268024
35.6053709412345 13.1031272032769
35.7378262563273 13.1683382622575
35.8707743175993 13.2334189530505
36.0042169581128 13.2983292310336
36.1381560177486 13.3630385956791
36.2725933432325 13.4276203561539
36.40753078816 13.4920716524349
36.5429702130224 13.5563323295942
36.6789134852321 13.6207982862317
36.8153624791483 13.6855284940603
36.9523190761032 13.7505421560729
37.0897851644277 13.8159354403751
37.2277626394773 13.8817303240558
37.3662534036585 13.9485018334273
37.5052593664551 14.0162996653813
37.6447824444542 14.0851542498716
37.7848245613726 14.1550684936589
37.9253876480839 14.2260462153822
38.0664736426444 14.2980921938037
38.2080844903204 14.3712141136599
38.3502221436146 14.4453880659423
38.4928885622931 14.5206399299241
38.6360857134129 14.5969782972068
38.7798155713483 14.6744059965319
38.9240801178185 14.7529307639198
39.068881341915 14.8325573233093
39.2142212401288 14.9132247782761
39.3601018163781 14.9947528386197
39.5065250820358 15.0772408488855
39.6534930559574 15.1613670961598
39.8010077645086 15.247562319153
39.9490712415935 15.3358228755081
40.0976855286824 15.4261428947001
40.2468526748401 15.5185364440905
40.3965747367541 15.6130020270563
40.5468537787631 15.7095548109152
40.6976918728852 15.8082154432702
40.8490910988465 15.9090627404065
41.0010535441102 16.0120396593646
41.1535813039047 16.1171561927265
41.3066764812531 16.224436893629
41.4603411870018 16.3338728813785
41.6145775398498 16.4454722065171
41.7693876663778 16.5592585338532
41.9247737010778 16.6750599234588
42.080737786382 16.7909658253138
42.2372820726929 16.9069749949816
42.3944087184125 17.0231491499377
42.5521198899724 17.1394364871962
42.7104177618635 17.255843426756
42.869304516666 17.372417347193
43.0287823450793 17.4891570553504
43.1888534459529 17.6060575582874
43.3495200263157 17.7231242863716
43.5107843014072 17.8403702888657
43.6726484947079 17.9577916385099
43.8351148379697 18.0753984411585
43.9981855712467 18.1931677199667
44.1618629429266 18.3111354425876
44.3261492097609 18.4300061905258
44.4910466368967 18.5505674309209
44.6565574979076 18.6730640829249
44.822684074825 18.7975397919758
44.9894286581698 18.9239820028365
45.1567935469838 19.0523905916503
45.3247810488614 19.1828148550613
45.4933934799815 19.3152622670186
45.6626331651395 19.4496717386166
45.8325024377791 19.586136300447
46.0030036400248 19.7246849702297
46.1741391227139 19.8648190030537
46.345911245429 20.006561796391
46.5183223765307 20.1499503470233
46.69137489319 20.2931111081654
46.8650711814213 20.4356124075123
47.0394136361151 20.5773049874528
47.2144046610712 20.7172199881704
47.3900466690317 20.8552715495641
47.5663420817144 20.9915280762448
47.743293329846 21.1259895860077
47.9209028531959 21.2585816032714
48.0991731006096 21.3893784768715
48.2781065300423 21.5184115216109
48.4577056085935 21.6456083061753
48.63797281254 21.7709286614771
48.8189106273711 21.894457490493
49.000521547822 22.0166370864966
49.1828080779086 22.1375657148767
49.3657727309621 22.2574218074258
49.5494180296635 22.3763895690889
49.7337465060782 22.4945780012473
49.9187607016915 22.6122693994222
50.1044631674429 22.7295389036686
50.2908564637618 22.8462969675715
50.4779431606027 22.962499457459
50.6657258374805 23.0782776672652
50.854207083506 23.1936136585567
51.043389497422 23.3082759045486
51.2332756876387 23.422555515246
51.4238682722698 23.5366943957841
51.6151698791687 23.6504556831273
51.8071831459647 23.7632088735708
51.9999107200992 23.8749209066421
52.1933552588626 23.9854772755518
52.3875194294302 24.0938165305289
52.5824059089 24.199879126301
52.7780173843286 24.3033210112194
52.9743565527689 24.4038652763762
53.1714261213071 24.5017477367632
53.3692288070999 24.5969469238151
53.5677673374123 24.6895500461828
53.7670444496548 24.7807008554042
53.9670628914213 24.8704314466979
54.1678254205271 24.9586932533295
54.3693348050468 25.0454519591229
54.5715938233525 25.1307447594307
54.7746052641521 25.2145654667502
54.9783719265278 25.2971997523304
55.1828966199745 25.3787044480494
55.3881821644389 25.4592088826618
55.594231390358 25.5392230012821
55.8010471386984 25.6186080379182
56.0086322609952 25.6970137045875
56.2169896193917 25.7743809685208
56.4261220866785 25.8507657047741
56.6360325463332 25.9259091976773
56.8467238925604 25.9998354177084
57.0581990303312 26.0729573693011
57.2704608754236 26.144786442663
57.4835123544625 26.2153318580801
57.6973564049602 26.2851254806744
57.9119959753568 26.353878348421
58.1274340250607 26.4214459224986
58.3436735244898 26.4874839229257
58.5607174551122 26.5518547671936
58.7785688094872 26.6142407963282
58.9972305913069 26.6746673748311
59.2167058154372 26.7331811281762
59.4369975079597 26.790437964261
59.6581087062134 26.8464338748945
59.8800424588363 26.9013956565965
60.1028018258077 26.9553011759024
60.3263898784903 27.0087300694357
60.5508096996726 27.0620808096523
60.7760643836113 27.116958267314
61.0021570360742 27.1732315659615
61.2290907743825 27.2309129415316
61.4568687274545 27.2900852396053
61.685494035848 27.3506700142351
61.9149698518044 27.4126795249343
62.1452993392914 27.4761871282085
62.376485674047 27.5411534552445
62.6085320436233 27.6072235369691
62.8414416474305 27.6737002013864
63.0752176967808 27.7374247133608
63.3098634149326 27.7983797349094
63.5453820371355 27.8565594042175
63.7817768106743 27.9119568720766
64.0190509949139 27.9645729896604
64.2572078613447 28.0144000819545
64.4962506936269 28.0614312418751
64.7361827876367 28.105668951882
64.9770074515108 28.1471065555097
65.2187280056928 28.1850587102648
65.4613477829786 28.2166249922912
65.7048701285624 28.2417104569159
65.9492984000827 28.2614271248745
66.1946359676689 28.2759629291004
66.4408862139876 28.2858104211981
66.688052534289 28.2927494561135
66.9361383364543 28.2966899296115
67.1851470410421 28.297704684024
67.4350820813359 28.2958145053892
67.6859469033913 28.2921504336283
67.9377449660834 28.2872905571617
68.190479741155 28.2824135472315
68.4441547132637 28.2775039293071
68.6987733800307 28.2723732570885
68.9543392520884 28.2672767393549
69.2108558531293 28.2619399496612
69.4683267199542 28.2559815299329
69.7267554025213 28.2495994011519
69.9861454639949 28.2429542412647
70.2465004807944 28.2354201473923
70.5078240426442 28.2266637137673
70.7701197526224 28.2150134463017
71.0333912272113 28.2004167106346
71.2976420963466 28.1826631967326
71.5628760034677 28.1619832978316
71.8290966055681 28.1383778750439
72.0963075732454 28.1116045166098
72.3645125907524 28.0846268546764
72.6337153560475 28.0581147548229
72.903919580846 28.0319865699303
73.1751289906711 28.005773907122
73.4473473249052 27.9778139486522
73.7205783368417 27.9480593774531
73.9948257937363 27.9180967034026
74.2700934768597 27.8883936550293
74.5463851815488 27.8588239404567
74.82370471726 27.8290122243476
75.1020559076207 27.7989542797993
75.3814425904831 27.7686325176041
75.6618686179762 27.737907036112
75.9433378565593 27.7068899553346
76.2258541870754 27.6758307068507
76.5094215048047 27.6447125354676
76.7940437195179 27.6135712516419
77.0797247555308 27.5811922900716
77.3664685517576 27.5475008197128
77.654279061766 27.5121806412701
77.9431602538311 27.4749222776172
78.2331161109905 27.4356689505705
78.524150631099 27.3945421638647
78.8162678268838 27.351566475348
79.1094717259999 27.3066009466504
79.4037663710853 27.2593683006398
79.6991558198174 27.2099326438294
79.9956441449681 27.1581419933399
80.2932354344608 27.1039791732742
80.5919337914261 27.0475560012705
80.8917433342586 26.9887568036395
81.192668196674 26.92958198821
81.4947125277655 26.8704243296348
81.7978804920615 26.8106940531363
82.1021762695827 26.7502587186751
82.4076040558999 26.6895420461697
82.714168062192 26.6288788881287
83.0218725153037 26.5680677397974
83.3307216578039 26.5071062561921
83.6407197480444 26.4461415801729
83.9518710602185 26.3862214546638
84.2641798844197 26.3286501023141
84.5776505267013 26.273573176193
84.8922873091352 26.2208158090101
85.2080945698721 26.169223332218
85.525076663201 26.1186296398334
85.8432379596091 26.0680943916223
86.1625828458423 26.0170325469642
86.4831157249656 25.9625702624975
86.804841016424 25.9049089579627
87.1277631561029 25.843831753432
87.4518865963899 25.7792496768936
87.7772158062356 25.7112747162001
88.103755271216 25.6399033041835
88.4315094935933 25.5649741578762
88.760482992379 25.4846686797835
89.0906803033954 25.4009291757148
89.4221059793388 25.3135560962487
89.7547645898416 25.2225485638042
90.088660721536 25.1279393578242
90.4237989781166 25.0296931875266
90.7601839804045 24.9277938841764
91.0978203664104 24.8227588792417
91.436712791399 24.7145351997082
91.7768659279529 24.6026411035017
92.1182844660374 24.487534130236
92.4609731130645 24.3715123156483
92.8049365939585 24.2549695482184
93.1501796512209 24.1382284867596
93.4967070449956 24.0228986637723
93.8445235531347 23.9092073489133
94.1936339712644 23.7984180646636
94.5440431128511 23.6914810575023
94.8957558092676 23.5884086202129
95.2487769098601 23.4894568445968
95.6031112820147 23.3942127189164
95.9587638112245 23.3023546397521
96.3157394011573 23.2129123789961
96.674042973723 23.1256329423374
97.0336794691412 23.0385295509837
97.39465384601 22.9518889129494
97.7569710813735 22.8658032831343
98.1206361707911 22.780183748999
98.4856541284063 22.6950250981109
98.8520299870155 22.6104922272545
99.2197687981374 22.5265186750722
99.5888756320832 22.4413488452612
99.9593555780259 22.3577543476361
100.331213744071 22.2767222068096
100.704455257326 22.1985143867597
101.079085263972 22.123310297444
101.455108929334 22.0511550376551
101.832531437955 21.9819513733814
102.211357993661 21.9138048537032
102.591593819639 21.8470568454943
102.973244158507 21.7826174971514
103.356314272386 21.7209265002538
103.74080944297 21.6644569401497
104.126734971605 21.6131988656213
104.514096179357 21.5672382023957
104.902898407086 21.5276186409941
105.293147015521 21.4934919235803
105.684847385335 21.4650553257698
106.078004917216 21.4423140623991
106.472625031943 21.4253597559915
106.868713170461 21.414167410054
107.266274793956 21.4088268334371
107.665315383931 21.4104977016213
108.065840442278 21.4192027778272
108.467855491361 21.4348220100205
108.871366074083 21.4584482736205
109.27637775397 21.4901812175237
109.682896115245 21.5244824440786
110.090926762902 21.5592288664
110.500475322789 21.5944788072801
110.911547441682 21.6301710536109
111.324148787363 21.6662539302691
111.738285048698 21.7027514967687
112.153961935718 21.7395706866499
112.571185179695 21.7776625560981
112.98996053322 21.8174649093255
113.410293770289 21.859004994055
113.832190686372 21.9023741874524
114.255657098502 21.9486641291615
114.680698845352 21.9963279773316
115.107321787315 22.0455798059295
115.535531806584 22.0979711843259
115.965334807235 22.1534141495955
116.396736715309 22.2118950688017
116.829743478891 22.2723638133141
117.264361068193 22.3347457794125
117.700595475639 22.3983769691443
118.138452715943 22.4625476063884
118.577938826195 22.5262809126733
119.019059865945 22.5890581528521
119.461821917283 22.6512297753576
119.906231084925 22.7129187286373
120.3522934963 22.7747743540732
120.800015301628 22.8375945645609
121.24940267401 22.9027325260202
121.700461809513 22.9716834210553
122.15319892725 23.0473214441299
122.607620269474 23.1297855432968
123.063732101657 23.213814466442
123.52154071258 23.2968259286755
123.981052414419 23.3781350101855
124.442273542832 23.4577632482719
124.905210457046 23.535644204595
125.369869539945 23.6134237152092
125.836257198157 23.6919459059085
126.304379862144 23.7728801293178
126.774243986291 23.8562160359641
127.245856048992 23.9419553505052
127.719222552743 24.0300902447379
128.194350024229 24.1224382034016
128.671245014415 24.220870070299
129.149914098635 24.3254806504548
129.630363876686 24.4367907047158
130.112600972915 24.5548283355632
130.596632036314 24.6761431772175
131.082463740608 24.7964223323667
131.570102784351 24.9153413496198
132.059555891015 25.0311243072941
132.550829809082 25.1437460206105
133.043931312143 25.2495596516097
133.538867198985 25.3473649821084
134.035644293687 25.4374389218494
134.534269445714 25.5197674654847
135.034749530014 25.5937335146195
135.537091447108 25.65853656733
136.041302123189 25.7153583495652
136.547388510214 25.7657808766489
137.055357586005 25.8116053363701
137.56521635434 25.8544292686023
138.076971845052 25.8960271177117
138.590631114126 25.9358897257898
139.106201243796 25.9732685137742
139.623689342642 26.0081940783812
140.14310254569 26.0434345461987
140.664448014507 26.080749823951
141.187732937303 26.1210692958254
141.712964529029 26.1651971720175
142.240150031474 26.2116953716887
142.769296713371 26.2596296919408
143.30041187049 26.3090245166535
143.833502825744 26.3606955760385
144.368576929286 26.4154988272316
144.905641558614 26.4726183106485
145.444704118671 26.5311014453213
145.985772041946 26.5909988555777
146.528852788578 26.6486147159473
147.073953846458 26.7022203764717
147.621082731334 26.7519076947496
148.170246986912 26.796652186289
148.721454184961 26.837360589086
149.274711925419 26.8711886711272
149.830027836496 26.8970849797938
150.387409574779 26.9148808246504
150.946864825339 26.9245127931975
151.508401301835 26.924110417098
152.072026746624 26.9111325734164
152.637748930863 26.8854774017636
153.205575654619 26.8471168756301
153.775514746977 26.795041798916
154.347574066145 26.7285124940168
154.921761499565 26.6552094399969
155.498084964022 26.5773838852402
156.076552405752 26.4962827089148
156.657171800551 26.4161178013524
157.239951153886 26.3400374758282
157.824898501005 26.2682103024212
158.412021907047 26.2008185680501
159.001329467157 26.1363847558799
159.592829306591 26.0734563591343
160.186529580835 26.0110047692968
160.78243847571 25.9497835005313
161.380564207495 25.8903069939114
161.980915023028 25.8314281582132
162.583499199831 25.7724301159335
163.188325046216 25.7133463788577
163.795400901405 25.6554063920269
164.40473513564 25.5986904272745
165.016336150303 25.5463548073917
165.630212378031 25.4983372704231
166.246372282828 25.4549939647625
166.864824360187 25.4172514833506
167.485577137204 25.3847200216265
168.108639172699 25.353931594968
168.734019057329 25.3241636739967
169.36172541371 25.2954234816845
169.991766896534 25.2662292882893
170.624152192691 25.2338043129252
171.258890021386 25.1968577924285
171.89598913426 25.1539406687514
172.535458315511 25.1039526505197
173.177306382017 25.0441628196899
173.821542183453 24.9795958124033
174.468174602416 24.9125876803424
175.117212554548 24.8484578752131
175.768664988659 24.7927834844861
176.422540886846 24.7455219421987
177.078849264624 24.7046065719527
177.737599171045 24.6640583886794
178.398799688823 24.6211893777223
179.062459934462 24.5759273412681
179.728589058382 24.5301591927601
180.397196245039 24.4853671752287
181.068290713059 24.441639442564
181.741881715363 24.3970737859356
182.417978539291 24.3530181627478
183.096590506735 24.3105295711688
183.777726974264 24.2710627678731
184.461397333255 24.2387503960638
185.147611010021 24.2183304580128
185.836377465944 24.2092361784807
186.5277061976 24.2074165443107
187.221606736895 24.2087746015989
187.918088651195 24.2160415423513
188.617161543456 24.2275907023409
189.318835052359 24.2493077532541
190.023118852442 24.2812958830846
190.730022654232 24.3234327087162
191.439556204381 24.3732430703926
192.151729285799 24.4293991666688
192.86655171779 24.4907841504723
193.584033356187 24.5554125798421
194.304184093485 24.6198654289714
195.027013858983 24.6819558247841
195.752532618918 24.7427692128813
196.480750376599 24.8084609151194
197.211677172552 24.87960506617
197.945323084652 24.9529852969034
198.681698228267 25.0264984525816
199.420812756393 25.0927738921451
200.162676859797 25.1501104381766
200.907300767158 25.1995199727063
201.654694745203 25.2446690236723
202.404869098855 25.2860541921535
203.157834171373 25.3239344173303
203.913600344492 25.3582170405295
204.672178038568 25.3902873091049
205.433577712722 25.4229926729214
206.197809864986 25.4571626305022
206.964885032443 25.4960134141712
207.734813791375 25.5388601147705
208.50760675741 25.5847888384261
209.283274585667 25.629028045164
210.061827970903 25.6651935279548
210.84327764766 25.695455573917
211.627634390414 25.7220571604009
212.414909013722 25.7518885756535
213.205112372374 25.7844449778784
213.998255361539 25.8202989167949
214.794348916918 25.8629154689722
215.593404014895 25.912783023126
216.395431672684 25.9698467368906
217.200442948486 26.0294173037164
218.008448941641 26.0907360537848
218.819460792778 26.1522333423573
219.633489683968 26.2160038913548
220.450546838885 26.28259854079
221.270643522953 26.347183100303
222.093791043505 26.4093986755344
222.920000749938 26.4698335564568
223.749284033871 26.5283413747579
224.5816523293 26.5848581088749
225.417117112757 26.6398851348443
226.255689903467 26.6944502728864
227.097382263509 26.7475719855792
227.942205797972 26.7982753184289
228.790172155119 26.8433721200826
229.641293026544 26.8820284273822
230.495580147337 26.9168512248906
231.35304529624 26.946695405694
232.213700295818 26.971550006159
233.077557012612 26.9881324114284
233.944627357311 26.9964466101867
234.814923284911 26.9968452440526
235.688456794884 26.9871960183411
236.565239931339 26.9671022029173
237.44528478319 26.9399317682678
238.328603484325 26.908061750956
239.215208213769 26.870756222671
240.105111195857 26.8305132984881
240.998324700395 26.7978076084313
241.894861042839 26.7737771659188
242.794732584456 26.756376385858
243.6979517325 26.7418842401837
244.60453094038 26.7308121583729
245.514482707834 26.7191657783589
246.427819581099 26.7089844456173
247.344554153085 26.6975250813434
248.264699063551 26.6819781365244
249.188266999274 26.6650256317987
250.11527069423 26.6469611333999
251.045722929764 26.6343535823988
251.979636534771 26.6275691972063
252.91702438587 26.6273822853755
253.85789940758 26.6312561333757
254.802274572504 26.6374969347938
255.750162901502 26.6448611829651
256.701577463874 26.6465930248676
257.656531377538 26.6391695699957
258.615037809212 26.6216566633246
259.577109974596 26.5921614217266
260.542761138553 26.5504700218897
261.512004615294 26.4973175349949
262.484853768559 26.433821344213
263.461322011801 26.3667801645981
264.441422808376 26.3022336599157
265.42516967172 26.2391377280699
266.412576165545 26.1720841363448
267.403655904018 26.0984401778416
268.398422551953 26.0195476920835
269.396889825 25.9388173309758
270.39907148983 25.8646169024351
271.404981364328 25.7996265402056
272.414633317784 25.740873860481
273.428041271082 25.690572668773
274.445219196894 25.6493340246898
275.466181119869 25.6120779098297
276.490941116832 25.5779589142209
277.519513316975 25.5468784979846
278.551911902049 25.5209445633508
279.588151106566 25.4989131121295
280.628245217989 25.4768484302182
281.672208576933 25.4595318190985
282.720055577362 25.4493275337888
283.771800666785 25.44727900288
284.827458346459 25.4497852599014
285.887043171586 25.4558982200035
286.950569751514 25.4630680484261
288.018052749942 25.4682483011615
289.089506885116 25.4691848744662
290.164946930037 25.4611434979791
291.244387712663 25.4426135204089
292.327844116112 25.4127885621737
293.41533107887 25.3751873743255
294.506863594997 25.3336564196547
295.602456714328 25.2937086110601
296.702125542688 25.2710265702987
297.805885242097 25.2650966079146
298.913751030978 25.2568264476484
300.025738184368 25.2418478072182
301.14186203413 25.2245046908574
302.262137969162 25.2059193986664
303.386581435609 25.183214494862
304.51520793708 25.1587560312552
305.648033034855 25.1337892326946
306.785072348107 25.1152323859089
307.926341554112 25.1030616198476
309.071856388467 25.0972157161796
310.221632645308 25.0958614781712
311.375686177524 25.0994206292491
312.534032896982 25.1058120886757
313.69668877474 25.1089992564624
314.86366984127 25.1106166727028
316.03499218668 25.1143626800431
317.210671960934 25.1202373990912
318.390725374075 25.1265182726097
319.57516869645 25.1296138730379
320.764018258932 25.1286086366576
321.957290453147 25.1211489406467
323.1550017317 25.1114291919703
324.3571686084 25.1022816397474
325.563807658489 25.0915012769597
326.774935518872 25.0757121537496
327.990568888343 25.0527782662392
329.210724527818 25.0261974201559
330.435419260565 25.0011883912027
331.664669972436 24.9797592664064
332.898493612101 24.9776058282784
334.136907191279 24.993879409559
335.379927784974 25.0151140708193
336.627572531714 25.0358125409479
337.879858633779 25.0583153807516
339.136803357447 25.0788306058468
340.398424033226 25.0900191068681
341.664738056097 25.0921058476137
342.935762885749 25.0866699018113
344.211516046826 25.0759697068208
345.492015129163 25.058267419933
346.777277788032 25.037538607755
348.067321744384 25.0218372348975
349.362164785094 25.0067880037278
350.661824763204 24.9812166261422
351.966319598173 24.9425236370579
353.275667276122 24.904609630488
354.58988585008 24.871904077699
355.908993440238 24.8383160435953
357.233008234193 24.8019063926935
358.561948487204 24.7626724890395
359.895832522439 24.7216495070855
361.234678731231 24.6783028115749
362.578505573331 24.6357494142879
363.927331577162 24.5980092790017
365.281175340072 24.566143355985
366.640055528597 24.5327488955676
368.003990878711 24.4959032018372
369.373000196088 24.457818591888
370.747102356362 24.4202632525211
372.126316305386 24.3860930553035
373.510661059493 24.3573129753586
374.900155705758 24.333263350065
376.294819402263 24.3261452277496
377.694671378358 24.3313064565903
379.099730934929 24.3416652641885
380.510017444665 24.3482570603618
381.92555035232 24.347436830707
383.346349174985 24.3394908248722
384.772433502359 24.3214587522395
386.203822997013 24.2916603900281
387.640537394667 24.2548197565361
389.082596504459 24.2134479883026
390.530020209219 24.1826402687507
391.982828465741 24.1542794508657
393.441041305064 24.1162032687181
394.904678832742 24.0707516480248
396.373761229123 24.0267234721561
397.848308749629 23.9806724006531
399.328341725034 23.925336710669
400.813880561743 23.8645817637426
402.304945742077 23.8035769177517
403.801557824551 23.7500434631342
405.303737444161 23.705410122615
406.811505312667 23.668454861176
408.324882218878 23.636430907592
409.843889028939 23.6088640761768
411.368546686621 23.5878393207228
412.898876213606 23.5721549039673
414.434898709779 23.5594788198652
415.976635353518 23.5461844562894
417.524107401988 23.5352707013698
419.077336191431 23.5184916818027
420.636343137464 23.4973374686426
422.20114973537 23.4919548261866
423.771777560397 23.4962062511736
425.348248268055 23.4952678116286
426.930583594415 23.4879550116969
428.518805356409 23.4762725173917
430.112935452127 23.4602795659062
431.712995861126 23.430308912661
433.319008644725 23.3854406044575
434.930995946316 23.3429280330212
436.548979991665 23.3146419650999
438.172983089221 23.3017482459145
439.803027630423 23.2966137307159
441.439136090005 23.3007182777983
443.081331026313 23.3082237232859
444.72963508161 23.3071670594254
446.384070982391 23.298501877108
448.044661539696 23.2776677326952
449.711429649423 23.2467040116107
451.384398292646 23.2078724167282
453.063590535931 23.1720392044459
454.749029531652 23.1447429064156
456.440738518314 23.1283168467198
458.138740820871 23.1132220548546
459.843059851047 23.0987415632942
461.55371910766 23.1033784032089
463.270742176947 23.1258886965342
464.994152732887 23.1621039305174
466.723974537529 23.2016850842298
468.460231441319 23.2397402808173
470.202947383427 23.2677479487049
471.952146392082 23.2899112442731
473.707852584898 23.3118457465015
475.470090169211 23.3322963412942
477.238883442408 23.3478240251859
479.014256792265 23.3671341735778
480.796234697286 23.3948955627588
482.584841727032 23.4237976295034
484.38010254247 23.4376335407105
486.182041896305 23.4453811864465
487.990684633326 23.4540824529729
489.806055690746 23.4775103865718
491.628180098547 23.5005970935592
493.457082979826 23.5277994681761
495.292789551138 23.569240669372
497.135325122848 23.6159898618789
498.984715099477 23.6480484759962
500.840984980053 23.6796362219243
502.704160358464 23.7135581563292
504.574266923808 23.7437417819378
506.451330460749 23.7674275002051
508.335376849875 23.7849062823783
510.226432068048 23.8006781835649
512.124522188771 23.816928930809
514.029673382538 23.8291493543986
515.941911917204 23.8492034236601
517.86126415834 23.8837947318112
519.787756569601 23.9278043952684
521.721415713088 23.9773916889745
523.662268249716 24.0218366806491
525.610340939583 24.0539911427354
527.565660642334 24.0636672322339
529.528254317536 24.0581169268426
531.498149025047 24.0416471236373
533.475371925393 24.0285054876824
535.459950280137 24.0391806983947
537.451911452257 24.0589963092076
539.451282906527 24.0892980813013
541.45809220989 24.1236824302727
543.472367031842 24.1588101321931
545.49413514481 24.2182882607088
547.523424424539 24.2847610013187
549.560262850475 24.3420280704714
551.604678506148 24.3812256569968
553.656699579562 24.4265218212595
555.716354363585 24.4743877684536
557.783671256334 24.5335477795447
559.858678761572 24.5975276927947
561.941405489097 24.6597652208346
564.03188015514 24.7303225954974
566.130131582757 24.8055517033006
568.236188702231 24.8847268268886
570.350080551465 24.9544595808398
572.471836276389 25.0105602895644
574.601485131357 25.0598388714133
576.739056479551 25.0973889015896
578.88457979339 25.1410884302952
581.038084654929 25.1780452508575
583.199600756274 25.2019367260032
585.369157899988 25.2025126035086
587.5467859995 25.1852018667916
589.732515079524 25.1567691736295
591.926375276465 25.1180327431589
594.128396838839 25.0764908001062
596.338610127691 25.0297739847222
598.557045617011 24.9879650487524
600.783733894154 24.9728699985461
603.018705660264 24.9489380409027
605.261991730696 24.923461713363
607.513623035441 24.9078217349312
609.773630619552 24.922556104737
612.042045643573 24.9635428015442
614.318899383969 25.0215775982851
616.604223233554 25.0726408192808
618.898048701927 25.120358951771
621.200407415909 25.1780308103876
623.51133111997 25.2413762907941
625.830851676678 25.3139508706528
628.159001067128 25.4047433609852
630.49581139139 25.491282458152
632.841314868951 25.5886290227173
635.195543839153 25.6836676207684
637.558530761648 25.7666224748934
639.930308216838 25.8335039261881
642.310908906328 25.8800505776095
644.700365653376 25.9409042928288
647.098711403346 25.9994204500795
649.505979224161 26.0382995247402
651.922202306761 26.0548820823256
654.347413965559 26.0584659544229
656.781647638899 26.0542526756621
659.224936889521 26.0518875311102
661.677315405021 26.0539589433669
664.138816998315 26.0689642762588
666.609475608108 26.0980336529767
669.089325299358 26.1261230872476
671.578400263749 26.1501938793612
674.076734820163 26.1673641139301
676.584363415148 26.1661605364519
679.101320623398 26.1569480878392
681.627641148229 26.1549874928978
684.163359822055 26.1789780940897
686.708511606871 26.1898918746213
689.263131594734 26.1996612714621
691.827255008246 26.2043571188841
694.400917201039 26.2127780171631
696.984153658268 26.1948565221635
699.576999997092 26.1810628383904
702.179491967171 26.1585980532418
704.791665451156 26.1372262808092
707.413556465187 26.1131498056708
710.045201159385 26.1208934023475
712.686635818355 26.1376361233894
715.337896861682 26.1333045856828
717.999020844436 26.1289329571328
720.670044457676 26.1283473992477
723.351004528956 26.1408671929351
726.041938022828 26.1647224572678
728.74288204136 26.1704673753543
731.453873824642 26.1703090860898
734.174950751298 26.1735079575968
736.906150339008 26.2038635618463
739.647510245018 26.2548940386864
742.399068266665 26.3095192238966
745.160862341893 26.3648561933856
747.932930549781 26.4255697512718
750.715311111065 26.4991754729896
753.508042388666 26.5739856724008
756.311162888217 26.6284218852701
759.124711258597 26.6789285608545
761.948726292463 26.7107638842821
764.783246926784 26.7215689957082
767.628312243377 26.7065218336428
770.483961469448 26.6796187509503
773.350233978131 26.6619928676573
776.227169289033 26.6299400725766
779.114807068777 26.5923461921876
782.01318713155 26.5239409469336
784.92234943965 26.4475215726408
787.842334104041 26.3672889209872
790.773181384902 26.2886813508424
793.714931692182 26.2015924431398
796.667625586163 26.0968888188246
799.63130377801 26.0099902532312
802.606007130343 25.9340327189145
805.591776657789 25.8633217822305
808.588653527558 25.8222822986368
811.596679060002 25.7737693887635
814.615894729193 25.7142698550758
817.646342163485 25.6531605006116
820.688063146098 25.6188029731005
823.741099615688 25.6075229523995
826.805493666926 25.6040859355148
829.881287551079 25.6072921778983
832.968523676594 25.6159247753575
836.06724460968 25.60553556119
839.177493074898 25.5903625425131
842.299311955746 25.5834350684513
845.432744295255 25.5690707592526
848.577833296579 25.5336817812678
851.734622323592 25.513044327972
854.903154901485 25.4839035754025
858.083474717367 25.4283813386848
861.275625620868 25.3250849816511
864.479651624742 25.2254779530633
867.695596905475 25.1450791773524
870.923505803893 25.0714325041027
874.163422825774 25.0065199040245
877.415392642464 24.952097150078
880.679460091487 24.8956716199151
883.955670177168 24.8517820897848
887.244068071255 24.8204880854872
890.544699113535 24.7991537204227
893.857608812465 24.7123526537343
897.1828428458 24.6266465173589
900.520447061216 24.5753307293531
903.870467476951 24.51761463842
907.232950282432 24.4659770355911
910.607941838916 24.4064546030141
913.99548868013 24.3231333296507
917.395637512907 24.233831230323
920.808435217838 24.1555610153441
924.233928849912 24.0954802961577
927.672165639167 24.0114825932477
931.12319299134 23.9297023177825
934.587058488525 23.8662925768031
938.063809889823 23.8078188382953
941.553495132005 23.742469099133
945.056162330171 23.6575219138835
948.571859778412 23.5564415700218
952.100635950479 23.4427531925834
955.64253950045 23.3533415692857
959.197619263401 23.2762320379392
962.765924256078 23.1966363317531
966.347503677575 23.1064937624813
969.942406910009 23.0187333875317
973.550683519207 22.9304424013077
977.172383255382 22.8697335436273
980.807556053824 22.8212680829761
984.456252035586 22.7701872250425
988.118521508177 22.7309475882487
991.794414966255 22.6964113074996
995.483983092322 22.6606924632757
999.187276757423 22.640964361937
1002.90434702185 22.6150227351509
1006.63524513584 22.578302469583
1010.3800225403 22.5527095554726
1014.13873086747 22.5476112393378
1017.9114219417 22.5224000093772
1021.69814778013 22.4766480191929
1025.49896059337 22.4339291628147
1029.31391278631 22.4158918930124
1033.14305695876 22.3830281113291
1036.98644590621 22.3365650694554
1040.84413262056 22.2689912218822
1044.71617029083 22.2104742591459
1048.60261230394 22.1645494498255
1052.50351224539 22.1373292951432
1056.41892390001 22.1078340233085
1060.34890125276 22.0644089803847
1064.29349848938 22.0197540587946
1068.25276999721 21.9862960173934
1072.22677036593 21.9635088135721
1076.21555438826 21.9361077848637
1080.21917706079 21.9208986765625
1084.23769358469 21.9366570328789
1088.27115936647 21.9510268895882
1092.31963001878 21.9483870471031
1096.38316136114 21.9403553351322
1100.46180942073 21.9245433147453
1104.55563043316 21.9090710954912
1108.66468084322 21.8977965727165
1112.7890173057 21.8678458628683
1116.92869668616 21.8181764402078
1121.08377606168 21.7613123612131
1125.25431272169 21.7469595212934
1129.44036416873 21.729836886472
1133.64198811927 21.6904486231453
1137.85924250447 21.6619301545966
1142.09218547102 21.6323126226514
1146.34087538191 21.6035154117246
1150.60537081725 21.5870305307326
1154.88573057506 21.6082648655947
1159.18201367212 21.6254654111575
1163.49427934474 21.6368561316276
1167.8225870496 21.6504858516622
1172.16699646455 21.6671219025818
1176.52756748948 21.6827677949776
1180.90436024707 21.6855887989077
1185.2974350837 21.6960448024526
1189.70685257023 21.7090852973697
1194.13267350285 21.7240180399184
1198.5749589039 21.7591324315289
1203.03377002276 21.7857682498104
1207.50916833664 21.8061696009502
1212.00121555147 21.8374251961549
1216.50997360271 21.9076818563676
1221.03550465623 21.9790341436288
1225.57787110919 22.0331801208078
1230.13713559085 22.0570794307223
1234.71336096344 22.0675029346704
1239.30661032308 22.0803450692454
1243.9169470006 22.0889033433984
1248.54443456241 22.0809383314323
1253.18913681141 22.0436015486914
1257.85111778785 22.0024699471251
1262.53044177021 21.9950350089435
1267.22717327611 21.9785613969072
1271.94137706315 21.929128952332
1276.67311812987 21.8716638793899
1281.42246171659 21.8361837242122
1286.18947330632 21.824216743371
1290.97421862569 21.8007222424595
1295.77676364585 21.7718007497744
1300.59717458334 21.7328129119643
1305.43551790105 21.7550772289801
1310.29186030912 21.7738208392901
1315.16626876584 21.7950954681001
1320.05881047861 21.8083209251831
1324.96955290485 21.8121852469567
1329.8985637529 21.8128452313255
1334.84591098301 21.8142890824484
1339.81166280824 21.823200265348
1344.79588769541 21.8345641845381
1349.79865436604 21.8392047403508
1354.82003179729 21.8638647194567
1359.86008922295 21.8823603917128
1364.91889613434 21.8882827184134
1369.9965222813 21.9059522460749
1375.09303767316 21.935522128553
1380.20851257966 21.9479942413564
1385.343017532 21.9508476257068
1390.49662332371 21.9313828920164
1395.6694010117 21.9012586580212
1400.86142191724 21.8599417071577
1406.07275762689 21.8211288373232
1411.30347999353 21.8100547172706
1416.55366113734 21.7855207858719
1421.82337344679 21.7529448824802
1427.11268957965 21.7162837683226
1432.42168246399 21.707803652896
1437.75042529915 21.7002487235604
1443.09899155681 21.7007274621015
1448.46745498195 21.6941660533396
1453.85588959391 21.6795098119097
1459.26436968736 21.6494047180457
1464.69296983337 21.6396198692447
1470.14176488043 21.6361542121889
1475.61082995546 21.6411018282293
1481.10024046487 21.6227989051205
1486.61007209556 21.6189384707502
1492.14040081604 21.5963268285869
1497.69130287738 21.5964890598016
1503.26285481435 21.628362870506
1508.85513344643 21.6604042849936
1514.46821587884 21.6748465314443
1520.10217950369 21.6736526390913
1525.75710200096 21.6653078529134
1531.43306133963 21.6276438774898
1537.1301357787 21.6170348956996
1542.84840386835 21.6064224028946
1548.58794445092 21.5983465459856
1554.34883666208 21.5808030399503
1560.1311599319 21.5546393553298
1565.93499398592 21.5073067308192
1571.76041884628 21.4747447602986
1577.60751483278 21.4697819002745
1583.47636256406 21.4736954498026
1589.36704295864 21.4330999012759
1595.27963723608 21.4397906965093
1601.21422691806 21.4773425646613
1607.17089382956 21.5126247133578
1613.14972009994 21.522170924609
1619.15078816409 21.5111086243925
1625.17418076356 21.5544718720762
1631.21998094772 21.6060506198169
1637.28827207488 21.6820156479219
1643.37913781346 21.6764831657014
1649.49266214312 21.6893920610997
1655.62892935595 21.7086371961634
1661.7880240576 21.6976261375016
1667.97003116847 21.7000464317349
1674.17503592487 21.6890278091255
1680.40312388019 21.7127838667787
1686.6543809061 21.7197551303877
1692.9288931937 21.7097033404507
1699.22674725475 21.698738201349
1705.54802992284 21.6802615514332
1711.89282835457 21.6734542695985
1718.26123003079 21.6577224742244
1724.65332275779 21.6531391028203
1731.06919466848 21.6228657673011
1737.50893422366 21.6146544852712
1743.9726302132 21.5990791947035
1750.46037175728 21.6102105167728
1756.97224830763 21.6245001832525
1763.50834964871 21.6680777203
1770.06876589903 21.7017689163366
1776.65358751231 21.7084885441776
1783.26290527881 21.7313250316761
1789.8968103265 21.783343953694
1796.55539412237 21.8568512934731
1803.23874847367 21.8911837451775
1809.94696552921 21.9082087052996
1816.68013778055 21.9324472969272
1823.43835806337 21.9887790922181
1830.22171955869 22.034708214894
1837.03031579418 22.0674038841874
1843.86424064544 22.0820350280115
1850.72358833728 22.1093118809629
1857.60845344505 22.1373253076278
1864.51893089594 22.1399288103675
1871.45511597026 22.1348172640289
1878.41710430278 22.1606368650042
1885.40499188403 22.1713275338113
1892.41887506164 22.1552004923331
1899.45885054167 22.0920201401616
1906.52501538993 22.0516644038593
1913.61746703332 22.0581608162135
1920.73630326118 22.0650577304725
1927.88162222663 22.0756835563244
1935.05352244795 22.0668791938846
1942.25210280989 22.0567340794814
1949.47746256507 22.0552709860229
1956.72970133535 22.0294343285348
1964.00891911318 22.0224399764913
1971.315216263 22.0405579902681
1978.6486935226 22.0712852867741
1986.00945200454 22.0953825820345
1993.39759319752 22.0801831065654
2000.8132189678 22.1364001209736
2008.25643156057 22.1603850090788
2015.7273336014 22.1902790109992
2023.22602809763 22.1910610150966
2030.75261843979 22.1826956122347
2038.30720840305 22.2133501235889
2045.88990214862 22.2121905937093
2053.50080422521 22.1849304373654
2061.14001957043 22.1462732510152
2068.80765351232 22.1590996478979
2076.5038117707 22.1737001537358
2084.22860045872 22.1578785977488
2091.98212608424 22.1325189369308
2099.76449555137 22.1234456131489
2107.57581616189 22.1321848577049
2115.41619561679 22.0769505243309
2123.28574201767 22.0646798543815
2131.18456386831 22.0448570412888
2139.11277007613 22.0380668835838
2147.07046995368 22.0417308408978
2155.05777322019 22.0467051912012
2163.07479000302 22.0762634150257
2171.12163083925 22.0750331799909
2179.19840667714 22.0737323889029
2187.30522887772 22.0766106087157
2195.44220921625 22.0832692310532
2203.60945988384 22.0961876112006
2211.80709348895 22.0980815805775
2220.03522305895 22.0962125235023
2228.29396204169 22.1130447434088
2236.58342430704 22.1153392593412
2244.90372414851 22.0987931974064
2253.25497628476 22.0751436377156
2261.63729586123 22.0593564492081
2270.0507984517 22.0366439339598
2278.49560005991 22.013135925063
2286.97181712113 21.9764504274077
2295.4795665038 21.9397922924627
2304.0189655111 21.9007285793831
2312.59013188261 21.8772620589702
2321.19318379588 21.8662316617849
2329.82823986813 21.8339795822629
2338.49541915782 21.7603205000831
2347.19484116633 21.7357902780545
2355.9266258396 21.7488362339889
2364.69089356977 21.7267380374796
2373.48776519685 21.6712686379283
2382.3173620104 21.6242962988138
2391.17980575117 21.6423700798923
2400.07521861281 21.6315497741268
2409.00372324354 21.6081886079284
2417.96544274784 21.6050834028005
2426.96050068814 21.5999925220701
2435.98902108656 21.5597209823975
2445.05112842657 21.5467357970362
2454.14694765475 21.5496864237895
2463.27660418247 21.5634727370324
2472.44022388765 21.5954017980086
2481.63793311651 21.6035652104508
2490.86985868525 21.588214898103
2500.13612788187 21.5715925146178
2509.43686846789 21.5769896410382
2518.7722086801 21.5320549401199
2528.14227723234 21.4771655540021
2537.54720331731 21.4390410692132
2546.98711660828 21.4313754564836
2556.46214726094 21.4234371276808
2565.97242591516 21.3881587657525
2575.51808369681 21.3657531380576
2585.09925221956 21.3459684793974
2594.7160635867 21.3148441342687
2604.36865039294 21.2687110993942
2614.05714572626 21.214345864519
2623.78168316975 21.1754000005806
2633.54239680345 21.1690979543077
2643.33942120615 21.1456220416819
2653.17289145733 21.1140079486705
2663.04294313896 21.1137218482752
2672.94971233738 21.097345353318
2682.89333564519 21.0994872877633
2692.87395016314 21.0927696720298
2702.89169350199 21.0762290873519
2712.94670378444 21.0753440921557
2723.03911964699 21.0605926068354
2733.16908024193 21.0527134789525
2743.33672523916 21.0580635576253
2753.54219482819 21.0673713306289
2763.78562972005 21.0938472365691
2774.06717114922 21.0883293562414
2784.38696087559 21.1013507817639
2794.74514118641 21.1254768277938
2805.14185489824 21.1214275172381
2815.57724535896 21.1001625080485
2826.05145644968 21.1003723133091
2836.56463258679 21.0966530074586
2847.11691872391 21.0686169323977
2857.7084603539 21.0643463278603
2868.33940351088 21.0790100734304
2879.00989477221 21.0931242378254
2889.72008126055 21.0870303360301
2900.47011064586 21.0797768340924
2911.26013114745 21.0909211934877
2922.09029153602 21.0723534323354
2932.9607411357 21.0423565849792
2943.87162982615 21.0637589753342
2954.82310804455 21.092401216716
2965.81532678776 21.0636942684757
2976.84843761435 21.0455036390759
2987.9225926467 21.0506400993608
2999.0379445731 21.0614431682985
3010.19464664985 21.0440465063869
3021.39285270338 21.0615767927931
3032.63271713238 21.0429746295882
3043.91439490991 21.056463413025
3055.23804158553 21.0784168300272
3066.60381328749 21.0928287114691
3078.01186672482 21.0845013365461
3089.46235918954 21.0450536304501
3100.95544855881 21.0604723305946
3112.4912932971 21.0523299484907
3124.07005245839 21.0427036417352
3135.69188568836 21.0328502729863
3147.35695322657 21.019210784647
3159.0654159087 21.0008869386382
3170.81743516875 21.0196534209458
3182.61317304128 21.042283804625
3194.45279216361 21.0254861180398
3206.3364557781 21.0271282284227
3218.26432773439 21.0306281819219
3230.23657249166 21.0425262446291
3242.25335512088 21.0166284005756
3254.3148413071 21.0211734395219
3266.42119735174 21.0271072572715
3278.57259017489 21.0312041794268
3290.76918731757 21.0245113919387
3303.01115694409 21.0209713194397
3315.29866784434 21.019180247893
3327.63188943612 21.011846489233
3340.01099176749 20.9995765642786
3352.43614551909 20.989715611649
3364.90752200653 20.9937171157254
3377.42529318271 20.9747505184828
3389.98963164021 20.9562265173065
3402.60071061369 20.9553470694712
3415.25870398225 20.9253770931603
3427.96378627182 20.9187317316964
3440.71613265761 20.8985079612177
3453.51591896648 20.8777750366746
3466.36332167938 20.8377321708108
3479.25851793381 20.7918072706196
3492.20168552621 20.7809409337768
3505.19300291445 20.7422259810725
3518.23264922029 20.7124424363619
3531.32080423182 20.6968307480682
3544.45764840598 20.6913452628855
3557.64336287101 20.7001380325928
3570.87812942896 20.6851292159067
3584.16213055823 20.6917972538437
3597.49554941602 20.6901474068253
3610.87856984091 20.699300703001
3624.31137635539 20.6874350691659
3637.79415416837 20.6762066180758
3651.32708917776 20.6688137377571
3664.91036797302 20.6376343516182
3678.54417783777 20.652088152992
3692.2287067523 20.6751078669205
3705.96414339624 20.6795977842308
3719.75067715111 20.6493951098729
3733.58849810294 20.6476918784245
3747.47779704492 20.6653404209334
3761.41876547999 20.6626758834421
3775.4115956235 20.6683006184427
3789.45648040586 20.6589298664938
3803.55361347522 20.6492062286
3817.70318920008 20.6633719141214
3831.90540267205 20.6356222486345
3846.16044970847 20.6120759067941
3860.46852685515 20.6413612506244
3874.82983138907 20.6509551984648
3889.24456132109 20.6763170962741
3903.7129153987 20.6772670810068
3918.23509310874 20.6810245476951
3932.81129468018 20.6803989561294
3947.44172108682 20.6947231419034
3962.12657405015 20.6973420245782
3976.86605604205 20.7115726650771
3991.66037028761 20.7145481049188
4006.50972076797 20.7149085987666
4021.41431222307 20.7453212710092
4036.37435015451 20.7378464745319
4051.39004082838 20.7560004030826
4066.46159127809 20.7320214566793
4081.58920930724 20.7589341880281
4096.77310349248 20.7847711045167
4112.01348318638 20.7984712815006
4127.31055852032 20.7729435064392
4142.6645404074 20.7857551488306
4158.07564054532 20.8027534010925
4173.54407141932 20.8133106974834
4189.07004630512 20.822442974873
4204.65377927183 20.8200931593204
4220.29548518492 20.8307704199555
4235.99537970918 20.8156072885596
4251.7536793117 20.8195456892332
4267.57060126484 20.8042528170635
4283.44636364922 20.7920399018231
4299.38118535678 20.7985667518832
4315.37528609372 20.7951584292378
4331.42888638358 20.7964629932622
4347.54220757028 20.7946815962777
4363.71547182114 20.7982195927673
4379.94890212999 20.7880174432844
4396.24272232018 20.8041553795138
4412.59715704774 20.8146018912304
4429.01243180443 20.8104856153426
4445.48877292084 20.7940597574776
4462.02640756957 20.8138294043363
4478.62556376828 20.8065834493362
4495.28647038291 20.8164519372646
4512.0093571308 20.8307838163082
4528.79445458383 20.8249702095146
4545.64199417167 20.7962514597798
4562.5522081849 20.8053207194521
4579.52532977826 20.8327635736777
4596.56159297383 20.8541146570589
4613.6612326643 20.8846948935838
4630.82448461615 20.8573268615675
4648.05158547297 20.8745058251591
4665.34277275865 20.8803920743543
4682.69828488072 20.8931008148018
4700.11836113359 20.9241655932087
4717.60324170188 20.9124321300521
4735.15316766371 20.9461934019582
4752.76838099403 20.9687974612445
4770.44912456798 20.9957979674017
4788.1956421642 20.9989375788031
4806.00817846821 21.0182627307046
4823.88697907579 21.021924925929
4841.83229049635 21.064444953925
4859.84436015636 21.0508996347161
4877.92343640271 21.0700151188132
4896.06976850618 21.1010035518868
4914.28360666486 21.1074981387851
4932.5652020076 21.1228025441261
4950.91480659747 21.1495548680092
4969.33267343524 21.1515333072203
4987.81905646287 21.1731610757151
5006.374210567 21.2195266342414
5024.99839158248 21.2536351440393
5043.69185629588 21.2791728452014
5062.45486244905 21.2934873845915
5081.28766874266 21.312131900944
5100.19053483977 21.317236116855
5119.16372136941 21.3478892010868
5138.20748993018 21.3807715859463
5157.32210309384 21.3968866887895
5176.50782440896 21.4413032810731
5195.76491840452 21.4863333374948
5215.09365059358 21.5329816330942
5234.49428747691 21.5502757977992
5253.96709654673 21.5496387543278
5273.51234629033 21.5811084632046
5293.1303061938 21.6331270407562
5312.82124674575 21.6728343111878
5332.58543944101 21.700843797204
5352.42315678444 21.7491565069089
5372.3346722946 21.7819444523435
5392.32026050759 21.7996749417527
5412.38019698081 21.8167971081312
5432.51475829674 21.8529606191548
5452.72422206679 21.858947814869
5473.00886693511 21.8711720652501
5493.36897258242 21.9009110861802
5513.80481972988 21.9426822080802
5534.31669014299 21.9336777628973
5554.9048666354 21.9462947394527
5575.56963307287 21.9348794083728
5596.31127437719 21.9688511037717
5617.13007653004 21.97009277179
5638.02632657703 21.9699153903587
5659.00031263156 21.9922349971433
5680.05232387887 22.0094547720874
5701.18265057998 22.0216331833941
5722.39158407572 22.0439491088319
5743.67941679072 22.0554313611218
5765.04644223748 22.0549564086487
5786.49295502037 22.0443497736028
5808.01925083973 22.0658057497361
5829.62562649593 22.0984400602926
5851.31237989346 22.0812130926668
5873.07981004505 22.0928365122367
5894.92821707578 22.1059322323791
5916.85790222723 22.0974998504553
5938.86916786162 22.1217975529504
5960.96231746598 22.114757564838
5983.13765565636 22.0985737135803
6005.395488182 22.1007099132806
6027.73612192954 22.1047706229911
6050.1598649273 22.096513761396
6072.66702634946 22.0980224235019
6095.25791652038 22.0733127920097
6117.93284691885 22.0804077993285
6140.69213018238 22.0510405222326
6163.53608011154 22.0387344643726
6186.46501167426 22.0599535584974
6209.47924101016 22.0420226183459
6232.57908543496 22.0335884153014
6255.7648634448 22.0629387041147
6279.03689472068 22.0644435744021
6302.39550013281 22.0380268183615
6325.84100174511 21.9968433709401
6349.37372281957 22.0011059813274
6372.99398782075 21.965818633009
6396.70212242028 21.9517402803133
6420.49845350128 21.9609145803939
6444.38330916293 22.0062427428543
6468.35701872496 21.9799174043136
6492.4199127322 21.9455165993502
6516.57232295915 21.9135341360109
6540.81458241452 21.9015405085225
6565.14702534586 21.8550090607249
6589.56998724415 21.8465634829601
6614.08380484842 21.8681352945826
6638.68881615042 21.8478204045238
6663.38536039924 21.8465861476883
6688.17377810601 21.8280620948043
6713.05441104861 21.8249738644385
6738.02760227635 21.8019544807962
6763.09369611472 21.8238620287968
6788.25303817014 21.8407708524825
6813.5059753347 21.871219449031
6838.85285579099 21.8306429743158
6864.29402901684 21.847860411518
6889.82984579019 21.8707635706911
6915.4606581939 21.8723395102196
6941.18681962062 21.9044797409216
6967.00868477764 21.9213389670728
6992.92660969181 21.9347266387194
7018.94095171442 21.9744186873727
7045.05206952614 22.0109002511997
7071.26032314197 22.0416832929727
7097.56607391621 22.0780714654625
7123.96968454742 22.0563087809038
7150.47151908342 22.0216314506037
7177.07194292636 22.0311280928957
7203.77132283768 22.0573957764278
7230.57002694323 22.0745527081983
7257.46842473831 22.0973568249369
7284.46688709279 22.102096511164
7311.5657862562 22.0881691654679
7338.76549586288 22.0907745237858
7366.06639093713 22.111696231573
7393.46884789835 22.1178436559182
7420.97324456628 22.1256924132882
7448.57996016619 22.1382903515444
7476.28937533407 22.141523340774
7504.10187212195 22.1505450623936
7532.0178340031 22.1709974496759
7560.03764587737 22.1874618897951
7588.16169407645 22.2088662074882
7616.39036636925 22.2428802809759
7644.72405196718 22.2937926006273
7673.16314152958 22.3266507046888
7701.70802716907 22.3703079757553
7730.35910245697 22.4491903329535
7759.11676242871 22.4748935721474
7787.98140358931 22.4758968338796
7816.95342391881 22.5399776092849
7846.03322287777 22.5818595804294
7875.22120141279 22.5697746381501
7904.51776196203 22.6003553110135
7933.92330846076 22.6263313016743
7963.4382463469 22.67657240853
7993.06298256668 22.6897735570286
8022.79792558017 22.7444973895536
8052.64348536698 22.7808646312647
8082.60007343185 22.7855071984012
8112.66810281039 22.7789650036377
8142.84798807473 22.7806053076743
8173.14014533922 22.7751026200575
8203.54499226624 22.7916526386287
8234.06294807188 22.7739909843875
8264.69443353176 22.7980976467044
8295.43987098684 22.8094902621263
8326.29968434921 22.8137855362601
8357.27429910795 22.8360461364103
8388.36414233502 22.8392963288928
8419.56964269112 22.8626175580822
8450.89123043159 22.8692835973077
8482.32933741237 22.9058914769712
8513.88439709597 22.9137057347128
8545.55684455738 22.9213141466695
8577.34711649014 22.9068703971593
8609.25565121232 22.9439732996593
8641.28288867257 22.9794803954361
8673.42927045619 22.9828414481803
8705.69523979124 22.9978522916761
8738.0812415546 22.9676036159038
8770.58772227814 22.955871642677
8803.2151301549 22.9708805917804
8835.96391504519 22.9803943259478
8868.83452848289 22.9547160659634
8901.82742368161 22.9416445819728
8934.94305554094 22.9312439917323
8968.18188065276 22.9426080325311
9001.54435730751 22.9638193106749
9035.03094550052 22.9481526843095
9068.64210693833 22.9074312186126
9102.37830504507 22.8807752971804
9136.24000496888 22.866865252144
9170.22767358826 22.8674545989179
9204.34177951857 22.8852004914763
9238.58279311844 22.8983344209757
9272.9511864963 22.9071674450377
9307.44743351684 22.9315300597103
9342.07200980759 22.944072630892
9376.82539276547 22.9570867049911
9411.70806156333 22.9821052795489
9446.72049715662 22.9979838392592
9481.86318228997 22.9938507196252
9517.13660150386 23.0224818233435
9552.54124114133 23.0524864888245
9588.07758935464 23.0633621424869
9623.74613611202 23.0650501061564
9659.54737320446 23.049051498159
9695.48179425241 23.0320164155653
9731.54989471268 22.997083612563
9767.75217188519 22.976461463902
9804.08912491989 22.9853112043286
9840.5612548236 22.9423926647482
9877.16906446693 22.9014186313204
9913.91305859123 22.8846149569407
9950.79374381551 22.8139633216898
9987.81162864349 22.798581911566
10024.9672234705 22.7402547477396
10062.2610405907 22.6871926827212
10099.6935942039 22.6578746809666
10137.265400423 22.597177867622
10174.9769772805 22.5764574721159
10212.8288447364 22.5304415958198
10250.8215246849 22.5239735557034
10288.9555409616 22.5386310035827
10327.231419351 22.5026722197793
10365.6496875932 22.5156859167428
10404.210875392 22.4990234642874
10442.9155144215 22.4921912708325
10481.7641383337 22.4886130289274
10520.7572827658 22.4802911786776
10559.8954853477 22.4638633822146
10599.1792857094 22.4528313809354
10638.6092254881 22.4452553082148
10678.1858483363 22.4119492266688
10717.9096999286 22.4210184964753
10757.7813279699 22.4059219528775
10797.8012822023 22.4145506788936
10837.9701144131 22.4132611834103
10878.2883784424 22.3893795340905
10918.7566301905 22.3939018020019
10959.3754276259 22.3828450771905
11000.1453307925 22.3973349896927
11041.0669018179 22.4169652543114
11082.1407049206 22.4076480767275
11123.3673064183 22.4025917424288
11164.7472747353 22.4154797248631
11206.2811804106 22.428626992173
11247.9695961055 22.4484004356735
11289.8130966117 22.463451249086
11331.8122588594 22.4559612703426
11373.9676619248 22.4752635446155
11416.2798870383 22.5081345422942
11458.7495175926 22.4926034780953
11501.3771391508 22.4840107146725
11544.1633394541 22.4882028402204
11587.1087084304 22.452951164511
11630.213838202 22.4159260044652
11673.4793230941 22.3728410494233
11716.9057596427 22.3296181927456
11760.4937466031 22.3062422000557
11804.2438849579 22.2742921785513
11848.1567779254 22.2201066774401
11892.2330309682 22.1994725990752
11936.473251801 22.1758825422664
11980.8780503993 22.1305712321168
12025.4480390078 22.0814668982398
12070.1838321489 22.0431306809772
12115.0860466309 22.006723370542
12160.1553015568 21.9929599575478
12205.3922183327 21.9630148403883
12250.7974206764 21.9552555819184
12296.371534626 21.9778991361447
12342.1151885484 21.9348946047702
12388.0290131483 21.9455279648077
12434.1136414765 21.9371186230574
12480.3697089389 21.9490107442357
12526.7978533051 21.9835548399991
12573.3987147173 21.9811859165401
12620.1729356991 21.9817676696136
12667.1211611643 21.990230492468
12714.244038426 21.9429017137833
12761.5422172051 21.9825762070384
12809.0163496398 21.948208037262
12856.667090294 21.9354228284778
12904.495096167 21.9019146112572
12952.5010267019 21.8710288635874
13000.6855437952 21.8359603904209
13049.0493118056 21.8234936828147
13097.5929975632 21.7959745833808
13146.317270379 21.7638455177274
13195.2228020538 21.7371138494441
13244.3102668874 21.7024366445704
13293.5803416882 21.7064968877178
13343.0337057825 21.6494374964622
13392.6710410235 21.6498889542141
13442.4930318013 21.6366024369394
13492.5003650516 21.6074104738245
13542.6937302658 21.6133000892483
13593.0738195003 21.5815413126151
13643.6413273859 21.5598279220765
13694.3969511376 21.5556504611901
13745.3413905639 21.5284292480743
13796.4753480769 21.5045128979109
13847.7995287016 21.4773770835133
13899.3146400859 21.4558963249902
13951.02139251 21.4413833875531
14002.9204988965 21.4012530549496
14055.0126748202 21.3746090039922
14107.2986385179 21.3663769066281
14159.7791108982 21.3149816423653
14212.4548155516 21.304590276921
14265.3264787606 21.2927130311978
14318.3948295092 21.2695692340546
14371.6605994936 21.2405281454391
14425.1245231318 21.2451934399107
14478.7873375739 21.2256259806247
14532.6497827125 21.2229880287996
14586.7126011923 21.2083702868532
14640.9765384209 21.1998844184314
14695.442342579 21.2124957945343
14750.1107646304 21.1934281335129
14804.9825583328 21.2058868294529
14860.0584802475 21.2013073061731
14915.3392897509 21.2042388602266
14970.8257490437 21.2001266792277
15026.5186231627 21.2140121366378
15082.4186799901 21.2063866022886
15138.5266902652 21.1941851409441
15194.8434275942 21.1739999017205
15251.3696684613 21.1505395840849
15308.1061922393 21.1213456499978
15365.0537812003 21.0887774969554
15422.2132205266 21.0521082922613
15479.5852983214 20.9701097464636
15537.1708056196 20.937210135938
15594.9705363991 20.8875714777583
15652.9852875913 20.8427982823108
15711.2158590922 20.7856349610501
15769.6630537736 20.7353039064303
15828.327677494 20.6705689590826
15887.2105391099 20.6281702997558
15946.3124504865 20.5926037132128
16005.6342265097 20.5852753210519
16065.1766850963 20.5405808039936
16124.9406472063 20.5339353658504
16184.9269368535 20.4841060075316
16245.1363811172 20.4652043446887
16305.5698101534 20.4276505098917
16366.2280572065 20.4350852405478
16427.1119586206 20.3974282620743
16488.2223538509 20.373193860544
16549.5600854758 20.3344958349915
16611.1259992079 20.2832020109379
16672.9209439061 20.2527565766548
16734.9457715869 20.1905363226144
16797.2013374366 20.1666582267338
16859.6884998228 20.1008234512413
16922.4081203063 20.0351372630887
16985.3610636531 19.9581073176398
17048.5481978459 19.8728341009596
17111.9703940967 19.8144343355409
17175.6285268585 19.7598250776658
17239.523473837 19.6502894732752
17303.6561160034 19.540630569269
17368.027337606 19.4383792974612
17432.6380261827 19.3375692886662
17497.489072573 19.2342173024035
17562.5813709306 19.1278907097933
17627.9158187353 19.0597078466929
17693.4933168058 18.9816026944669
17759.3147693119 18.8852420824711
17825.3810837868 18.8060548843566
17891.6931711401 18.7516042344784
17958.2519456698 18.7163314858771
18025.0583250755 18.6862489000554
18092.1132304703 18.6541404966822
18159.4175863943 18.6233236152976
18226.9723208268 18.5876809932953
18294.7783651994 18.5368125262664
18362.8366544084 18.514911311075
18431.1481268284 18.4825231115017
18499.7137243246 18.4411044398872
18568.5343922661 18.4041065500917
18637.6110795389 18.3215907199847
18706.9447385587 18.2636170409028
18776.5363252847 18.2103811528967
18846.3867992321 18.1399344406443
18916.4971234854 18.0537216076057
18986.8682647123 17.971453735105
19057.5011931763 17.9098078672233
19128.3968827505 17.8488860551224
19199.5563109307 17.77137410724
19270.9804588494 17.70350266442
19342.6703112886 17.6580729579599
19414.6268566943 17.5718785485246
19486.851087189 17.5286772704764
19559.3439985865 17.4783150857988
19632.1065904049 17.4001340246657
19705.1398658807 17.3563942678777
19778.4448319822 17.3026508032987
19852.0224994243 17.2658963112355
19925.8738826813 17.2262840270996
20000.0000000017 17.2262840270996
