42.3794852422151 0
55.3881821644389 -0.506196538406454
58.1274340250607 -1.48141190591162
61.0021570360742 -2.26906018932067
64.0190509949139 -3.00550277665507
67.1851470410421 -3.25133228838021
70.5078240426442 -3.15445534261812
73.9948257937363 -2.73536815726167
77.654279061766 -2.15314010788446
81.4947125277655 -1.3979467265924
85.525076663201 -0.457371161824598
89.7547645898416 0.564968098504972
94.1936339712644 1.85927251432388
98.8520299870155 2.92049870118524
103.74080944297 3.5080630336968
108.871366074083 3.17555206119784
114.255657098502 2.04836584591535
119.906231084925 0.445853053819958
125.836257198157 -1.32681057759614
132.059555891015 -2.78586329913948
138.590631114126 -3.93601230061045
145.444704118671 -4.31631546701806
152.637748930863 -4.0030066854579
160.186529580835 -2.95072140052097
168.108639172699 -1.72331178633615
176.422540886846 -0.584868357624925
185.147611010021 -0.204089112700783
194.304184093485 -0.35896458744075
203.913600344492 -0.989075011762418
213.998255361539 -1.7539066659014
224.5816523293 -2.15440847134011
235.688456794884 -2.62223687279019
247.344554153085 -2.07708196126948
259.577109974596 -2.09664592250306
272.414633317784 -1.29100261866073
285.887043171586 -1.02448093622086
300.025738184368 -1.03786716296816
314.86366984127 -1.24596569190535
330.435419260565 -0.98203086607437
346.777277788032 -1.78418972360694
363.927331577162 -1.09487643199362
381.92555035232 -1.19773528515477
400.813880561743 -1.05822738584585
420.636343137464 -0.234031603218598
441.439136090005 0.22702027554585
463.270742176947 0.358531170847566
486.182041896305 1.21709039344613
510.226432068048 1.17432581270949
535.459950280137 1.06152084512002
561.941405489097 0.983638932964571
589.732515079524 0.518171279063083
618.898048701927 -0.226519512458523
649.505979224161 -0.799930786233873
681.627641148229 -1.23698289004787
715.337896861682 -1.49064548781687
750.715311111065 -1.74692040994587
787.842334104041 -1.56649891159287
826.805493666926 -0.912880675535874
867.695596905475 -0.36335041282387
910.607941838916 0.622251092618128
955.64253950045 1.84201630821813
1002.90434702185 2.46447203304013
1052.50351224539 2.76957868832713
1104.55563043316 3
1159.18201367212 3
1216.50997360271 2.61686231083613
1276.67311812987 2.66737364787613
1339.81166280824 2.74795369928713
1406.07275762689 2.90479864930213
1475.61082995546 2.83455269646813
1548.58794445092 2.76694470161813
1625.17418076356 2.57802593433813
1705.54802992284 1.93832727104213
1789.8968103265 1.56193559574213
1878.41710430278 1.25072740598813
1971.315216263 1.06348678678213
2068.80765351232 1.09818769849513
2171.12163083925 1.22663435361213
2278.49560005991 1.38066627241713
2391.17980575117 1.68459947370213
2509.43686846789 1.86809360734513
2633.54239680345 2.06589469365413
2763.78562972005 2.20573581924213
2900.47011064586 2.33696930152213
3043.91439490991 2.39495132495713
3194.45279216361 2.42457791617213
3352.43614551909 2.42943603645813
3518.23264922029 2.58988964135613
3692.2287067523 2.55644257864713
3874.82983138907 2.47072165342813
4066.46159127809 2.56861403680513
4267.57060126484 2.63423175083213
4478.62556376828 2.59538698965213
4700.11836113359 2.60908929664613
4932.5652020076 2.37393935057913
5176.50782440896 2.02205590636813
5432.51475829674 1.61468967369413
5701.18265057998 1.48636482964013
5983.13765565636 1.17847242693413
6279.03689472068 1.19857574170913
6589.56998724415 1.07516920688013
6915.4606581939 0.875326879822129
7257.46842473831 0.659377975131129
7616.39036636925 0.39628138913713
7993.06298256668 -0.088874339254872
8388.36414233502 -0.191619004291873
8803.2151301549 -0.39842511967187
9238.58279311844 -0.47883106589287
9695.48179425241 -0.366869997811875
10174.9769772805 0.212130667638128
10678.1858483363 0.432639377286129
11206.2811804106 0.546724928006128
11760.4937466031 0.754474082172127
12342.1151885484 0.881968630799129
12952.5010267019 0.696694019795128
13593.0738195003 0.697279773597128
14265.3264787606 0.821632116468127
14970.8257490437 0.904084619329129
15711.2158590922 1.15697851607713
16488.2223538509 1.51498518342913
17303.6561160034 2.32618616896613
18159.4175863943 2.98263899476413
19057.5011931763 3
