10 3.87643909454346
10.0372009367102 3.8831942033935
10.0745402643896 3.86346397733464
10.1120184978655 3.82203087907653
10.1496361538807 3.78057683213434
10.1873937510998 3.73935384450021
10.2252918101175 3.69899052723388
10.2633308534646 3.65860944964235
10.3015114056161 3.6182178472525
10.3398339929981 3.57847403438485
10.3782991439948 3.53880556570407
10.4169073889563 3.49912945450853
10.4556592602056 3.46006072787631
10.4945552920458 3.4214736826211
10.5335960207679 3.38287832133933
10.5727819846578 3.34451301280605
10.6121137240039 3.30696366162323
10.6515917811047 3.26940986772346
10.6912167002759 3.23185017019749
10.7309890278581 3.1948951878894
10.7709093122244 3.15801906324094
10.8109781037879 3.12114223553296
10.8511959550093 3.08485561891059
10.8915634204045 3.04904770419328
10.9320810565522 3.01324119903821
10.9727494221018 2.97758437563671
11.0135690777806 2.94247252494515
11.0545405864021 2.90736440928207
11.0956645128736 2.87226025159807
11.1369414242037 2.8380473568327
11.1783718895104 2.80394492751062
11.2199564800288 2.77007144069789
11.2616957691193 2.73664672631565
11.3035903322749 2.70364796123188
11.3456407471298 2.67066151563002
11.3878475934668 2.63791513369806
11.4302114532258 2.60592479234585
11.4727329105113 2.57395049251849
11.515412551601 2.5419915486511
11.5582509649534 2.51064187870487
11.6012487412161 2.47937726969683
11.6444064732342 2.44812930635652
11.6877247560581 2.41759512853576
11.7312041869517 2.38781775524893
11.774845365401 2.35829742517311
11.818648893122 2.32917430644826
11.8626153740693 2.30081333411064
11.9067454144441 2.27269072286443
11.9510396227028 2.24480276354166
11.9954986095653 2.21771481551473
12.0401229880234 2.19092297424228
12.0849133733495 2.16434996428069
12.1298703831044 2.13863183873911
12.1749946371469 2.11359658525936
12.2202867576412 2.08876731947089
12.2657473690664 2.06433757564545
12.3113770982243 2.04074404825142
12.3571765742489 2.01734386482289
12.4031464286144 1.99413458493998
12.4492872951442 1.97166281782704
12.4955998100196 1.94943985315331
12.5420846117884 1.92739764762468
12.5887423413741 1.92454025748825
12.6355736420843 1.91147988028917
12.6825791596199 1.89865943650481
12.7297595420838 1.88632504270825
12.7771154399899 1.87497613027368
12.8246475062721 1.86386785235145
12.8723563962932 1.85300088349417
12.9202427678541 1.84290888492812
12.9683072812028 1.83311729012516
13.0165505990434 1.82356878446466
13.0649733865454 1.81471892361752
13.1135763113527 1.80645948434462
13.162360043593 1.7984631303292
13.2113252558868 1.79097312676248
13.260472623357 1.78446562932184
13.3098028236379 1.77822723344685
13.3593165368846 1.7722602238177
13.4090144457825 1.76708009522855
13.4588972355569 1.76222828497609
13.5089655939818 1.75765167882297
13.5592202113899 1.75378335310818
13.6096617806823 1.75050522682645
13.6602909973373 1.74750755845257
13.7111085594207 1.74501525273296
13.7621151675953 1.743448386189
13.8133115251301 1.7421674741308
13.8646983379105 1.74117446084855
13.9162763144479 1.74110949215991
13.9680461658894 1.74138069141085
14.0200086060276 1.74171995833277
14.0721643513105 1.74244546634486
14.1245141208514 1.74347232873752
14.1770586364386 1.74456728598697
14.2297986225456 1.74594987637284
14.2827348063412 1.74802219615402
14.3358679176991 1.75016343742809
14.3891986892083 1.75237443243773
14.442727856183 1.75539325618406
14.496456156673 1.75853860440586
14.5503843314737 1.76175402464149
14.6045131241361 1.76534688179917
14.6588432809775 1.76923133690803
14.7133755510915 1.77318743453354
14.7681106863584 1.7774225842332
14.8230494414556 1.78234385515712
14.8781925738679 1.78739270552905
14.9335408438982 1.79256959491199
14.9890950146774 1.79847744196127
15.0448558521758 1.80456755154793
15.1008241252129 1.81078884424286
15.1570006054682 1.81749070493045
15.2133860674922 1.82457059714944
15.2699812887167 1.83178459382172
15.3267870494654 1.8393315155849
15.3838041329651 1.84757849835445
15.4410333253564 1.85596239011353
15.498475415704 1.86448329162746
15.5561311960084 1.87365922660643
15.6140014612162 1.88301888193745
15.6720870092313 1.89251845147349
15.730388640926 1.90249598018906
15.7889071601517 1.91284145870489
15.8476433737505 1.92330082988094
15.9065980915658 1.93404698380342
15.9657721264536 1.94538923879746
16.0251662942941 1.95684614195715
16.0847814140026 1.96841628811468
16.1446183075405 1.98061988806001
16.2046777999274 1.9929784988535
16.2649607192518 2.00545109429645
16.3254678966828 2.01847907299038
16.3862001664817 2.03197126466567
16.447158366013 2.04566683271382
16.5083433357566 2.05969061676366
16.569755919319 2.074300853758
16.6313969634448 2.08909051772547
16.6932673180286 2.10405933601082
16.7553678361271 2.11980547892666
16.8176993739698 2.13576816019619
16.880262790972 2.15191017693877
16.9430589497458 2.16853071696018
17.0060887161124 2.18552482697138
17.069352959114 2.20269747633044
17.1328525510256 2.22021722702818
17.1965883673671 2.23834534233432
17.2605612869157 2.25665220258951
17.3247721917173 2.2751372787493
17.3892219670996 2.2943358368305
17.4539115016833 2.31374069553112
17.5188416873952 2.33332304109083
17.5840134194801 2.35344471278666
17.649427596513 2.37397199676562
17.7150851204118 2.394676175327
17.7809868964498 2.41568616656836
17.8471338332678 2.43721110112809
17.9135268428867 2.45891318910977
17.9801668407205 2.48079305803123
18.0470547455885 2.50337449283048
18.1141914797281 2.52616491505804
18.1815779688074 2.5491329232289
18.2492151419383 2.57254401233159
18.3171039316889 2.59631285717471
18.3852452740965 2.62027629621302
18.4536401086808 2.6445725413312
18.5222893784564 2.66928390362624
18.5911940299459 2.69397898092699
18.6603550131934 2.71848239755365
18.7297732817769 2.74307943493294
18.799449792822 2.76737590155198
18.8693855070149 2.79134871072483
18.9395813886156 2.81529537891172
19.0100384054711 2.83909631760205
19.0807575290291 2.86256683697415
19.151739734351 2.88584586215993
19.2229860001258 2.90913050111839
19.2944973086829 2.93208051264591
19.3662746460064 2.95469212920355
19.4383190017482 2.97743892103331
19.5106313692418 2.99986308829494
19.5832127455161 3.02194716312729
19.6560641313089 3.04393980939604
19.7291865310809 3.0657478332235
19.8025809530295 3.0872580949314
19.8762484091027 3.10860822268605
19.950189915013 3.13000163737806
20.0244064902514 3.15109731365373
20.0988991581017 3.17189626726897
20.1736689456542 3.1927723845833
20.2487168838201 3.21337189667501
20.3240440073458 3.23367686921851
20.3996513548271 3.25397202309541
20.4755399687231 3.27414173743875
20.5517108953714 3.29402442725821
20.6281651850019 3.31375574273619
20.7049038917513 3.33351285069859
20.7819280736781 3.35298848208653
20.8592387927765 3.3721838435006
20.9368371149918 3.39146397267816
21.0147241102344 3.41072472497615
21.092900852395 3.43000402695876
21.1713684193594 3.44952411947477
21.2501278930231 3.46919467577325
21.3291803593062 3.48888745917214
21.4085269081689 3.5087226658348
21.4881686336258 3.52887342269127
21.5681066337615 3.54904770620725
21.6483420107456 3.5692474535944
21.7288758708478 3.58981698515729
21.8097093244533 3.61042541513032
21.8908434860779 3.6310639584523
21.9722794743837 3.65197562049582
22.0540184121942 3.67305408088565
22.1360614265099 3.69417948256522
22.2184096485239 3.71566655127025
22.3010642136375 3.73765987434315
22.3840262614756 3.7599014712665
22.4672969359028 3.78239164091826
22.5508773850389 3.8054535142623
22.6347687612749 3.82877474079959
22.7189722212887 3.85234711172043
22.8034889260611 3.87639048005213
22.8883200408921 3.9008073657117
22.9734667354164 3.92547722647411
23.0589301836202 3.95049617864676
23.1447115638567 3.97597930437255
23.230812058863 4.00169801297875
23.3172328557757 4.02763579547909
23.4039751461482 4.05408782691685
23.491040125966 4.08074595937329
23.5784289956642 4.10767339582114
23.6661429601435 4.13507876442553
23.754183228787 4.16287292280985
23.8425510154766 4.19094538553721
23.9312475386102 4.21939367491609
24.0202740211181 4.24832847502739
24.1096316904802 4.27753994535285
24.1993217787425 4.30703116530795
24.2893455225345 4.33708644791899
24.3797041630861 4.36742327444424
24.4703989462445 4.3980366500839
24.5614311224917 4.42910597582207
24.6528019469616 4.46054855101066
24.7445126794573 4.49226669738363
24.8365645844686 4.52434906193455
24.9289589311891 4.55689288546077
25.0216969935341 4.58971484874112
25.1147800501579 4.62281166088455
25.2082093844715 4.65645482181333
25.3019862846603 4.69037899483422
25.3961120437021 4.72457966663664
25.4905879593843 4.75921228502426
25.5854153343225 4.79420154048164
25.6805954759781 4.82950642646908
25.7761296966763 4.86521755938629
25.8720193136242 4.90137929779341
25.9682656489293 4.93779663663174
26.0648700296171 4.97446840312178
26.1618337876502 5.011624934528
26.2591582599459 5.04902998624458
26.356844788395 5.08672556262957
26.4548947198803 5.12489784040594
26.5533094062951 5.16347635299947
26.6520902045621 5.20237498751802
26.7512384766515 5.24165749999854
26.8507555896003 5.28138442746473
26.9506429155313 5.32144235432659
27.0509018316712 5.36183421988936
27.1515337203705 5.40277553064155
27.2525399691221 5.44405387413636
27.3539219705804 5.48567584506471
27.4556811225806 5.52778160138966
27.5578188281582 5.57030560058092
27.6603364955679 5.61318023972472
27.7632355383033 5.65647096500914
27.8665173751163 5.70023700113854
27.9701834300368 5.74432573423881
28.0742351323921 5.78867211379502
28.1786739168268 5.83342995611969
28.2835012233224 5.87844920114661
28.3887184972175 5.9237321703198
28.4943271892273 5.96939739123827
28.6003287554639 6.01539100801214
28.7067246574561 6.06165382855333
28.81351636217 6.10826195113894
28.9207053420286 6.15528420628499
29.0282930749329 6.20260215175138
29.1362810442814 6.25021941574011
29.2446707389912 6.29826015490646
29.3534636535184 6.34660556790801
29.4626612878783 6.39525917786162
29.5722651476666 6.4444182166339
29.6822767440801 6.49404626690444
29.7926975939372 6.54409680530608
29.9035292196989 6.59461457261636
30.0147731494902 6.64565406372611
30.1264309171207 6.69711322523862
30.2385040621058 6.74899371294594
30.3509941296883 6.80135441742104
30.4639026708593 6.85405743649707
30.5772312423796 6.90710677090538
30.6909814068016 6.96055531062163
30.8051547324904 7.01437374733828
30.9197527936455 7.06853087904364
31.0347771703225 7.1230633176297
31.1502294484553 7.17801234734257
31.2661112198773 7.23329250631157
31.3824240823437 7.28889164261564
31.4991696395536 7.34483448704527
31.616349501172 7.40106359683136
31.733965282852 7.45757692676419
31.852018606257 7.51443207422692
31.9705110990833 7.57159501332288
32.0894443950822 7.62903604864885
32.2088201340828 7.68677129195982
32.3286399620146 7.74481963041862
32.4489055309299 7.80314043991972
32.569618499027 7.86173357212207
32.6907805306726 7.9215721546842
32.8123932964254 7.98273378187069
32.9344584730584 8.0452273844757
33.0569777435824 8.10911445082289
33.1799527972693 8.17436126561881
33.3033853296751 8.24074862979463
33.4272770426635 8.30825924883681
33.5516296444293 8.37689676202509
33.6764448495218 8.44664469500205
33.8017243788689 8.51751379075725
33.9274699598002 8.58952835088713
34.0536833260713 8.66264004627502
34.1803662178875 8.73684007375658
34.3075203819277 8.81212912440906
34.4351475713689 8.88851813087967
34.5632495459097 8.96599693069174
34.6918280717952 9.04458138501356
34.8208849218411 9.12429060167243
34.9504218754581 9.20485208191651
35.0804407186764 9.28566086687855
35.2109432441705 9.36692025317895
35.3419312512837 9.44843059824165
35.4734065460531 9.53018018676021
35.6053709412345 9.61207761206933
35.7378262563273 9.69416744456409
35.8707743175993 9.77650704505919
36.0042169581128 9.8590565820255
36.1381560177486 9.94178813509133
36.2725933432325 10.0247366753053
36.40753078816 10.1078895446792
36.5429702130224 10.191191623997
36.6789134852321 10.2750713729716
36.8153624791483 10.3595962057529
36.9523190761032 10.4447406144164
37.0897851644277 10.5305577354899
37.2277626394773 10.6170683118001
37.3662534036585 10.7045424816402
37.5052593664551 10.792992846211
37.6447824444542 10.8824497354134
37.7848245613726 10.9729119586152
37.9253876480839 11.0643859208362
38.0664736426444 11.1568757317658
38.2080844903204 11.2503922159052
38.3502221436146 11.344917323292
38.4928885622931 11.4404749009411
38.6360857134129 11.5370894861563
38.7798155713483 11.6347636481385
38.9240801178185 11.7335158933524
39.068881341915 11.8333602269686
39.2142212401288 11.9342016995862
39.3601018163781 12.0357701254132
39.5065250820358 12.1381307939918
39.6534930559574 12.242108171584
39.8010077645086 12.3482752922108
39.9490712415935 12.456638325128
40.0976855286824 12.5671921114086
40.2468526748401 12.6799591463285
40.3965747367541 12.7949390818877
40.5468537787631 12.9121545658281
40.6976918728852 13.0315400820682
40.8490910988465 13.153162429196
41.0010535441102 13.2769714325121
41.1535813039047 13.4029821405165
41.3066764812531 13.5312284082959
41.4603411870018 13.6617116122612
41.6145775398498 13.79444347668
41.7693876663778 13.9294646005363
41.9247737010778 14.0664144206184
42.080737786382 14.2029664442803
42.2372820726929 14.339138267829
42.3944087184125 14.4750028443761
42.5521198899724 14.6105248578147
42.7104177618635 14.7457200626082
42.869304516666 14.8806694748552
43.0287823450793 15.0153745659485
43.1888534459529 15.1498511520077
43.3495200263157 15.2841201698452
43.5107843014072 15.4182101557938
43.6726484947079 15.5521328261412
43.8351148379697 15.6859227467417
43.9981855712467 15.8195687979956
44.1618629429266 15.9531262406158
44.3261492097609 16.0866815473558
44.4910466368967 16.2205941883864
44.6565574979076 16.3551547336123
44.822684074825 16.4904146248154
44.9894286581698 16.6263611831124
45.1567935469838 16.7630134565202
45.3247810488614 16.9004147761384
45.4933934799815 17.0385841958922
45.6626331651395 17.1774721303139
45.8325024377791 17.31716959079
46.0030036400248 17.4577210181354
46.1741391227139 17.598625605038
46.345911245429 17.7399201839661
46.5183223765307 17.8816531460838
46.69137489319 18.0223477228864
46.8650711814213 18.1616579969098
47.0394136361151 18.2993813982131
47.2144046610712 18.434306791511
47.3900466690317 18.5663425037718
47.5663420817144 18.6955514062142
47.743293329846 18.821918179358
47.9209028531959 18.9453663128822
48.0991731006096 19.0659036731963
48.2781065300423 19.1835345175901
48.4577056085935 19.29816955276
48.63797281254 19.4097531983641
48.8189106273711 19.5183494756992
49.000521547822 19.6247685875
49.1828080779086 19.7292538564277
49.3657727309621 19.8319952774997
49.5494180296635 19.9332363200667
49.7337465060782 20.0327859094577
49.9187607016915 20.1307231578732
50.1044631674429 20.2270820607405
50.2908564637618 20.321739722018
50.4779431606027 20.414617409712
50.6657258374805 20.5058098454988
50.854207083506 20.5952648971598
51.043389497422 20.6827187890904
51.2332756876387 20.7685601029138
51.4238682722698 20.8537780293594
51.6151698791687 20.9381124119659
51.8071831459647 21.0209716508794
51.9999107200992 21.1023209751499
52.1933552588626 21.182025785452
52.3875194294302 21.2591684634758
52.5824059089 21.3337100161802
52.7780173843286 21.4051202785866
52.9743565527689 21.4730774105307
53.1714261213071 21.5377887817368
53.3692288070999 21.5992127766189
53.5677673374123 21.6572873759031
53.7670444496548 21.7125817350951
53.9670628914213 21.7651078431542
54.1678254205271 21.8147911046714
54.3693348050468 21.8615817167259
54.5715938233525 21.9054984147119
54.7746052641521 21.9465104033974
54.9783719265278 21.985052332148
55.1828966199745 22.0212442083935
55.3881821644389 22.0552651902021
55.594231390358 22.0877972754561
55.8010471386984 22.1186960427492
56.0086322609952 22.1477050224818
56.2169896193917 22.1748292484688
56.4261220866785 22.2001229803259
56.6360325463332 22.2233162369878
56.8467238925604 22.2444303848178
57.0581990303312 22.2638738882291
57.2704608754236 22.2811526309099
57.4835123544625 22.2963561638513
57.6973564049602 22.3104857888778
57.9119959753568 22.3232613155703
58.1274340250607 22.3345337029478
58.3436735244898 22.3445701515007
58.5607174551122 22.3534640823615
58.7785688094872 22.360912337961
58.9972305913069 22.36694145326
59.2167058154372 22.3713340842398
59.4369975079597 22.375040068731
59.6581087062134 22.3780746571454
59.8800424588363 22.3806781701945
60.1028018258077 22.3827896075514
60.3263898784903 22.384672170216
60.5508096996726 22.3867702800501
60.7760643836113 22.3908424117096
61.0021570360742 22.3967724445155
61.2290907743825 22.4046020208238
61.4568687274545 22.414434510951
61.685494035848 22.4262218816094
61.9149698518044 22.4399966866376
62.1452993392914 22.455865963876
62.376485674047 22.4738217919923
62.6085320436233 22.4938583459703
62.8414416474305 22.5155753660563
63.0752176967808 22.535131412393
63.3098634149326 22.5525149833756
63.5453820371355 22.5677393953159
63.7817768106743 22.5808201013009
64.0190509949139 22.5917701868652
64.2572078613447 22.6006049400235
64.4962506936269 22.6073359523024
64.7361827876367 22.6119842456034
64.9770074515108 22.6145572665255
65.2187280056928 22.6145858608145
65.4613477829786 22.6103458701834
65.7048701285624 22.6019268727005
65.9492984000827 22.5902574422489
66.1946359676689 22.5754888698967
66.4408862139876 22.5582409769973
66.688052534289 22.5407636239325
66.9361383364543 22.5229838107922
67.1851470410421 22.5049784040647
67.4350820813359 22.486793476006
67.6859469033913 22.4692228061689
67.9377449660834 22.4527492059918
68.190479741155 22.4385911908523
68.4441547132637 22.4267443890565
68.6987733800307 22.4170170922853
68.9543392520884 22.4096736654096
69.2108558531293 22.4041576011272
69.4683267199542 22.3999329213262
69.7267554025213 22.397190089491
69.9861454639949 22.3966522249354
70.2465004807944 22.3985557947591
70.5078240426442 22.4028586730554
70.7701197526224 22.4073810762724
71.0333912272113 22.4120673665552
71.2976420963466 22.4166945804202
71.5628760034677 22.4214954780071
71.8290966055681 22.4264565003412
72.0963075732454 22.4313393092462
72.3645125907524 22.4383698546475
72.6337153560475 22.447630038105
72.903919580846 22.4590452645144
73.1751289906711 22.4722974850322
73.4473473249052 22.48622692196
73.7205783368417 22.500812385704
73.9948257937363 22.5172022892263
74.2700934768597 22.535774072813
74.5463851815488 22.5562819295692
74.82370471726 22.5779512079553
75.1020559076207 22.6007707454971
75.3814425904831 22.6247199217676
75.6618686179762 22.6497195554432
75.9433378565593 22.6760541359988
76.2258541870754 22.703876621686
76.5094215048047 22.7331656587536
76.7940437195179 22.7639521715636
77.0797247555308 22.7953297825947
77.3664685517576 22.8272378846065
77.654279061766 22.8588368477509
77.9431602538311 22.889562526455
78.2331161109905 22.9193496664202
78.524150631099 22.9487308297807
78.8162678268838 22.9779929020878
79.1094717259999 23.0071408695655
79.4037663710853 23.0344813553684
79.6991558198174 23.0599344531012
79.9956441449681 23.083353080661
80.2932354344608 23.1047134152708
80.5919337914261 23.1241397589773
80.8917433342586 23.1415079181496
81.192668196674 23.1583196373164
81.4947125277655 23.174291594787
81.7978804920615 23.1883925654352
82.1021762695827 23.2004986927104
82.4076040558999 23.2104683871666
82.714168062192 23.2184200906936
83.0218725153037 23.2241420567882
83.3307216578039 23.2276306262682
83.6407197480444 23.2289123521028
83.9518710602185 23.2287750256119
84.2641798844197 23.2286014574414
84.5776505267013 23.2285232547558
84.8922873091352 23.2284603120691
85.2080945698721 23.2278175228604
85.525076663201 23.2264175466028
85.8432379596091 23.2233715140603
86.1625828458423 23.2184657953184
86.4831157249656 23.2115192505251
86.804841016424 23.2027396843833
87.1277631561029 23.1919116446898
87.4518865963899 23.1789494535452
87.7772158062356 23.1639536893964
88.103755271216 23.1469266956634
88.4315094935933 23.127702796831
88.760482992379 23.1043834525019
89.0906803033954 23.0783674440403
89.4221059793388 23.049352443616
89.7547645898416 23.0173343476892
90.088660721536 22.9823532598399
90.4237989781166 22.9443796392275
90.7601839804045 22.903400574511
91.0978203664104 22.8604779208479
91.436712791399 22.8155519405435
91.7768659279529 22.7677436460648
92.1182844660374 22.7173731397355
92.4609731130645 22.6654266376631
92.8049365939585 22.611986575275
93.1501796512209 22.55700830618
93.4967070449956 22.4999403723586
93.8445235531347 22.4409861235771
94.1936339712644 22.3814678297539
94.5440431128511 22.3223669470995
94.8957558092676 22.263678225504
95.2487769098601 22.2056373698752
95.6031112820147 22.1490135169977
95.9587638112245 22.0945586130472
96.3157394011573 22.041384202939
96.674042973723 21.9895609087603
97.0336794691412 21.9391360558764
97.39465384601 21.8904055866691
97.7569710813735 21.8434622729586
98.1206361707911 21.795265172717
98.4856541284063 21.7458137226727
98.8520299870155 21.6947781399974
99.2197687981374 21.641771825947
99.5888756320832 21.5849074055999
99.9593555780259 21.5276874793255
100.331213744071 21.47107904905
100.704455257326 21.4153629111063
101.079085263972 21.3607369982502
101.455108929334 21.3072852689922
101.832531437955 21.2549385896661
102.211357993661 21.2028006312522
102.591593819639 21.1510921383333
102.973244158507 21.1004046819434
103.356314272386 21.0510675246113
103.74080944297 21.0049225479174
104.126734971605 20.9620205547248
104.514096179357 20.922184292446
104.902898407086 20.8841745702561
105.293147015521 20.8468224821331
105.684847385335 20.8108690047319
106.078004917216 20.7763841878981
106.472625031943 20.7435379610283
106.868713170461 20.7123794719335
107.266274793956 20.6844424478656
107.665315383931 20.6622199329546
108.065840442278 20.6458111313334
108.467855491361 20.6351929203797
108.871366074083 20.6312694776091
109.27637775397 20.634222080907
109.682896115245 20.6411666297218
110.090926762902 20.6483230527601
110.500475322789 20.6556377786221
110.911547441682 20.6623325703458
111.324148787363 20.6678752725114
111.738285048698 20.6722031064691
112.153961935718 20.676845561437
112.571185179695 20.6828651975605
112.98996053322 20.6906776614209
113.410293770289 20.7002353719676
113.832190686372 20.7115707188038
114.255657098502 20.7259351289743
114.680698845352 20.7426756489978
115.107321787315 20.7619132588022
115.535531806584 20.785247912109
115.965334807235 20.8125879404565
116.396736715309 20.8439865589956
116.829743478891 20.8801861797265
117.264361068193 20.9211104150002
117.700595475639 20.9658550195383
118.138452715943 21.0135424151844
118.577938826195 21.0638119055464
119.019059865945 21.1155836177617
119.461821917283 21.168981480802
119.906231084925 21.2241778609341
120.3522934963 21.282180601105
120.800015301628 21.3441482201824
121.24940267401 21.4096943465054
121.700461809513 21.4780501514919
122.15319892725 21.5493603876471
122.607620269474 21.6237659503329
123.063732101657 21.697569473705
123.52154071258 21.7679199533078
123.981052414419 21.8325151835095
124.442273542832 21.8912941666803
124.905210457046 21.9441125561746
125.369869539945 21.9921680644961
125.836257198157 22.0391864035581
126.304379862144 22.0895154218222
126.774243986291 22.1430737819785
127.245856048992 22.1997946264578
127.719222552743 22.2596167925557
128.194350024229 22.3231333122338
128.671245014415 22.38955055451
129.149914098635 22.4589743310102
129.630363876686 22.5323303668018
130.112600972915 22.6096526123605
130.596632036314 22.6890675335453
131.082463740608 22.7694653706321
131.570102784351 22.8509356473847
132.059555891015 22.9340917129001
132.550829809082 23.0189557198938
133.043931312143 23.1054785097764
133.538867198985 23.1930337660312
134.035644293687 23.2816829258254
134.534269445714 23.3714405650182
135.034749530014 23.4608525908863
135.537091447108 23.54857970442
136.041302123189 23.6340059220854
136.547388510214 23.7163668624802
137.055357586005 23.7948892493805
137.56521635434 23.8701229507342
138.076971845052 23.9427003385574
138.590631114126 24.014035333999
139.106201243796 24.0817260831342
139.623689342642 24.1457559559624
140.14310254569 24.2067763034249
140.664448014507 24.2658448043943
141.187732937303 24.3251557447786
141.712964529029 24.3880593303948
142.240150031474 24.4528798481879
142.769296713371 24.5185349136835
143.30041187049 24.5850540014735
143.833502825744 24.6517876233895
144.368576929286 24.7167779047564
144.905641558614 24.7797071691115
145.444704118671 24.8400308810337
145.985772041946 24.8978321489556
146.528852788578 24.9508150467972
147.073953846458 24.9982695565095
147.621082731334 25.040643992617
148.170246986912 25.0795043246348
148.721454184961 25.116153933069
149.274711925419 25.1514563671297
149.830027836496 25.1855733011829
150.387409574779 25.2184221725233
150.946864825339 25.2500207513191
151.508401301835 25.2768837785893
152.072026746624 25.2947445733217
152.637748930863 25.303516273153
153.205575654619 25.3031826054553
153.775514746977 25.2936705887594
154.347574066145 25.2754308667688
154.921761499565 25.2533838928318
155.498084964022 25.2317692974269
156.076552405752 25.2116108267281
156.657171800551 25.196542642513
157.239951153886 25.1875152244259
157.824898501005 25.1845188493383
158.412021907047 25.1864204666611
159.001329467157 25.1901626716537
159.592829306591 25.1940822259626
160.186529580835 25.1970424937348
160.78243847571 25.1998042981205
161.380564207495 25.2024554974001
161.980915023028 25.2034168186171
162.583499199831 25.2025031887032
163.188325046216 25.1994628821888
163.795400901405 25.1946925474711
164.40473513564 25.1881866907395
165.016336150303 25.1812153546645
165.630212378031 25.1754303554913
166.246372282828 25.1725311357113
166.864824360187 25.1737709202006
167.485577137204 25.178689930507
168.108639172699 25.1827659384567
168.734019057329 25.1852321428319
169.36172541371 25.1860790224872
169.991766896534 25.1829565813258
170.624152192691 25.1721017843904
171.258890021386 25.1540853251156
171.89598913426 25.1294501129701
172.535458315511 25.097887192417
173.177306382017 25.0591469261002
173.821542183453 25.016889983199
174.468174602416 24.9738499878923
175.117212554548 24.9355395674709
175.768664988659 24.9066962161111
176.422540886846 24.8873445228204
177.078849264624 24.876415159038
177.737599171045 24.867744350384
178.398799688823 24.8539543989149
179.062459934462 24.8349836414332
179.728589058382 24.8135319675596
180.397196245039 24.7913610302939
181.068290713059 24.7697546548845
181.741881715363 24.7489853092659
182.417978539291 24.7307664435006
183.096590506735 24.715515095794
183.777726974264 24.703784927091
184.461397333255 24.6977424667111
185.147611010021 24.6992492620651
185.836377465944 24.709974249479
186.5277061976 24.7275885578563
187.221606736895 24.748315920525
187.918088651195 24.7710570582128
188.617161543456 24.7908441071749
189.318835052359 24.8128872833706
190.023118852442 24.8371411034611
190.730022654232 24.8633879284437
191.439556204381 24.8888968082109
192.151729285799 24.9137247561821
192.86655171779 24.9383279635496
193.584033356187 24.9628583060651
194.304184093485 24.9866313975019
195.027013858983 25.0086194724962
195.752532618918 25.0290908717701
196.480750376599 25.050985561676
197.211677172552 25.0745813899915
197.945323084652 25.0991991384925
198.681698228267 25.123840217404
199.420812756393 25.1427784695499
200.162676859797 25.1519775362699
200.907300767158 25.1512641926716
201.654694745203 25.1451816394847
202.404869098855 25.1344262258491
203.157834171373 25.1220703574231
203.913600344492 25.1106434531206
204.672178038568 25.1021595239803
205.433577712722 25.0993785886535
206.197809864986 25.1031589257413
206.964885032443 25.1147193232676
207.734813791375 25.1338271174829
208.50760675741 25.1601579064182
209.283274585667 25.1890962708215
210.061827970903 25.2138194834231
210.84327764766 25.2333603039128
211.627634390414 25.2489985349002
212.414909013722 25.2694075058396
213.205112372374 25.2947045836464
213.998255361539 25.3257768529777
214.794348916918 25.3633483859568
215.593404014895 25.4072821869471
216.395431672684 25.4574604136409
217.200442948486 25.5106279848078
218.008448941641 25.5655953261939
218.819460792778 25.6215993905018
219.633489683968 25.6779407527574
220.450546838885 25.7319755885934
221.270643522953 25.7792643569111
222.093791043505 25.8194501477897
222.920000749938 25.8529206186646
223.749284033871 25.8806419733907
224.5816523293 25.9057236374661
225.417117112757 25.9272137285582
226.255689903467 25.9447269100984
227.097382263509 25.9561042830982
227.942205797972 25.9617958079279
228.790172155119 25.961940764658
229.641293026544 25.9564151981659
230.495580147337 25.9485835394015
231.35304529624 25.938123661963
232.213700295818 25.9250354581411
233.077557012612 25.9082928363957
233.944627357311 25.8863048061152
234.814923284911 25.857847307173
235.688456794884 25.8208372115511
236.565239931339 25.7750095022477
237.44528478319 25.7273195849706
238.328603484325 25.6856286719292
239.215208213769 25.6501351100981
240.105111195857 25.6214430072654
240.998324700395 25.6033725493751
241.894861042839 25.5964565731428
242.794732584456 25.5991878322138
243.6979517325 25.6069908095697
244.60453094038 25.618480593524
245.514482707834 25.6313095435505
246.427819581099 25.6460684706307
247.344554153085 25.6624011182013
248.264699063551 25.6780205547787
249.188266999274 25.6927490816843
250.11527069423 25.7060242730703
251.045722929764 25.7225362625951
251.979636534771 25.7440759759264
252.91702438587 25.7708435535891
253.85789940758 25.7975121649492
254.802274572504 25.8206080892685
255.750162901502 25.8386363044359
256.701577463874 25.849233625174
257.656531377538 25.8490027539039
258.615037809212 25.8370095980394
259.577109974596 25.8103201205222
260.542761138553 25.7696072159733
261.512004615294 25.7168266440777
262.484853768559 25.6519724499964
263.461322011801 25.5806531275695
264.441422808376 25.5098162230966
265.42516967172 25.4389801907067
266.412576165545 25.3665612215596
267.403655904018 25.2933464125388
268.398422551953 25.2258749591359
269.396889825 25.1662001946799
270.39907148983 25.1153739596916
271.404981364328 25.0720667658028
272.414633317784 25.0339988286965
273.428041271082 24.9985923191606
274.445219196894 24.9646282779419
275.466181119869 24.9289533592402
276.490941116832 24.8923872343778
277.519513316975 24.8593307907197
278.551911902049 24.8314685486969
279.588151106566 24.8084243106519
280.628245217989 24.7880114028594
281.672208576933 24.7731132808794
282.720055577362 24.7651691942148
283.771800666785 24.7662945677033
284.827458346459 24.7746678078392
285.887043171586 24.7898557957623
286.950569751514 24.8077088757386
288.018052749942 24.8252561235906
289.089506885116 24.8397598108313
290.164946930037 24.8455505339936
291.244387712663 24.8389377067628
292.327844116112 24.8196221505789
293.41533107887 24.7901920058578
294.506863594997 24.7499943830867
295.602456714328 24.7042595688563
296.702125542688 24.6680582104036
297.805885242097 24.6413228794052
298.913751030978 24.6105634526034
300.025738184368 24.5688243061215
301.14186203413 24.5254541177426
302.262137969162 24.4839480507513
303.386581435609 24.4414430647956
304.51520793708 24.3948741262178
305.648033034855 24.3452914756921
306.785072348107 24.2948814756719
307.926341554112 24.2435126053839
309.071856388467 24.1912828415845
310.221632645308 24.1380093664253
311.375686177524 24.0837929044091
312.534032896982 24.0262810477991
313.69668877474 23.9644239762155
314.86366984127 23.9030994868754
316.03499218668 23.8456521883534
317.210671960934 23.7929950801502
318.390725374075 23.7448517592912
319.57516869645 23.7037409668296
320.764018258932 23.6712644128172
321.957290453147 23.6450135550488
323.1550017317 23.6248416577386
324.3571686084 23.6117039722275
325.563807658489 23.6029548977745
326.774935518872 23.5944938424059
327.990568888343 23.5837364301006
329.210724527818 23.5719833292973
330.435419260565 23.5567608567473
331.664669972436 23.5410576233815
332.898493612101 23.5378265509542
334.136907191279 23.546686226673
335.379927784974 23.5592861652855
336.627572531714 23.5633983164928
337.879858633779 23.5572260926331
339.136803357447 23.5397301685165
340.398424033226 23.5122874322788
341.664738056097 23.4771936970826
342.935762885749 23.4360198134508
344.211516046826 23.3912163231964
345.492015129163 23.3420730196926
346.777277788032 23.2917768495478
348.067321744384 23.2483806621174
349.362164785094 23.204471023265
350.661824763204 23.1467060690205
351.966319598173 23.0765413394978
353.275667276122 23.0098990473397
354.58988585008 22.9493002420144
355.908993440238 22.8897363171408
357.233008234193 22.8249927908927
358.561948487204 22.7553368763841
359.895832522439 22.6831842630588
361.234678731231 22.6109448257231
362.578505573331 22.5423043539215
363.927331577162 22.482427865973
365.281175340072 22.4346318277721
366.640055528597 22.3962762302426
368.003990878711 22.3642522527225
369.373000196088 22.3356301424606
370.747102356362 22.3094138865641
372.126316305386 22.288354823086
373.510661059493 22.2710989897617
374.900155705758 22.2576866200819
376.294819402263 22.258455270482
377.694671378358 22.2641372670434
379.099730934929 22.261487961776
380.510017444665 22.2428205854432
381.92555035232 22.2144296234664
383.346349174985 22.1895979820788
384.772433502359 22.1617335551091
386.203822997013 22.1282635647048
387.640537394667 22.0885351884535
389.082596504459 22.0446381230394
390.530020209219 22.014333914887
391.982828465741 21.9919031045032
393.441041305064 21.9623050424895
394.904678832742 21.9317477443305
396.373761229123 21.9096315583319
397.848308749629 21.8894403506583
399.328341725034 21.8658351186742
400.813880561743 21.8318269292942
402.304945742077 21.7838454122237
403.801557824551 21.7320151297427
405.303737444161 21.6792317843504
406.811505312667 21.6209826275273
408.324882218878 21.5604937851232
409.843889028939 21.5025220314001
411.368546686621 21.4646533648032
412.898876213606 21.4418142820015
414.434898709779 21.4230156836099
415.976635353518 21.4065035651129
417.524107401988 21.3918323657348
419.077336191431 21.3676814057639
420.636343137464 21.3350317059285
422.20114973537 21.3107870992337
423.771777560397 21.2917577286216
425.348248268055 21.2700403230986
426.930583594415 21.2455423714601
428.518805356409 21.2234058039643
430.112935452127 21.2151070166163
431.712995861126 21.2035310729318
433.319008644725 21.1809996114853
434.930995946316 21.1533470806098
436.548979991665 21.1314601995574
438.172983089221 21.1204318856575
439.803027630423 21.1179599942395
441.439136090005 21.1234416565068
443.081331026313 21.1339435605877
444.72963508161 21.1367320850714
446.384070982391 21.136823654601
448.044661539696 21.1369209288566
449.711429649423 21.1369094718647
451.384398292646 21.13129806894
453.063590535931 21.1301918083029
454.749029531652 21.1364974992864
456.440738518314 21.1369762102326
458.138740820871 21.1222151361964
459.843059851047 21.0932273202535
461.55371910766 21.0836086422675
463.270742176947 21.0867442906514
464.994152732887 21.0979214709719
466.723974537529 21.1121120881384
468.460231441319 21.1244239513086
470.202947383427 21.1270446619942
471.952146392082 21.122037893417
473.707852584898 21.1119747312885
475.470090169211 21.0987777904623
477.238883442408 21.0863705252662
479.014256792265 21.0818081051294
480.796234697286 21.0870285057956
482.584841727032 21.0945224695329
484.38010254247 21.0903472500228
486.182041896305 21.0785617545338
487.990684633326 21.0673141945368
489.806055690746 21.0732345415029
491.628180098547 21.0801697230968
493.457082979826 21.0933760925995
495.292789551138 21.1188984451313
497.135325122848 21.1440410729418
498.984715099477 21.1461334324493
500.840984980053 21.1501694320008
502.704160358464 21.1593208203209
504.574266923808 21.1777247119217
506.451330460749 21.2059021856938
508.335376849875 21.2328928280478
510.226432068048 21.2629946333816
512.124522188771 21.2947121569745
514.029673382538 21.3111172011647
515.941911917204 21.3164787191568
517.86126415834 21.3153667466903
519.787756569601 21.3079091053173
521.721415713088 21.3037281464424
523.662268249716 21.3038711530025
525.610340939583 21.3124026787827
527.565660642334 21.3201255278512
529.528254317536 21.3261661377168
531.498149025047 21.3265590628066
533.475371925393 21.3306086202718
535.459950280137 21.3472003047431
537.451911452257 21.3636761226896
539.451282906527 21.378045956576
541.45809220989 21.3736951767932
543.472367031842 21.3567638093308
545.49413514481 21.3529205426248
547.523424424539 21.3618792911372
549.560262850475 21.3717174632634
551.604678506148 21.3727073896962
553.656699579562 21.3872110582862
555.716354363585 21.4067572101369
557.783671256334 21.4339005690565
559.858678761572 21.4601246559873
561.941405489097 21.4820251384981
564.03188015514 21.5010988069057
566.130131582757 21.5195103378906
568.236188702231 21.550716143509
570.350080551465 21.5740850468548
572.471836276389 21.5823172496055
574.601485131357 21.6000269487758
576.739056479551 21.6103762699457
578.88457979339 21.6237048933741
581.038084654929 21.6269283275515
583.199600756274 21.6264990955574
585.369157899988 21.6154669647099
587.5467859995 21.602026158006
589.732515079524 21.6059207402847
591.926375276465 21.6235693574395
594.128396838839 21.6442716523013
596.338610127691 21.6587523569206
598.557045617011 21.6756323077904
600.783733894154 21.7038438358808
603.018705660264 21.7172661462092
605.261991730696 21.7221812499211
607.513623035441 21.7167053064681
609.773630619552 21.7137833074607
612.042045643573 21.7235736520422
614.318899383969 21.7462004691997
616.604223233554 21.7574900357303
618.898048701927 21.7632522016669
621.200407415909 21.7753755844326
623.51133111997 21.7927339855279
625.830851676678 21.8172452734402
628.159001067128 21.8541069424704
630.49581139139 21.8745939588147
632.841314868951 21.8975849719123
635.195543839153 21.918836478284
637.558530761648 21.936056122878
639.930308216838 21.9494285014901
642.310908906328 21.9363937606356
644.700365653376 21.9471644780912
647.098711403346 21.9713537191541
649.505979224161 21.9971217871813
651.922202306761 22.0232508804738
654.347413965559 22.0561352008443
656.781647638899 22.0865455750232
659.224936889521 22.1170160915881
661.677315405021 22.1447354722736
664.138816998315 22.1851009766105
666.609475608108 22.2301574615004
669.089325299358 22.2635074380415
671.578400263749 22.2843377475779
674.076734820163 22.3029194283418
676.584363415148 22.3103619087788
679.101320623398 22.3194866414485
681.627641148229 22.3455565144249
684.163359822055 22.3843921400076
686.708511606871 22.4147417033441
689.263131594734 22.4455166799542
691.827255008246 22.4720419236982
694.400917201039 22.5106598309207
696.984153658268 22.5242978464329
699.576999997092 22.539304580936
702.179491967171 22.5410995397851
704.791665451156 22.5385666102234
707.413556465187 22.5233269767805
710.045201159385 22.5404089203838
712.686635818355 22.5747965507264
715.337896861682 22.5817642483843
717.999020844436 22.5933456308256
720.670044457676 22.6024608644731
723.351004528956 22.6195239470945
726.041938022828 22.6654702333647
728.74288204136 22.7086623029153
731.453873824642 22.7401963887978
734.174950751298 22.7668174572432
736.906150339008 22.8082145939259
739.647510245018 22.8578260210642
742.399068266665 22.8815308665265
745.160862341893 22.8956831539014
747.932930549781 22.9203778384561
750.715311111065 22.9567219867635
753.508042388666 22.9872225161463
756.311162888217 23.0092583193024
759.124711258597 23.0335828173418
761.948726292463 23.0558738379457
764.783246926784 23.0899007639649
767.628312243377 23.1222402035413
770.483961469448 23.1461335937331
773.350233978131 23.1817780489603
776.227169289033 23.2008914711266
779.114807068777 23.2238006587035
782.01318713155 23.2189712338626
784.92234943965 23.203722072542
787.842334104041 23.1745206132102
790.773181384902 23.1458607888745
793.714931692182 23.1150299883675
796.667625586163 23.0821341250924
799.63130377801 23.0665091258908
802.606007130343 23.0455799870786
805.591776657789 23.01566716384
808.588653527558 23.0169276131225
811.596679060002 23.0064868948742
814.615894729193 22.9974785179639
817.646342163485 22.9802094651483
820.688063146098 22.9621333072439
823.741099615688 22.9400214305544
826.805493666926 22.9160212103701
829.881287551079 22.8830070413589
832.968523676594 22.8558308467386
836.06724460968 22.8038390000355
839.177493074898 22.7654342470368
842.299311955746 22.7455787941228
845.432744295255 22.7283000395769
848.577833296579 22.6940077839913
851.734622323592 22.6730651722382
854.903154901485 22.6598414667012
858.083474717367 22.6471444028115
861.275625620868 22.630334902192
864.479651624742 22.6237011444937
867.695596905475 22.6226291725597
870.923505803893 22.6056633895093
874.163422825774 22.5817320124528
877.415392642464 22.5558510830038
880.679460091487 22.5266149881303
883.955670177168 22.4963819281983
887.244068071255 22.4718323612232
890.544699113535 22.4674888694893
893.857608812465 22.4097861528235
897.1828428458 22.3478206257607
900.520447061216 22.320444103204
903.870467476951 22.2750742203545
907.232950282432 22.2421133179841
910.607941838916 22.2086489721422
913.99548868013 22.1574916049104
917.395637512907 22.1066969741493
920.808435217838 22.0583149274243
924.233928849912 22.0096609888299
927.672165639167 21.9465067667608
931.12319299134 21.8779866607724
934.587058488525 21.8424450970122
938.063809889823 21.7995200226639
941.553495132005 21.7413801255704
945.056162330171 21.6715486650048
948.571859778412 21.6088670882468
952.100635950479 21.5171854970192
955.64253950045 21.444879204527
959.197619263401 21.3930494230684
962.765924256078 21.3349343308515
966.347503677575 21.2867073343964
969.942406910009 21.2571332678181
973.550683519207 21.2248399897376
977.172383255382 21.1989305686548
980.807556053824 21.1677398690078
984.456252035586 21.1186579541979
988.118521508177 21.0900154798026
991.794414966255 21.0699158731496
995.483983092322 21.0445710990432
999.187276757423 21.030219833997
1002.90434702185 20.9951134754481
1006.63524513584 20.9481526523028
1010.3800225403 20.9166869168692
1014.13873086747 20.8965339769963
1017.9114219417 20.8664018002884
1021.69814778013 20.8225188697624
1025.49896059337 20.763191068084
1029.31391278631 20.7532216476276
1033.14305695876 20.7289524676047
1036.98644590621 20.698890719521
1040.84413262056 20.6483000337058
1044.71617029083 20.6159879129197
1048.60261230394 20.6017629499951
1052.50351224539 20.5947113538593
1056.41892390001 20.566560898903
1060.34890125276 20.5313356222016
1064.29349848938 20.4975542855742
1068.25276999721 20.4505142858548
1072.22677036593 20.4257204407405
1076.21555438826 20.3909570681609
1080.21917706079 20.3495972984429
1084.23769358469 20.3079068824839
1088.27115936647 20.2685086071646
1092.31963001878 20.2386967878021
1096.38316136114 20.2172394713278
1100.46180942073 20.1905077419714
1104.55563043316 20.1560843429211
1108.66468084322 20.1325034600021
1112.7890173057 20.1069949079095
1116.92869668616 20.0723611114419
1121.08377606168 20.0412121245407
1125.25431272169 20.0461654732006
1129.44036416873 20.0468803755547
1133.64198811927 20.0211848084438
1137.85924250447 19.9978428462915
1142.09218547102 19.9893950415457
1146.34087538191 19.9704394359481
1150.60537081725 19.9337291832614
1154.88573057506 19.9357662145766
1159.18201367212 19.9343643243338
1163.49427934474 19.9378185165783
1167.8225870496 19.9350567149256
1172.16699646455 19.938653945638
1176.52756748948 19.9383640302845
1180.90436024707 19.9231836443734
1185.2974350837 19.9221439480298
1189.70685257023 19.9215736462241
1194.13267350285 19.9077129893147
1198.5749589039 19.9249858985069
1203.03377002276 19.9324034922982
1207.50916833664 19.9156322208067
1212.00121555147 19.9063243972515
1216.50997360271 19.9026050865384
1221.03550465623 19.8909016115114
1225.57787110919 19.8771152791713
1230.13713559085 19.8693385776173
1234.71336096344 19.8322011493695
1239.30661032308 19.8316898379607
1243.9169470006 19.8231430889848
1248.54443456241 19.8133144351499
1253.18913681141 19.8003139997136
1257.85111778785 19.8049891643361
1262.53044177021 19.8374979520462
1267.22717327611 19.8619060492078
1271.94137706315 19.834995436077
1276.67311812987 19.8167325004855
1281.42246171659 19.8365744558835
1286.18947330632 19.8676644523889
1290.97421862569 19.8949335609723
1295.77676364585 19.903373643069
1300.59717458334 19.8914127643357
1305.43551790105 19.9128416687881
1310.29186030912 19.9402083798901
1315.16626876584 19.9699726142912
1320.05881047861 19.9720439795049
1324.96955290485 19.9669113697365
1329.8985637529 19.9769420637349
1334.84591098301 19.9785442235014
1339.81166280824 19.9805451475289
1344.79588769541 20.0103320434657
1349.79865436604 20.0206488499035
1354.82003179729 20.0367773791188
1359.86008922295 20.053955016214
1364.91889613434 20.0664652564175
1369.9965222813 20.0689372726019
1375.09303767316 20.0765724630719
1380.20851257966 20.087970765584
1385.343017532 20.097900390536
1390.49662332371 20.1222382178457
1395.6694010117 20.1295737759023
1400.86142191724 20.1496428352331
1406.07275762689 20.2001629150528
1411.30347999353 20.2387237894218
1416.55366113734 20.2524393690446
1421.82337344679 20.2648563533203
1427.11268957965 20.2733707804661
1432.42168246399 20.2840558178555
1437.75042529915 20.2951892064883
1443.09899155681 20.3225364303998
1448.46745498195 20.3671420654412
1453.85588959391 20.4056378573852
1459.26436968736 20.4171294432019
1464.69296983337 20.4340457190589
1470.14176488043 20.462095553713
1475.61082995546 20.5008849397629
1481.10024046487 20.5059586315475
1486.61007209556 20.5256937671353
1492.14040081604 20.5259285181582
1497.69130287738 20.5317154833848
1503.26285481435 20.558578617849
1508.85513344643 20.5774633443521
1514.46821587884 20.6126896847772
1520.10217950369 20.6319771337754
1525.75710200096 20.6765041010189
1531.43306133963 20.6676884381634
1537.1301357787 20.6827545177046
1542.84840386835 20.6834678485571
1548.58794445092 20.6772733736843
1554.34883666208 20.7389197814433
1560.1311599319 20.7607098554848
1565.93499398592 20.7702505321108
1571.76041884628 20.7916701720307
1577.60751483278 20.8361127552061
1583.47636256406 20.8388078627965
1589.36704295864 20.8126183553345
1595.27963723608 20.8222636755596
1601.21422691806 20.8803519569506
1607.17089382956 20.9140128829446
1613.14972009994 20.9141826612586
1619.15078816409 20.884325270565
1625.17418076356 20.9309786700963
1631.21998094772 20.9528904766835
1637.28827207488 21.0005240664167
1643.37913781346 20.9950523489252
1649.49266214312 21.004661538662
1655.62892935595 21.023338311878
1661.7880240576 21.0217438494303
1667.97003116847 21.0294343298099
1674.17503592487 21.0423106879951
1680.40312388019 21.0504419019373
1686.6543809061 21.0713671366989
1692.9288931937 21.0763055795222
1699.22674725475 21.096162609125
1705.54802992284 21.0855331481929
1711.89282835457 21.0862197567572
1718.26123003079 21.0540237448858
1724.65332275779 21.0661525674784
1731.06919466848 21.0526562140173
1737.50893422366 21.0264739417089
1743.9726302132 21.0104599642896
1750.46037175728 20.99757384208
1756.97224830763 20.9960498907296
1763.50834964871 20.9968565891325
1770.06876589903 20.9834134969081
1776.65358751231 20.9509066722179
1783.26290527881 20.9276410349919
1789.8968103265 20.9270725284674
1796.55539412237 20.9302711363111
1803.23874847367 20.9383468373956
1809.94696552921 20.917688541749
1816.68013778055 20.90492827928
1823.43835806337 20.9343986404914
1830.22171955869 20.9142417744226
1837.03031579418 20.9114551579247
1843.86424064544 20.9120197281987
1850.72358833728 20.910802849062
1857.60845344505 20.9135035574575
1864.51893089594 20.902294120684
1871.45511597026 20.8758051346033
1878.41710430278 20.9186763151544
1885.40499188403 20.9403742584354
1892.41887506164 20.9462526826854
1899.45885054167 20.9272423107581
1906.52501538993 20.9307651474869
1913.61746703332 20.9358117880328
1920.73630326118 20.8939668206848
1927.88162222663 20.8944968838746
1935.05352244795 20.886533714728
1942.25210280989 20.883634602258
1949.47746256507 20.8927743215063
1956.72970133535 20.8514120186651
1964.00891911318 20.839551951338
1971.315216263 20.8630180662628
1978.6486935226 20.8702564155384
1986.00945200454 20.8650549980864
1993.39759319752 20.8529758342747
2000.8132189678 20.8449402000988
2008.25643156057 20.8385925617848
2015.7273336014 20.8197859930428
2023.22602809763 20.8045502644328
2030.75261843979 20.7954161618093
2038.30720840305 20.8343122201745
2045.88990214862 20.8185061986231
2053.50080422521 20.784992085971
2061.14001957043 20.7709696055069
2068.80765351232 20.7809220551492
2076.5038117707 20.8061119807665
2084.22860045872 20.8060835197809
2091.98212608424 20.7915402425745
2099.76449555137 20.8158687053668
2107.57581616189 20.8438659491114
2115.41619561679 20.8431701717012
2123.28574201767 20.8479651663548
2131.18456386831 20.8419704486073
2139.11277007613 20.846197116114
2147.07046995368 20.8614118829053
2155.05777322019 20.874669882709
2163.07479000302 20.9249610889057
2171.12163083925 20.9248466030382
2179.19840667714 20.9172268663863
2187.30522887772 20.9360028342693
2195.44220921625 20.9517498332434
2203.60945988384 20.9554026299276
2211.80709348895 20.9800471196748
2220.03522305895 20.9920616249298
2228.29396204169 20.9932880913084
2236.58342430704 21.0185849864134
2244.90372414851 21.0196952707368
2253.25497628476 21.0049173731184
2261.63729586123 21.0253564228943
2270.0507984517 21.037662581834
2278.49560005991 21.0747718573793
2286.97181712113 21.0922391603951
2295.4795665038 21.0705509110292
2304.0189655111 21.0696849901397
2312.59013188261 21.0786285782552
2321.19318379588 21.0860882697253
2329.82823986813 21.097299427703
2338.49541915782 21.0861454351712
2347.19484116633 21.0912762910911
2355.9266258396 21.1541536056577
2364.69089356977 21.1371365066369
2373.48776519685 21.1125832377719
2382.3173620104 21.108634958015
2391.17980575117 21.1477010176614
2400.07521861281 21.1292476421917
2409.00372324354 21.1203691796465
2417.96544274784 21.1528705428811
2426.96050068814 21.1824417493242
2435.98902108656 21.1890773951795
2445.05112842657 21.210865297799
2454.14694765475 21.2352771089275
2463.27660418247 21.2472858335139
2472.44022388765 21.2551421559481
2481.63793311651 21.2417411896352
2490.86985868525 21.2382621819157
2500.13612788187 21.2288151831292
2509.43686846789 21.2460405263006
2518.7722086801 21.2628555151922
2528.14227723234 21.2474556900237
2537.54720331731 21.2486211787191
2546.98711660828 21.2700881905208
2556.46214726094 21.269197465016
2565.97242591516 21.2599162935641
2575.51808369681 21.251649873982
2585.09925221956 21.2612818537596
2594.7160635867 21.2466239942381
2604.36865039294 21.2484722133723
2614.05714572626 21.2173633253617
2623.78168316975 21.1987916089619
2633.54239680345 21.2092131676704
2643.33942120615 21.1985165699928
2653.17289145733 21.1573505209675
2663.04294313896 21.1526107910846
2672.94971233738 21.140296947678
2682.89333564519 21.1620750233112
2692.87395016314 21.1543694107152
2702.89169350199 21.1466750400092
2712.94670378444 21.1390495857113
2723.03911964699 21.1241226562806
2733.16908024193 21.1306075351966
2743.33672523916 21.1490726986861
2753.54219482819 21.1585731120735
2763.78562972005 21.1602878545809
2774.06717114922 21.1464804914694
2784.38696087559 21.1246490521064
2794.74514118641 21.1295204294617
2805.14185489824 21.1352290938192
2815.57724535896 21.1160869308406
2826.05145644968 21.1129589251381
2836.56463258679 21.1021786398078
2847.11691872391 21.0832825147365
2857.7084603539 21.0854740069009
2868.33940351088 21.0723837130563
2879.00989477221 21.0352367582244
2889.72008126055 21.0148199449823
2900.47011064586 20.9998837962381
2911.26013114745 20.9939516243542
2922.09029153602 20.9785328486834
2932.9607411357 20.9579410282043
2943.87162982615 20.9517650849934
2954.82310804455 20.9573834991899
2965.81532678776 20.8965078319927
2976.84843761435 20.8616008442864
2987.9225926467 20.8544712161598
2999.0379445731 20.8411214438268
3010.19464664985 20.8162269557524
3021.39285270338 20.8156432651391
3032.63271713238 20.7989064680384
3043.91439490991 20.7805385293774
3055.23804158553 20.7767505549326
3066.60381328749 20.7523115820101
3078.01186672482 20.7258169496107
3089.46235918954 20.6949139803859
3100.95544855881 20.692237881392
3112.4912932971 20.6963099803901
3124.07005245839 20.687477123924
3135.69188568836 20.6746921636405
3147.35695322657 20.6645412200845
3159.0654159087 20.6500034503042
3170.81743516875 20.6529922182137
3182.61317304128 20.6461735396083
3194.45279216361 20.6304894666442
3206.3364557781 20.6195698066511
3218.26432773439 20.6307658431853
3230.23657249166 20.6225528711142
3242.25335512088 20.591249629355
3254.3148413071 20.5846310210119
3266.42119735174 20.5934257288109
3278.57259017489 20.5885715228756
3290.76918731757 20.5846977550248
3303.01115694409 20.5895766919427
3315.29866784434 20.5714166855709
3327.63188943612 20.5465659917084
3340.01099176749 20.5424518515898
3352.43614551909 20.5266495102873
3364.90752200653 20.5306185290526
3377.42529318271 20.4968757626178
3389.98963164021 20.4780237004652
3402.60071061369 20.4732609245494
3415.25870398225 20.4240382635873
3427.96378627182 20.4211788359243
3440.71613265761 20.3966788438556
3453.51591896648 20.3815611743277
3466.36332167938 20.3545454828345
3479.25851793381 20.3193894167026
3492.20168552621 20.3194579886394
3505.19300291445 20.3096581351073
3518.23264922029 20.294610996518
3531.32080423182 20.2636108343146
3544.45764840598 20.2425996713199
3557.64336287101 20.2406730747801
3570.87812942896 20.2430953898381
3584.16213055823 20.2338542726237
3597.49554941602 20.2205353342083
3610.87856984091 20.2262210454671
3624.31137635539 20.2309685391688
3637.79415416837 20.2398185498803
3651.32708917776 20.2260246879761
3664.91036797302 20.2105560671221
3678.54417783777 20.2122669205422
3692.2287067523 20.2119865428322
3705.96414339624 20.2044314738353
3719.75067715111 20.178693874354
3733.58849810294 20.1936437614046
3747.47779704492 20.2159118541351
3761.41876547999 20.2047538868768
3775.4115956235 20.2071742967499
3789.45648040586 20.1851235416466
3803.55361347522 20.1755085654962
3817.70318920008 20.1738833234156
3831.90540267205 20.148557867485
3846.16044970847 20.1185894510527
3860.46852685515 20.1330127781548
3874.82983138907 20.1374835959953
3889.24456132109 20.1266975907609
3903.7129153987 20.1052188604714
3918.23509310874 20.089504257403
3932.81129468018 20.0693740644908
3947.44172108682 20.0504054212349
3962.12657405015 20.0335939257681
3976.86605604205 20.0058821487418
3991.66037028761 19.986946144416
4006.50972076797 19.9792556994577
4021.41431222307 19.97817992408
4036.37435015451 19.9579561816164
4051.39004082838 19.9339124304806
4066.46159127809 19.8958284454256
4081.58920930724 19.9020059928768
4096.77310349248 19.8778112390354
4112.01348318638 19.858795401011
4127.31055852032 19.8252525261892
4142.6645404074 19.8163433135034
4158.07564054532 19.7977600615787
4173.54407141932 19.8123913798724
4189.07004630512 19.8245255117374
4204.65377927183 19.8020153468414
4220.29548518492 19.8063696677295
4235.99537970918 19.782608373273
4251.7536793117 19.778305115564
4267.57060126484 19.7493690319331
4283.44636364922 19.7310219504215
4299.38118535678 19.745803682732
4315.37528609372 19.7335778825394
4331.42888638358 19.7198083469579
4347.54220757028 19.6985836606969
4363.71547182114 19.7029150580178
4379.94890212999 19.687425626791
4396.24272232018 19.6886938827787
4412.59715704774 19.6474914825408
4429.01243180443 19.6132618859552
4445.48877292084 19.5920028656244
4462.02640756957 19.5772570977973
4478.62556376828 19.5532245311841
4495.28647038291 19.5460835147936
4512.0093571308 19.5106695763624
4528.79445458383 19.4829749226968
4545.64199417167 19.4161533328575
4562.5522081849 19.4055977103863
4579.52532977826 19.3929520105814
4596.56159297383 19.3868694141224
4613.6612326643 19.382839050301
4630.82448461615 19.3566611815001
4648.05158547297 19.345346563785
4665.34277275865 19.3152961742733
4682.69828488072 19.3382988506736
4700.11836113359 19.3599107545865
4717.60324170188 19.341280406853
4735.15316766371 19.3758751726761
4752.76838099403 19.3778877060252
4770.44912456798 19.4046362408351
4788.1956421642 19.3943520509791
4806.00817846821 19.4352967316932
4823.88697907579 19.4368171498434
4841.83229049635 19.4788946513346
4859.84436015636 19.4806308180314
4877.92343640271 19.4722500758366
4896.06976850618 19.4893378687772
4914.28360666486 19.5083273959443
4932.5652020076 19.518062470537
4950.91480659747 19.5198325887018
4969.33267343524 19.5152606575143
4987.81905646287 19.5105977176139
5006.374210567 19.5539362139536
5024.99839158248 19.5747297594334
5043.69185629588 19.574529648236
5062.45486244905 19.5620423796002
5081.28766874266 19.5471285529759
5100.19053483977 19.5141124986397
5119.16372136941 19.5188140269818
5138.20748993018 19.5110721708249
5157.32210309384 19.5194129235948
5176.50782440896 19.5163517008217
5195.76491840452 19.517953854551
5215.09365059358 19.5409220470108
5234.49428747691 19.5070322594257
5253.96709654673 19.4891664324894
5273.51234629033 19.4720802529993
5293.1303061938 19.4752139941688
5312.82124674575 19.4799480336684
5332.58543944101 19.4627418603031
5352.42315678444 19.4732645972917
5372.3346722946 19.4923286765918
5392.32026050759 19.4956054602413
5412.38019698081 19.4967632193399
5432.51475829674 19.4977780308464
5452.72422206679 19.5146712133558
5473.00886693511 19.4921474432961
5493.36897258242 19.4915256551468
5513.80481972988 19.5018518692981
5534.31669014299 19.4761145290526
5554.9048666354 19.4883707736454
5575.56963307287 19.4575522407148
5596.31127437719 19.4860629231324
5617.13007653004 19.4790782142645
5638.02632657703 19.4706173107242
5659.00031263156 19.4971921606697
5680.05232387887 19.5198669813943
5701.18265057998 19.530180012365
5722.39158407572 19.5523357209022
5743.67941679072 19.5574379213815
5765.04644223748 19.5598545408562
5786.49295502037 19.5727366147818
5808.01925083973 19.5828686540544
5829.62562649593 19.5909614450703
5851.31237989346 19.5892028905806
5873.07981004505 19.6022755190416
5894.92821707578 19.5696582877345
5916.85790222723 19.5602550540528
5938.86916786162 19.6026458619926
5960.96231746598 19.5929050819085
5983.13765565636 19.5765266710809
6005.395488182 19.5891551860263
6027.73612192954 19.6107671654015
6050.1598649273 19.5794850585855
6072.66702634946 19.5930595095401
6095.25791652038 19.573089624295
6117.93284691885 19.5784605892786
6140.69213018238 19.5681688175442
6163.53608011154 19.5853347383037
6186.46501167426 19.5990390475305
6209.47924101016 19.5949041427669
6232.57908543496 19.6140460834623
6255.7648634448 19.669371135005
6279.03689472068 19.7216353373058
6302.39550013281 19.7313499418805
6325.84100174511 19.7495482715306
6349.37372281957 19.790090867693
6372.99398782075 19.8286321058676
6396.70212242028 19.8712386618265
6420.49845350128 19.9435593989044
6444.38330916293 20.0353126772002
6468.35701872496 20.10557952322
6492.4199127322 20.1470527491639
6516.57232295915 20.2083303369022
6540.81458241452 20.285345340651
6565.14702534586 20.3347761205612
6589.56998724415 20.4254023296268
6614.08380484842 20.5217602361846
6638.68881615042 20.6152643285609
6663.38536039924 20.7108615941411
6688.17377810601 20.8010290237165
6713.05441104861 20.8861721038104
6738.02760227635 20.9759417873392
6763.09369611472 21.0656106932138
6788.25303817014 21.147501410738
6813.5059753347 21.2448371291777
6838.85285579099 21.3150744461556
6864.29402901684 21.3875621711479
6889.82984579019 21.5011586363404
6915.4606581939 21.579249217797
6941.18681962062 21.6762554568038
6967.00868477764 21.7649189235915
6992.92660969181 21.8289257213064
7018.94095171442 21.9262238601542
7045.05206952614 22.007527756283
7071.26032314197 22.0981428493148
7097.56607391621 22.183628182734
7123.96968454742 22.200605365491
7150.47151908342 22.232044029802
7177.07194292636 22.2991299168341
7203.77132283768 22.3684573755203
7230.57002694323 22.4429879744787
7257.46842473831 22.5135062117192
7284.46688709279 22.5591394131309
7311.5657862562 22.6075360811251
7338.76549586288 22.6707951408929
7366.06639093713 22.7222499559341
7393.46884789835 22.7843249928768
7420.97324456628 22.8815995762134
7448.57996016619 22.9229028847583
7476.28937533407 22.9319285776026
7504.10187212195 22.9753510552008
7532.0178340031 23.0287185048983
7560.03764587737 23.0600605574592
7588.16169407645 23.0928708622977
7616.39036636925 23.1507878728915
7644.72405196718 23.2147482268116
7673.16314152958 23.2642155572441
7701.70802716907 23.3092575682789
7730.35910245697 23.3993132107453
7759.11676242871 23.4309425947799
7787.98140358931 23.4580077734504
7816.95342391881 23.499913895919
7846.03322287777 23.5333499822489
7875.22120141279 23.5206718430537
7904.51776196203 23.5164967039844
7933.92330846076 23.5237865370342
7963.4382463469 23.5472009743228
7993.06298256668 23.5480632780322
8022.79792558017 23.555713703277
8052.64348536698 23.5757216943374
8082.60007343185 23.5787410711713
8112.66810281039 23.5528601232225
8142.84798807473 23.5221234958393
8173.14014533922 23.5047798124166
8203.54499226624 23.4933127029091
8234.06294807188 23.4358514129749
8264.69443353176 23.3923301187921
8295.43987098684 23.3763290128986
8326.29968434921 23.3461724501416
8357.27429910795 23.2981950629801
8388.36414233502 23.2661668057539
8419.56964269112 23.2135751770644
8450.89123043159 23.1946089126699
8482.32933741237 23.1717202403259
8513.88439709597 23.1364063564875
8545.55684455738 23.098012663582
8577.34711649014 23.0574622667207
8609.25565121232 23.0264341467459
8641.28288867257 22.9983408820054
8673.42927045619 22.9664234479742
8705.69523979124 22.9238263134629
8738.0812415546 22.8668896644586
8770.58772227814 22.816683075083
8803.2151301549 22.7944295898604
8835.96391504519 22.7728365928703
8868.83452848289 22.7095516885932
8901.82742368161 22.6678082037125
8934.94305554094 22.6282981676163
8968.18188065276 22.5958461681323
9001.54435730751 22.5947337412357
9035.03094550052 22.558172557793
9068.64210693833 22.5112215889818
9102.37830504507 22.4588313007725
9136.24000496888 22.4150393586313
9170.22767358826 22.3867892490999
9204.34177951857 22.3683624361155
9238.58279311844 22.3451768418834
9272.9511864963 22.3322734808781
9307.44743351684 22.3266255889604
9342.07200980759 22.2782481900168
9376.82539276547 22.2405623081819
9411.70806156333 22.2175006256038
9446.72049715662 22.1778128093334
9481.86318228997 22.143821811848
9517.13660150386 22.099109798002
9552.54124114133 22.072135590534
9588.07758935464 22.0194827186347
9623.74613611202 21.9510382534222
9659.54737320446 21.8606312411333
9695.48179425241 21.7889831713462
9731.54989471268 21.6726701144353
9767.75217188519 21.5723455075618
9804.08912491989 21.5348621107555
9840.5612548236 21.4772953450628
9877.16906446693 21.4096964225754
9913.91305859123 21.3615551352494
9950.79374381551 21.2768978920858
9987.81162864349 21.2382200361757
10024.9672234705 21.1752372055573
10062.2610405907 21.135963074894
10099.6935942039 21.0902552943671
10137.265400423 21.0195183205899
10174.9769772805 20.9886984366664
10212.8288447364 20.9410880452173
10250.8215246849 20.9116895827764
10288.9555409616 20.8833345949006
10327.231419351 20.8405247024449
10365.6496875932 20.8487052471803
10404.210875392 20.8424339395254
10442.9155144215 20.8325342828824
10481.7641383337 20.7911642378131
10520.7572827658 20.7777820368113
10559.8954853477 20.7425155841698
10599.1792857094 20.713234246685
10638.6092254881 20.6833001316054
10678.1858483363 20.618846881927
10717.9096999286 20.6173496418012
10757.7813279699 20.606012316085
10797.8012822023 20.5915262033326
10837.9701144131 20.5806329030311
10878.2883784424 20.5536115562741
10918.7566301905 20.5261174643542
10959.3754276259 20.5123787867471
11000.1453307925 20.5213355629891
11041.0669018179 20.5163689242374
11082.1407049206 20.502532911342
11123.3673064183 20.4780025085467
11164.7472747353 20.4642236850396
11206.2811804106 20.428398192238
11247.9695961055 20.4204597721102
11289.8130966117 20.4195118036356
11331.8122588594 20.3840467578142
11373.9676619248 20.3537312354397
11416.2798870383 20.3608435936161
11458.7495175926 20.3130632095776
11501.3771391508 20.2841509566521
11544.1633394541 20.2564598448963
11587.1087084304 20.1981388498949
11630.213838202 20.1508407910233
11673.4793230941 20.097194880905
11716.9057596427 20.0737341384002
11760.4937466031 20.0607548931118
11804.2438849579 20.0274412190989
11848.1567779254 19.9871792130656
11892.2330309682 19.981296588257
11936.473251801 19.9744072552682
11980.8780503993 19.9687651825353
12025.4480390078 19.9406625119063
12070.1838321489 19.9511908740085
12115.0860466309 19.9371891520708
12160.1553015568 19.9577579525135
12205.3922183327 19.9620685235187
12250.7974206764 19.9995514180234
12296.371534626 20.0572679463756
12342.1151885484 20.0369358266056
12388.0290131483 20.0593851612129
12434.1136414765 20.0588361068643
12480.3697089389 20.0746763741275
12526.7978533051 20.1224365238447
12573.3987147173 20.1333045935463
12620.1729356991 20.1329002207055
12667.1211611643 20.1232471233342
12714.244038426 20.1070099228449
12761.5422172051 20.1495723987294
12809.0163496398 20.1551093761899
12856.667090294 20.1529464444793
12904.495096167 20.1394729673364
12952.5010267019 20.1511402081769
13000.6855437952 20.1465015414336
13049.0493118056 20.1489449353504
13097.5929975632 20.1570205410103
13146.317270379 20.1509800096405
13195.2228020538 20.1792831487987
13244.3102668874 20.1815376153385
13293.5803416882 20.2177468110604
13343.0337057825 20.2320631565198
13392.6710410235 20.2786027408585
13442.4930318013 20.3276957164734
13492.5003650516 20.3274480910434
13542.6937302658 20.3548699503145
13593.0738195003 20.3694838321573
13643.6413273859 20.3836230466484
13694.3969511376 20.3901426814039
13745.3413905639 20.4163549243866
13796.4753480769 20.4210510035871
13847.7995287016 20.4147644380393
13899.3146400859 20.4359169544932
13951.02139251 20.4507846568617
14002.9204988965 20.4423485450492
14055.0126748202 20.4395256053565
14107.2986385179 20.4771784373192
14159.7791108982 20.455444412815
14212.4548155516 20.4567527705895
14265.3264787606 20.4802609093783
14318.3948295092 20.4906826250086
14371.6605994936 20.494797264453
14425.1245231318 20.5563825846467
14478.7873375739 20.588281827002
14532.6497827125 20.6343483313348
14586.7126011923 20.695195826582
14640.9765384209 20.7470912703496
14695.442342579 20.8000793066338
14750.1107646304 20.8073675811824
14804.9825583328 20.8413583242682
14860.0584802475 20.8975390232294
14915.3392897509 20.9416563915241
14970.8257490437 20.978204449177
15026.5186231627 21.0337734679818
15082.4186799901 21.0710447452998
15138.5266902652 21.1139127650949
15194.8434275942 21.1457002730701
15251.3696684613 21.1779038738582
15308.1061922393 21.2120626836105
15365.0537812003 21.2289371652886
15422.2132205266 21.2421244464389
15479.5852983214 21.2228471532328
15537.1708056196 21.2515315548036
15594.9705363991 21.2648620221659
15652.9852875913 21.2893905369681
15711.2158590922 21.3057556200003
15769.6630537736 21.3129253348069
15828.327677494 21.2984791901942
15887.2105391099 21.2996444623447
15946.3124504865 21.3058204599234
16005.6342265097 21.3262919539132
16065.1766850963 21.314872755619
16124.9406472063 21.3073100484379
16184.9269368535 21.2919139822739
16245.1363811172 21.2905941083398
16305.5698101534 21.270042369284
16366.2280572065 21.2636394983726
16427.1119586206 21.226335011779
16488.2223538509 21.1766340803232
16549.5600854758 21.1300910629609
16611.1259992079 21.0507138130626
16672.9209439061 20.9819842184733
16734.9457715869 20.8651325666262
16797.2013374366 20.7678257329429
16859.6884998228 20.6369591613733
16922.4081203063 20.500810802614
16985.3610636531 20.3914284524489
17048.5481978459 20.2507967645531
17111.9703940967 20.1100432565792
17175.6285268585 19.9923121780163
17239.523473837 19.8542365227516
17303.6561160034 19.7132475932257
17368.027337606 19.5799865849614
17432.6380261827 19.457181248183
17497.489072573 19.3277992978984
17562.5813709306 19.2085144677115
17627.9158187353 19.1298410874766
17693.4933168058 19.0518789530492
17759.3147693119 18.9512668149327
17825.3810837868 18.862108142992
17891.6931711401 18.8362713592156
17958.2519456698 18.8041839635483
18025.0583250755 18.784133991618
18092.1132304703 18.7537784805868
18159.4175863943 18.7151872915837
18226.9723208268 18.6618979234042
18294.7783651994 18.6050937813784
18362.8366544084 18.5443508676481
18431.1481268284 18.4768126692562
18499.7137243246 18.408644855668
18568.5343922661 18.3448531543535
18637.6110795389 18.2617076045699
18706.9447385587 18.1739547350776
18776.5363252847 18.0990780668033
18846.3867992321 18.0066012194285
18916.4971234854 17.9073117911086
18986.8682647123 17.8164493405403
19057.5011931763 17.7443111537305
19128.3968827505 17.6460376566721
19199.5563109307 17.5749438712598
19270.9804588494 17.4909153100881
19342.6703112886 17.4374767270895
19414.6268566943 17.3665181155469
19486.851087189 17.32341413202
19559.3439985865 17.2516170880174
19632.1065904049 17.151223374092
19705.1398658807 17.0870882966152
19778.4448319822 17.0136609113366
19852.0224994243 16.9409455969929
19925.8738826813 16.8695011138916
20000.0000000017 16.8695011138916
