10 16.9497013092041
10.0372009367102 16.9646110507208
10.0745402643896 16.953208812271
10.1120184978655 16.920270996416
10.1496361538807 16.8874741599045
10.1873937510998 16.8550609124703
10.2252918101175 16.8236564094391
10.2633308534646 16.7923790573105
10.3015114056161 16.7612269463502
10.3398339929981 16.7308561160048
10.3782991439948 16.700689015925
10.4169073889563 16.6706370712478
10.4556592602056 16.6413132957028
10.4945552920458 16.6125871087329
10.5335960207679 16.5839672220702
10.5727819846578 16.5556923788113
10.6121137240039 16.5283395446917
10.6515917811047 16.5010894223247
10.6912167002759 16.4739397414298
10.7309890278581 16.4474928837724
10.7709093122244 16.4212245922597
10.8109781037879 16.3950537568615
10.8511959550093 16.3695661750548
10.8915634204045 16.344650265561
10.9320810565522 16.3198262276026
10.9727494221018 16.295240575995
11.0135690777806 16.2712839869035
11.0545405864021 16.2474174777165
11.0956645128736 16.2236388030083
11.1369414242037 16.2008340182827
11.1783718895104 16.178216688844
11.2199564800288 16.1560802032105
11.2616957691193 16.1343594078906
11.3035903322749 16.1131460517712
11.3456407471298 16.0920278592024
11.3878475934668 16.0712300856512
11.4302114532258 16.0512712579037
11.4727329105113 16.0314043250941
11.515412551601 16.0116309133404
11.5582509649534 15.992547220179
11.6012487412161 15.9736251830765
11.6444064732342 15.9547986340831
11.6877247560581 15.9368001320643
11.7312041869517 15.9198760407768
11.774845365401 15.9035166827082
11.818648893122 15.8878594867908
11.8626153740693 15.8732605680642
11.9067454144441 15.8591927080321
11.9510396227028 15.8456458178889
11.9954986095653 15.8331785335431
12.0401229880234 15.821283339897
12.0849133733495 15.8098764145504
12.1298703831044 15.7995910716759
12.1749946371469 15.7902507451135
12.2202867576412 15.7813719999053
12.2657473690664 15.7731446751371
12.3113770982243 15.7660027217557
12.3571765742489 15.7592983547504
12.4031464286144 15.7530270051956
12.4492872951442 15.7477293151369
12.4955998100196 15.7429141938219
12.5420846117884 15.738512046947
12.5887423413741 15.7784204718348
12.6355736420843 15.7913294577704
12.6825791596199 15.8049335847697
12.7297595420838 15.8194838672499
12.7771154399899 15.8354777002543
12.8246475062721 15.8521736659866
12.8723563962932 15.8695745400783
12.9202427678541 15.8882152503876
12.9683072812028 15.9076222511293
13.0165505990434 15.9277408764286
13.0649733865454 15.9490287737021
13.1135763113527 15.9713947173485
13.162360043593 15.9945077197388
13.2113252558868 16.0186040872128
13.260472623357 16.0441629242314
13.3098028236379 16.0704668965656
13.3593165368846 16.0975282999931
13.4090144457825 16.125860068529
13.4588972355569 16.1550042942703
13.5089655939818 16.1849136983422
13.5592202113899 16.2160205206942
13.6096617806823 16.248205009614
13.6602909973373 16.2811643562606
13.7111085594207 16.3151209414319
13.7621151675953 16.3504998915524
13.8133115251301 16.3866634004288
13.8646983379105 16.4236106354949
13.9162763144479 16.4619887043572
13.9680461658894 16.5012035200019
14.0200086060276 16.5410019411568
14.0721643513105 16.5817030425471
14.1245141208514 16.6232258024393
14.1770586364386 16.6653388558912
14.2297986225456 16.70826555987
14.2827348063412 16.7524089275788
14.3358679176991 16.7971515961538
14.3891986892083 16.8424972092405
14.442727856183 16.8891866968326
14.496456156673 16.9365425202833
14.5503843314737 16.9845102530567
14.6045131241361 17.0333995420626
14.6588432809775 17.0831262905868
14.7133755510915 17.1334747800949
14.7681106863584 17.1846107581998
14.8230494414556 17.2368182151112
14.8781925738679 17.2895371170556
14.9335408438982 17.3427730016229
14.9890950146774 17.3971312430026
15.0448558521758 17.4520604838376
15.1008241252129 17.5075166326323
15.1570006054682 17.5638485602013
15.2133860674922 17.6209559476314
15.2699812887167 17.6785983067824
15.3267870494654 17.7369766805263
15.3838041329651 17.7964551872112
15.4410333253564 17.8564776976606
15.498475415704 17.9170440510368
15.5561311960084 17.9786756641998
15.6140014612162 18.0409013866888
15.6720870092313 18.1036818855212
15.730388640926 18.1673583979672
15.7889071601517 18.2318211810996
15.8476433737505 18.2968202175108
15.9065980915658 18.3625297551361
15.9657721264536 18.4292607660688
16.0251662942941 18.496533279513
16.0847814140026 18.564351771263
16.1446183075405 18.6332332421441
16.2046777999274 18.7027056371599
16.2649607192518 18.7727292667841
16.3254678966828 18.8435037574341
16.3862001664817 18.9147303247518
16.447158366013 18.9861502182917
16.5083433357566 19.0578696564739
16.569755919319 19.1301407343147
16.6313969634448 19.2025581845772
16.6932673180286 19.2751249132254
16.7553678361271 19.3484389210241
16.8176993739698 19.4219359664189
16.880262790972 19.4955830724683
16.9430589497458 19.5696822748627
17.0060887161124 19.6441198051854
17.069352959114 19.7187078682537
17.1328525510256 19.7936153373059
17.1965883673671 19.8691003946946
17.2605612869157 19.9447387398887
17.3247721917173 20.0205253478768
17.3892219670996 20.096997228199
17.4539115016833 20.1736477256465
17.5188416873952 20.250449293687
17.5840134194801 20.3277593057761
17.649427596513 20.4054510377668
17.7150851204118 20.4832886975901
17.7809868964498 20.5614091282149
17.8471338332678 20.640016789665
17.9135268428867 20.7187751607356
17.9801668407205 20.7976830679099
18.0470547455885 20.8772721936211
18.1141914797281 20.9570412910606
18.1815779688074 21.0369628498631
18.2492151419383 21.1173008291161
18.3171039316889 21.1979327134421
18.3852452740965 21.278655170751
18.4536401086808 21.3595754189403
18.5222893784564 21.4406319866079
18.5911940299459 21.5213850491213
18.6603550131934 21.6015934775775
18.7297732817769 21.6814888500815
18.799449792822 21.7606733779424
18.8693855070149 21.83912741249
18.9395813886156 21.9171491091916
19.0100384054711 21.9946155870013
19.0807575290291 22.0713409777044
19.151739734351 22.147465405782
19.2229860001258 22.2231805362484
19.2944973086829 22.2981499090108
19.3662746460064 22.3723629243804
19.4383190017482 22.4462955442499
19.5106313692418 22.5194871869694
19.5832127455161 22.5919178753679
19.6560641313089 22.6638346821853
19.7291865310809 22.7351412863171
19.8025809530295 22.8057147603787
19.8762484091027 22.8756953248479
19.950189915013 22.9452822840603
20.0244064902514 23.0141296910162
20.0988991581017 23.0822366201703
20.1736689456542 23.1499721294939
20.2487168838201 23.2169823544136
20.3240440073458 23.2832438186978
20.3996513548271 23.3490340281209
20.4755399687231 23.4142416257492
20.5517108953714 23.4786936496338
20.6281651850019 23.54252507722
20.7049038917513 23.605906892345
20.7819280736781 23.6685306530298
20.8592387927765 23.7303880140572
20.9368371149918 23.7918288407183
21.0147241102344 23.8528952505441
21.092900852395 23.9136483125546
21.1713684193594 23.9743047946224
21.2501278930231 24.0347710423064
21.3291803593062 24.0949158406808
21.4085269081689 24.1548515620297
21.4881686336258 24.2147521351014
21.5681066337615 24.274319387407
21.6483420107456 24.3335494097485
21.7288758708478 24.3927820328766
21.8097093244533 24.4516847884963
21.8908434860779 24.51024184333
21.9722794743837 24.5686937886917
22.0540184121942 24.6269266989325
22.1360614265099 24.6848187687923
22.2184096485239 24.7426694677897
22.3010642136375 24.8006157824221
22.3840262614756 24.8584008216319
22.4672969359028 24.9160215794292
22.5508773850389 24.9737954652678
22.6347687612749 25.0314078448941
22.7189722212887 25.0888493823269
22.8034889260611 25.1463331791853
22.8883200408921 25.2037595511599
22.9734667354164 25.2610014944783
23.0589301836202 25.3182149122257
23.1447115638567 25.3755525411439
23.230812058863 25.4327888396599
23.3172328557757 25.4897046058806
23.4039751461482 25.5463794853396
23.491040125966 25.6025109948418
23.5784289956642 25.6581997710302
23.6661429601435 25.713666627305
23.754183228787 25.7688200653775
23.8425510154766 25.8235516313826
23.9312475386102 25.8779600994151
24.0202740211181 25.9321541916131
24.1096316904802 25.9859251929788
24.1993217787425 26.0392780492985
24.2893455225345 26.0924973021759
24.3797041630861 26.1452945605432
24.4703989462445 26.197673272846
24.5614311224917 26.24980882938
24.6528019469616 26.3016169119346
24.7445126794573 26.3530045230608
24.8365645844686 26.4040563092485
24.9289589311891 26.4548721522336
25.0216969935341 26.5052628604498
25.1147800501579 26.5552328003055
25.2082093844715 26.6050469029243
25.3019862846603 26.6544435254498
25.3961120437021 26.7034166174843
25.4905879593843 26.7521213420496
25.5854153343225 26.8004820186717
25.6805954759781 26.8476620096166
25.7761296966763 26.8935761036786
25.8720193136242 26.9384882348219
25.9682656489293 26.9823799646739
26.0648700296171 27.0252510320876
26.1618337876502 27.0672698770355
26.2591582599459 27.10814250562
26.356844788395 27.1479266645217
26.4548947198803 27.186834216642
26.5533094062951 27.2247851952067
26.6520902045621 27.2616920950061
26.7512384766515 27.2976133578981
26.8507555896003 27.3326072335119
26.9506429155313 27.3665559559516
27.0509018316712 27.3994542504906
27.1515337203705 27.431520644605
27.2525399691221 27.4625318536837
27.3539219705804 27.4924926987486
27.4556811225806 27.5215359492241
27.5578188281582 27.5495985462235
27.6603364955679 27.576598870683
27.7632355383033 27.6026059281635
27.8665173751163 27.6276682243879
27.9701834300368 27.6515996775428
28.0742351323921 27.6742876254457
28.1786739168268 27.6958807287073
28.2835012233224 27.7162209560627
28.3887184972175 27.73531546697
28.4943271892273 27.7532729498431
28.6003287554639 27.770038650017
28.7067246574561 27.7855492285672
28.81351636217 27.799617733849
28.9207053420286 27.8122481766704
29.0282930749329 27.8233184265308
29.1362810442814 27.8328150892787
29.2446707389912 27.8408603572693
29.3534636535184 27.8473224359421
29.4626612878783 27.8521957194653
29.5722651476666 27.8557815395882
29.6822767440801 27.8580550954513
29.7926975939372 27.858938214668
29.9035292196989 27.85847664254
30.0147731494902 27.8567123203591
30.1264309171207 27.853532774483
30.2385040621058 27.8489399098519
30.3509941296883 27.84302520624
30.4639026708593 27.8356609836826
30.5772312423796 27.8268412833365
30.6909814068016 27.8166179149484
30.8051547324904 27.8049469063446
30.9197527936455 27.7917975524054
31.0347771703225 27.777198724409
31.1502294484553 27.7611807340103
31.2661112198773 27.7436523670046
31.3824240823437 27.7245882737565
31.4991696395536 27.7039986825249
31.616349501172 27.6818124135214
31.733965282852 27.6580161267804
31.852018606257 27.6326655772147
31.9705110990833 27.6057203716674
32.0894443950822 27.5771443216388
32.2088201340828 27.546945624656
32.3286399620146 27.515127187869
32.4489055309299 27.4816476064615
32.569618499027 27.4464987899964
32.6907805306726 27.4108028732327
32.8123932964254 27.3746566448813
32.9344584730584 27.3381274986249
33.0569777435824 27.3013282284104
33.1799527972693 27.2642388788088
33.3033853296751 27.2263855324367
33.4272770426635 27.18771157842
33.5516296444293 27.1482081221301
33.6764448495218 27.1078606161018
33.8017243788689 27.0666577190406
33.9274699598002 27.0246204569366
34.0536833260713 26.9817126496081
34.1803662178875 26.937925441634
34.3075203819277 26.8932538307246
34.4351475713689 26.8476863170843
34.5632495459097 26.8012173445782
34.6918280717952 26.7538610653598
34.8208849218411 26.7056044703897
34.9504218754581 26.6563066367859
35.0804407186764 26.6056670357459
35.2109432441705 26.5538680869818
35.3419312512837 26.5006996387635
35.4734065460531 26.4461617667097
35.6053709412345 26.390136121871
35.7378262563273 26.3326763861925
35.8707743175993 26.2738166087106
36.0042169581128 26.2135211638331
36.1381560177486 26.1517547811679
36.2725933432325 26.088860075821
36.40753078816 26.02489516391
36.5429702130224 25.9597981041178
36.6789134852321 25.8940637700441
36.8153624791483 25.8277561710544
36.9523190761032 25.7610421385231
37.0897851644277 25.6941573096998
37.2277626394773 25.6271255089803
37.3662534036585 25.5597855968538
37.5052593664551 25.4921174631098
37.6447824444542 25.4241488394369
37.7848245613726 25.3558730150387
37.9253876480839 25.2873061669417
38.0664736426444 25.2184435365234
38.2080844903204 25.1492860821926
38.3502221436146 25.0798232220477
38.4928885622931 25.0100654896755
38.6360857134129 24.940025230012
38.7798155713483 24.869707157588
38.9240801178185 24.7991122107095
39.068881341915 24.728248912045
39.2142212401288 24.657060972346
39.3601018163781 24.5854005057433
39.5065250820358 24.5133180245628
39.6534930559574 24.4418577765211
39.8010077645086 24.3717663709104
39.9490712415935 24.3030313468667
40.0976855286824 24.2356496695601
40.2468526748401 24.1696263242832
40.3965747367541 24.1049657233569
40.5468537787631 24.0416748899497
40.6976918728852 23.980467246957
40.8490910988465 23.9215600922256
41.0010535441102 23.8648984359169
41.1535813039047 23.8104967410056
41.3066764812531 23.7583823020881
41.4603411870018 23.708547987155
41.6145775398498 23.6609918863559
41.7693876663778 23.6157451612225
41.9247737010778 23.5725156178649
42.080737786382 23.5302048491054
42.2372820726929 23.4888190519017
42.3944087184125 23.448423503989
42.5521198899724 23.408956607333
42.7104177618635 23.3704283135225
42.869304516666 23.3328667018112
43.0287823450793 23.296264547107
43.1888534459529 23.2606202886817
43.3495200263157 23.2259334220346
43.5107843014072 23.1922111202592
43.6726484947079 23.1594564325825
43.8351148379697 23.127671946769
43.9981855712467 23.0968358402806
44.1618629429266 23.0669839070283
44.3261492097609 23.0379600148271
44.4910466368967 23.0101547693323
44.6565574979076 22.9839632484515
44.822684074825 22.9594175152292
44.9894286581698 22.9365178272706
45.1567935469838 22.9152543758191
45.3247810488614 22.8956850325465
45.4933934799815 22.8778113803919
45.6626331651395 22.8615721649407
45.8325024377791 22.8470632209892
46.0030036400248 22.8342989874246
46.1741391227139 22.8226929934441
46.345911245429 22.8122311664553
46.5183223765307 22.8029537012535
46.69137489319 22.7945137432469
46.8650711814213 22.786823239072
47.0394136361151 22.7798423695452
47.2144046610712 22.7730407869541
47.3900466690317 22.7663306632125
47.5663420817144 22.759799932788
47.743293329846 22.7534542238503
47.9209028531959 22.7472152504909
48.0991731006096 22.7411442278494
48.2781065300423 22.7352619223451
48.4577056085935 22.7295112879229
48.63797281254 22.7238598174304
48.8189106273711 22.7183991044467
49.000521547822 22.7138233452824
49.1828080779086 22.7103672009182
49.3657727309621 22.7082061748807
49.5494180296635 22.7074947410284
49.7337465060782 22.7079448783426
49.9187607016915 22.7096004351632
50.1044631674429 22.7125301692851
50.2908564637618 22.7166519463281
50.4779431606027 22.7219257281635
50.6657258374805 22.7284774834053
50.854207083506 22.7362919321439
51.043389497422 22.7451382295755
51.2332756876387 22.7554034820085
51.4238682722698 22.7678469429178
51.6151698791687 22.7822265910872
51.8071831459647 22.7977028609205
51.9999107200992 22.8142222039021
52.1933552588626 22.8316611972408
52.3875194294302 22.8497962572229
52.5824059089 22.8687668679659
52.7780173843286 22.8886354764992
52.9743565527689 22.9091738555899
53.1714261213071 22.9306413167065
53.3692288070999 22.9530315921665
53.5677673374123 22.9763487879183
53.7670444496548 23.0013123069003
53.9670628914213 23.0279692256786
54.1678254205271 23.0562841934584
54.3693348050468 23.0862445282926
54.5715938233525 23.1179007835672
54.7746052641521 23.1512604574811
54.9783719265278 23.1867735335373
55.1828966199745 23.2245828605053
55.3881821644389 23.2648102825677
55.594231390358 23.3079301568674
55.8010471386984 23.3538262702855
56.0086322609952 23.4012011572973
56.2169896193917 23.4495616545446
56.4261220866785 23.4989741648699
56.6360325463332 23.5491906285156
56.8467238925604 23.600249864054
57.0581990303312 23.65258172253
57.2704608754236 23.7057072600817
57.4835123544625 23.7597044572952
57.6973564049602 23.8154180424478
57.9119959753568 23.872583672491
58.1274340250607 23.9310703967907
58.3436735244898 23.9911002609689
58.5607174551122 24.0527607712715
58.7785688094872 24.1157609629918
58.9972305913069 24.1801376529206
59.2167058154372 24.2465230573851
59.4369975079597 24.3151591806716
59.6581087062134 24.3860610290578
59.8800424588363 24.4594629310226
60.1028018258077 24.5353029626499
60.3263898784903 24.6139032522277
60.5508096996726 24.6956946432322
60.7760643836113 24.7823843182002
61.0021570360742 24.8738601417896
61.2290907743825 24.9701439034507
61.4568687274545 25.0713279107644
61.685494035848 25.1773512722113
61.9149698518044 25.2882306325962
62.1452993392914 25.4040572476913
62.376485674047 25.5248022083826
62.6085320436233 25.6505909477306
62.8414416474305 25.7801739995152
63.0752176967808 25.9087445353926
63.3098634149326 26.0362812443083
63.5453820371355 26.1627914464831
63.7817768106743 26.2882806880669
64.0190509949139 26.4127542649071
64.2572078613447 26.5362157441674
64.4962506936269 26.6586725661931
64.7361827876367 26.7801378243018
64.9770074515108 26.9006111789891
65.2187280056928 27.0198254138223
65.4613477829786 27.1368991272399
65.7048701285624 27.251893053209
65.9492984000827 27.3649841285163
66.1946359676689 27.4761497124134
66.4408862139876 27.5857042540751
66.688052534289 27.6946463342925
66.9361383364543 27.8028663082879
67.1851470410421 27.9104619937688
67.4350820813359 28.01746203221
67.6859469033913 28.1241869639875
67.9377449660834 28.2309573848882
68.190479741155 28.339031696063
68.4441547132637 28.4484070371972
68.6987733800307 28.5588767041957
68.9543392520884 28.6707215731259
69.2108558531293 28.7835035819484
69.4683267199542 28.896757424793
69.7267554025213 29.0107050050724
69.9861454639949 29.1259119125017
70.2465004807944 29.2427645980335
70.5078240426442 29.3613455153364
70.7701197526224 29.4791874745346
71.0333912272113 29.5962150337046
71.2976420963466 29.7122253460199
71.5628760034677 29.8274488227295
71.8290966055681 29.9418765938789
72.0963075732454 30.0552623455101
72.3645125907524 30.169036234971
72.6337153560475 30.2831088539191
72.903919580846 30.3973850929028
73.1751289906711 30.511690465014
73.4473473249052 30.6254949828317
73.7205783368417 30.7387550552937
73.9948257937363 30.8516553532633
74.2700934768597 30.9643392504261
74.5463851815488 31.0768025828467
74.82370471726 31.1890247223684
75.1020559076207 31.3010110340349
75.3814425904831 31.4127554047209
75.6618686179762 31.5241617211079
75.9433378565593 31.6350904110372
76.2258541870754 31.745596406728
76.5094215048047 31.8556629906078
76.7940437195179 31.9653241037694
77.0797247555308 32.0745191888314
77.3664685517576 32.1832268635453
77.654279061766 32.2909002302056
77.9431602538311 32.3971211516451
78.2331161109905 32.5018386700551
78.524150631099 32.6054738327524
78.8162678268838 32.7082515689236
79.1094717259999 32.8105460196823
79.4037663710853 32.9124615519413
79.6991558198174 33.0140793969023
79.9956441449681 33.1152650720875
80.2932354344608 33.2160147456976
80.5919337914261 33.3164518878626
80.8917433342586 33.4164685128486
81.192668196674 33.5169039527842
81.4947125277655 33.6171072914127
81.7978804920615 33.7144922886875
82.1021762695827 33.8089190249631
82.4076040558999 33.9004031282393
82.714168062192 33.9891214124711
83.0218725153037 34.0748555377883
83.3307216578039 34.1576049060282
83.6407197480444 34.2375839758227
83.9518710602185 34.316840434169
84.2641798844197 34.3973685714739
84.5776505267013 34.4793048888108
84.8922873091352 34.5625531683742
85.2080945698721 34.6463745029215
85.525076663201 34.7305676254897
85.8432379596091 34.8141362767844
86.1625828458423 34.8965035596059
86.4831157249656 34.9757918262333
86.804841016424 35.0522577493843
87.1277631561029 35.1256907460735
87.4518865963899 35.1960062461818
87.7772158062356 35.2633098252166
88.103755271216 35.3276182310955
88.4315094935933 35.3887517170938
88.760482992379 35.4436302506066
89.0906803033954 35.4954181290339
89.4221059793388 35.543941783834
89.7547645898416 35.5892214405505
90.088660721536 35.6312941910848
90.4237989781166 35.670135643388
90.7601839804045 35.7057379343817
91.0978203664104 35.7379184988824
91.436712791399 35.7664259704753
91.7768659279529 35.789150379724
92.1182844660374 35.8062132957611
92.4609731130645 35.8181494785557
92.8049365939585 35.8251075204295
93.1501796512209 35.827247604114
93.4967070449956 35.8252219644741
93.8445235531347 35.8192176123644
94.1936339712644 35.8111000075411
94.5440431128511 35.802352939702
94.8957558092676 35.7929802944572
95.2487769098601 35.7832298936877
95.6031112820147 35.7740135189468
95.9587638112245 35.7659187161697
96.3157394011573 35.7578888633574
96.674042973723 35.7496871597476
97.0336794691412 35.7394141038874
97.39465384601 35.7273521223439
97.7569710813735 35.7136002414787
98.1206361707911 35.6983146582308
98.4856541284063 35.6814919718656
98.8520299870155 35.6629370469692
99.2197687981374 35.6423685143249
99.5888756320832 35.616374908566
99.9593555780259 35.5887414988372
100.331213744071 35.5605431481576
100.704455257326 35.5320737649057
101.079085263972 35.5034828978068
101.455108929334 35.474803902571
101.832531437955 35.4459154782652
102.211357993661 35.4155196417682
102.591593819639 35.3841054379528
102.973244158507 35.3524169550304
103.356314272386 35.3204995316417
103.74080944297 35.2892949697149
104.126734971605 35.2587811935168
104.514096179357 35.2288896919161
104.902898407086 35.1998559750357
105.293147015521 35.1707685289072
105.684847385335 35.1414907547936
106.078004917216 35.1119955474603
106.472625031943 35.0823555517832
106.868713170461 35.0525055088438
107.266274793956 35.0245513156718
107.665315383931 35.0012053663651
108.065840442278 34.9824638942357
108.467855491361 34.9681969351186
108.871366074083 34.9584923350851
109.27637775397 34.9533729122478
109.682896115245 34.94742207668
110.090926762902 34.9387664871385
110.500475322789 34.9274405622131
110.911547441682 34.9129751963165
111.324148787363 34.895053919803
111.738285048698 34.8736798871717
112.153961935718 34.8488234978578
112.571185179695 34.821483406311
112.98996053322 34.7921180114396
113.410293770289 34.760734542974
113.832190686372 34.7274056096718
114.255657098502 34.6931912191291
114.680698845352 34.6579020427049
115.107321787315 34.6221771997129
115.535531806584 34.5891951301562
115.965334807235 34.5588720445077
116.396736715309 34.5312003751861
116.829743478891 34.5056228068673
117.264361068193 34.4820517195524
117.700595475639 34.4598654004492
118.138452715943 34.4382819033518
118.577938826195 34.415317695431
119.019059865945 34.3913382591941
119.461821917283 34.3672790848695
119.906231084925 34.3432504719821
120.3522934963 34.3205414542773
120.800015301628 34.3005677609376
121.24940267401 34.2819519966357
121.700461809513 34.2632751684634
122.15319892725 34.2462425000551
122.607620269474 34.2309226977292
123.063732101657 34.2121579971255
123.52154071258 34.1871831734258
123.981052414419 34.1548464582505
124.442273542832 34.1151544775096
124.905210457046 34.0680315086826
125.369869539945 34.0169338260976
125.836257198157 33.9640465616243
126.304379862144 33.913528707587
126.774243986291 33.8653948202593
127.245856048992 33.8196412284938
127.719222552743 33.7762718630236
128.194350024229 33.7355309535861
128.671245014415 33.6973727859532
129.149914098635 33.6621515940142
129.630363876686 33.6322445585216
130.112600972915 33.6076848153727
130.596632036314 33.5869179574853
131.082463740608 33.5677717213147
131.570102784351 33.5501097270241
132.059555891015 33.5330733972776
132.550829809082 33.5166663093261
133.043931312143 33.4984435532379
133.538867198985 33.4787062344693
134.035644293687 33.4584083654015
134.534269445714 33.4375611100451
135.034749530014 33.4150769596587
135.537091447108 33.3912965128375
136.041302123189 33.3646699800114
136.547388510214 33.3338092208237
137.055357586005 33.3004074950384
137.56521635434 33.2653617656382
138.076971845052 33.2296786332646
138.590631114126 33.1923336635913
139.106201243796 33.1521110474679
139.623689342642 33.1090277186915
140.14310254569 33.0623697935958
140.664448014507 33.0154682496569
141.187732937303 32.970561674959
141.712964529029 32.9309732327804
142.240150031474 32.8948855544854
142.769296713371 32.8610118664512
143.30041187049 32.8294031118084
143.833502825744 32.7991863280816
144.368576929286 32.7691611745729
144.905641558614 32.7388113810854
145.444704118671 32.7073096039433
145.985772041946 32.6747020977103
146.528852788578 32.639228923913
147.073953846458 32.6019100135781
147.621082731334 32.5632206663828
148.170246986912 32.5229641294331
148.721454184961 32.4820172599197
149.274711925419 32.4399915517727
149.830027836496 32.3968509358203
150.387409574779 32.352454797368
150.946864825339 32.3067859152115
151.508401301835 32.2561689314935
152.072026746624 32.1977227703002
152.637748930863 32.13136759806
153.205575654619 32.0571258759418
153.775514746977 31.974168444186
154.347574066145 31.8814134593359
154.921761499565 31.7855903323474
155.498084964022 31.6886774679229
156.076552405752 31.5915586137729
156.657171800551 31.4971475175543
157.239951153886 31.4047688606593
157.824898501005 31.3143626358659
158.412021907047 31.2260850587367
159.001329467157 31.1390931093298
159.592829306591 31.0514877327067
160.186529580835 30.9618291873788
160.78243847571 30.8696768538874
161.380564207495 30.7728718656614
161.980915023028 30.6702645158733
162.583499199831 30.5614236656275
163.188325046216 30.4468000218417
163.795400901405 30.3280017161303
164.40473513564 30.2050675356034
165.016336150303 30.0817082112559
165.630212378031 29.9588444553761
166.246372282828 29.8372394692755
166.864824360187 29.7177749717385
167.485577137204 29.6005732093076
168.108639172699 29.4828821880832
168.734019057329 29.3636465033236
169.36172541371 29.2428644973722
169.991766896534 29.1178155266192
170.624152192691 28.9849304790396
171.258890021386 28.8459180274427
171.89598913426 28.7025238413254
172.535458315511 28.5545356305645
173.177306382017 28.4004861713596
173.821542183453 28.2452979878683
174.468174602416 28.0915402540287
175.117212554548 27.9402192431269
175.768664988659 27.7946045069092
176.422540886846 27.654666168151
177.078849264624 27.5192246062846
177.737599171045 27.3833093418654
178.398799688823 27.2422360402802
179.062459934462 27.0959116321782
179.728589058382 26.9444205101831
180.397196245039 26.7872651120575
181.068290713059 26.623147918813
181.741881715363 26.4532167060497
182.417978539291 26.2791018240361
183.096590506735 26.1021970269148
183.777726974264 25.9244361177787
184.461397333255 25.7488569818804
185.147611010021 25.5779882960694
185.836377465944 25.4121099853287
186.5277061976 25.2510136774465
187.221606736895 25.094285234881
187.918088651195 24.9424767444975
188.617161543456 24.7935590818289
189.318835052359 24.6482576744281
190.023118852442 24.506650574996
190.730022654232 24.3685786572218
191.439556204381 24.2312285958768
192.151729285799 24.0958450491584
192.86655171779 23.9639063303141
193.584033356187 23.8355821745628
194.304184093485 23.7102947006489
195.027013858983 23.5867624110758
195.752532618918 23.4655895800065
196.480750376599 23.3463676656715
197.211677172552 23.2286880525495
197.945323084652 23.1134345708213
198.681698228267 22.9997067973579
199.420812756393 22.8819093263004
200.162676859797 22.7560743859053
200.907300767158 22.6233734032621
201.654694745203 22.485631724731
202.404869098855 22.3426432782981
203.157834171373 22.1953855146427
203.913600344492 22.0461472584533
204.672178038568 21.8964924252496
205.433577712722 21.7474729151431
206.197809864986 21.5994882858542
206.964885032443 21.4554623442892
207.734813791375 21.3130366506373
208.50760675741 21.1712564628473
209.283274585667 21.029639171203
210.061827970903 20.8876992440935
210.84327764766 20.7457464913563
211.627634390414 20.6041574635333
212.414909013722 20.4657313280516
213.205112372374 20.3306973988624
213.998255361539 20.2002781715386
214.794348916918 20.0748547660827
215.593404014895 19.9544098362696
216.395431672684 19.8388976835206
217.200442948486 19.7265124393863
218.008448941641 19.6181703771095
218.819460792778 19.5129314690527
219.633489683968 19.4094536167171
220.450546838885 19.3069018579203
221.270643522953 19.2016393827894
222.093791043505 19.094402928668
222.920000749938 18.9857937267751
223.749284033871 18.8765581469611
224.5816523293 18.7676712548142
225.417117112757 18.6596237362148
226.255689903467 18.5530473862996
227.097382263509 18.4479693553468
227.942205797972 18.3459084058038
228.790172155119 18.246851461383
229.641293026544 18.1505989052956
230.495580147337 18.0570577751611
231.35304529624 17.9649521845948
232.213700295818 17.8742922714063
233.077557012612 17.7819713417703
233.944627357311 17.6870859363659
234.814923284911 17.5894091951912
235.688456794884 17.4887452543409
236.565239931339 17.3849895703523
237.44528478319 17.2784782831533
238.328603484325 17.1716721619167
239.215208213769 17.0648767664602
240.105111195857 16.9595325641339
240.998324700395 16.8587891042216
241.894861042839 16.7627951252381
242.794732584456 16.6710116007538
243.6979517325 16.5808373033691
244.60453094038 16.492228239524
245.514482707834 16.4032838620018
246.427819581099 16.3124758343085
247.344554153085 16.2221321779471
248.264699063551 16.1304392679417
249.188266999274 16.0372291198213
250.11527069423 15.9419292394817
251.045722929764 15.8494484434232
251.979636534771 15.7618106391973
252.91702438587 15.6795252353516
253.85789940758 15.6012932023419
254.802274572504 15.5257388789382
255.750162901502 15.4540046612665
256.701577463874 15.3851054508152
257.656531377538 15.3166947297539
258.615037809212 15.2478428001177
259.577109974596 15.1780305895171
260.542761138553 15.1055798686163
261.512004615294 15.0313464021168
262.484853768559 14.9557340372355
263.461322011801 14.8792495742118
264.441422808376 14.8019801634196
265.42516967172 14.723796941795
266.412576165545 14.6446401898086
267.403655904018 14.5643405996668
268.398422551953 14.4828894434122
269.396889825 14.4009068154217
270.39907148983 14.3204980637465
271.404981364328 14.2420339077239
272.414633317784 14.1647822590132
273.428041271082 14.0889805477764
274.445219196894 14.0140467977142
275.466181119869 13.937520431435
276.490941116832 13.8593803617495
277.519513316975 13.7829151706377
278.551911902049 13.7093504821358
279.588151106566 13.6378536450862
280.628245217989 13.5652029597397
281.672208576933 13.4940606603167
282.720055577362 13.4243244792869
283.771800666785 13.3570130219048
284.827458346459 13.2925087982095
285.887043171586 13.2297713265587
286.950569751514 13.1688313664271
288.018052749942 13.1094148593527
289.089506885116 13.0497656519524
290.164946930037 12.9879770611392
291.244387712663 12.9238203104781
292.327844116112 12.8558858953126
293.41533107887 12.7866734281331
294.506863594997 12.7174884698247
295.602456714328 12.648831755281
296.702125542688 12.5813508209046
297.805885242097 12.5149674691245
298.913751030978 12.4492219837982
300.025738184368 12.3815653010583
301.14186203413 12.3114690137014
302.262137969162 12.2388558812571
303.386581435609 12.1636591596415
304.51520793708 12.0860397784537
305.648033034855 12.006272859737
306.785072348107 11.9276613792986
307.926341554112 11.8507654596811
309.071856388467 11.7756060208745
310.221632645308 11.7038413314901
311.375686177524 11.6353837249381
312.534032896982 11.5701357579422
313.69668877474 11.5076187493786
314.86366984127 11.4472116859955
316.03499218668 11.3878217782729
317.210671960934 11.3264002701862
318.390725374075 11.2635426641831
319.57516869645 11.2012517839411
320.764018258932 11.1405128949796
321.957290453147 11.0820076610628
323.1550017317 11.0263899443686
324.3571686084 10.973020004309
325.563807658489 10.9201519115675
326.774935518872 10.8661822050399
327.990568888343 10.8103743140211
329.210724527818 10.7535628970475
330.435419260565 10.6968453109076
331.664669972436 10.6405784015013
332.898493612101 10.5856582921546
334.136907191279 10.5321195256827
335.379927784974 10.4797328395267
336.627572531714 10.4256654477032
337.879858633779 10.3693863737889
339.136803357447 10.3101705002375
340.398424033226 10.246628484619
341.664738056097 10.178614382384
342.935762885749 10.1074093413781
344.211516046826 10.034956051359
345.492015129163 9.96174752484516
346.777277788032 9.89024285019051
348.067321744384 9.82128429588699
349.362164785094 9.75244453878023
350.661824763204 9.68268447797678
351.966319598173 9.61243859310068
353.275667276122 9.54563703364945
354.58988585008 9.48173181721057
355.908993440238 9.41906657811478
357.233008234193 9.35725182479615
358.561948487204 9.29704389967741
359.895832522439 9.24012517026266
361.234678731231 9.18677431130143
362.578505573331 9.13713978290112
363.927331577162 9.09109994585636
365.281175340072 9.0484709253443
366.640055528597 9.00770729772086
368.003990878711 8.96854325112112
369.373000196088 8.9296041200778
370.747102356362 8.89040942634695
372.126316305386 8.85139263283351
373.510661059493 8.81278772198105
374.900155705758 8.77451680946694
376.294819402263 8.73679762755144
377.694671378358 8.69846630786564
379.099730934929 8.65959359624751
380.510017444665 8.61972786263638
381.92555035232 8.57819230574056
383.346349174985 8.53480704207107
384.772433502359 8.48998727388813
386.203822997013 8.44388497516106
387.640537394667 8.39651762396094
389.082596504459 8.34924554845566
390.530020209219 8.30232363542277
391.982828465741 8.25455727788332
393.441041305064 8.20560737114762
394.904678832742 8.15587379961684
396.373761229123 8.10792120934341
397.848308749629 8.0616976176877
399.328341725034 8.01823035242734
400.813880561743 7.97721462003661
402.304945742077 7.93766796863096
403.801557824551 7.90007319707887
405.303737444161 7.86365137270307
406.811505312667 7.8278915434097
408.324882218878 7.79336947349408
409.843889028939 7.76069145707345
411.368546686621 7.73003844908684
412.898876213606 7.70209197218577
414.434898709779 7.67554915614809
415.976635353518 7.64897040041457
417.524107401988 7.62237026854683
419.077336191431 7.59518519689302
420.636343137464 7.56741588141637
422.20114973537 7.53945287904094
423.771777560397 7.51127359881976
425.348248268055 7.48328187521117
426.930583594415 7.4555385572572
428.518805356409 7.42801702720467
430.112935452127 7.40066259524678
431.712995861126 7.3728210859754
433.319008644725 7.34411319570173
434.930995946316 7.31457621866091
436.548979991665 7.28439380081306
438.172983089221 7.25414115658698
439.803027630423 7.22418091708485
441.439136090005 7.19462845248965
443.081331026313 7.16532084354209
444.72963508161 7.13622777850794
446.384070982391 7.10733544523438
448.044661539696 7.07943368423116
449.711429649423 7.05228036365251
451.384398292646 7.02535440339139
453.063590535931 6.99874700000833
454.749029531652 6.97175588108917
456.440738518314 6.94394916175773
458.138740820871 6.91575275719019
459.843059851047 6.88768177586236
461.55371910766 6.8607815503995
463.270742176947 6.83577361014072
464.994152732887 6.81207735869844
466.723974537529 6.78875056671287
468.460231441319 6.7652516926272
470.202947383427 6.74143116130783
471.952146392082 6.71758749883808
473.707852584898 6.69348911087186
475.470090169211 6.66889241985691
477.238883442408 6.64403879164872
479.014256792265 6.6190556768978
480.796234697286 6.59418152979446
482.584841727032 6.5694908700509
484.38010254247 6.5447248562992
486.182041896305 6.51970427930905
487.990684633326 6.49483547974649
489.806055690746 6.47025401333033
491.628180098547 6.4459747449193
493.457082979826 6.42213308998233
495.292789551138 6.3984255287578
497.135325122848 6.37473951559562
498.984715099477 6.35093111106726
500.840984980053 6.3271573431884
502.704160358464 6.30341485010593
504.574266923808 6.27966897098893
506.451330460749 6.25595800502798
508.335376849875 6.23236002786282
510.226432068048 6.20865832299079
512.124522188771 6.1847714053742
514.029673382538 6.16072307980154
515.941911917204 6.13670280143222
517.86126415834 6.11323837042748
519.787756569601 6.09048347384612
521.721415713088 6.06813596716891
523.662268249716 6.0459897893705
525.610340939583 6.02366841067823
527.565660642334 6.00118890634592
529.528254317536 5.97879320071888
531.498149025047 5.95618843006779
533.475371925393 5.93319237122095
535.459950280137 5.90960658317952
537.451911452257 5.88587561677987
539.451282906527 5.86213411063419
541.45809220989 5.83810015425512
543.472367031842 5.81408148190055
545.49413514481 5.79043919284152
547.523424424539 5.76737514070524
549.560262850475 5.74457049720833
551.604678506148 5.72190710383342
553.656699579562 5.69960235977337
555.716354363585 5.67712895806391
557.783671256334 5.65454409637199
559.858678761572 5.63174799514119
561.941405489097 5.60891962883857
564.03188015514 5.58603217473635
566.130131582757 5.56320376150222
568.236188702231 5.54043550142535
570.350080551465 5.51764601993808
572.471836276389 5.49496774352785
574.601485131357 5.47216337495377
576.739056479551 5.44920320979646
578.88457979339 5.42613652293747
581.038084654929 5.40312577661864
583.199600756274 5.38041766089048
585.369157899988 5.35808402633196
587.5467859995 5.33600454022359
589.732515079524 5.31387739739271
591.926375276465 5.29172293905715
594.128396838839 5.26957676164377
596.338610127691 5.24741996340818
598.557045617011 5.22534392526724
600.783733894154 5.20328826168061
603.018705660264 5.18152781293013
605.261991730696 5.15995188195822
607.513623035441 5.13799655372103
609.773630619552 5.11582555616245
612.042045643573 5.09391315138467
614.318899383969 5.07227143534994
616.604223233554 5.05040097097
618.898048701927 5.02829430373544
621.200407415909 5.00665971570796
623.51133111997 4.98527165172784
625.830851676678 4.96371669159251
628.159001067128 4.94194884905633
630.49581139139 4.92029932225848
632.841314868951 4.89898103801279
635.195543839153 4.87788068779625
637.558530761648 4.85672427969257
639.930308216838 4.83531036638247
642.310908906328 4.81404689700416
644.700365653376 4.79285775992563
647.098711403346 4.77162583824003
649.505979224161 4.75008346634266
651.922202306761 4.72832469328924
654.347413965559 4.70679329200591
656.781647638899 4.68551947671503
659.224936889521 4.66428594251265
661.677315405021 4.64301531321646
664.138816998315 4.62180165545322
666.609475608108 4.60065001707929
669.089325299358 4.57973791720999
671.578400263749 4.5588896391141
674.076734820163 4.53811300674172
676.584363415148 4.51782359357185
679.101320623398 4.49773881972131
681.627641148229 4.47716222682162
684.163359822055 4.45672679318289
686.708511606871 4.43668019351631
689.263131594734 4.41639559151088
691.827255008246 4.39580309894724
694.400917201039 4.37512177587255
696.984153658268 4.35444956902067
699.576999997092 4.33401986834116
702.179491967171 4.31389484461009
704.791665451156 4.29395358301923
707.413556465187 4.27413429304127
710.045201159385 4.25468034775017
712.686635818355 4.23568398755354
715.337896861682 4.2167529611425
717.999020844436 4.19765617320644
720.670044457676 4.17874526616627
723.351004528956 4.15989548081224
726.041938022828 4.14143080892687
728.74288204136 4.12343152890453
731.453873824642 4.10547150181723
734.174950751298 4.08738882946608
736.906150339008 4.06888660084075
739.647510245018 4.04983147174824
742.399068266665 4.03063855464989
745.160862341893 4.01171893003864
747.932930549781 3.99302620258652
750.715311111065 3.97471560868625
753.508042388666 3.95675906744915
756.311162888217 3.93872972702867
759.124711258597 3.92087163116483
761.948726292463 3.90312745806177
764.783246926784 3.88501345182935
767.628312243377 3.8676475514006
770.483961469448 3.8508266592338
773.350233978131 3.83392421056987
776.227169289033 3.81721069494398
779.114807068777 3.80028867756729
782.01318713155 3.7831334858659
784.92234943965 3.76597174211703
787.842334104041 3.74906713794733
790.773181384902 3.73224217600512
793.714931692182 3.71502192840894
796.667625586163 3.6976402845431
799.63130377801 3.68038143876585
802.606007130343 3.66347033030545
805.591776657789 3.64678847143492
808.588653527558 3.62977272764938
811.596679060002 3.61264443754169
814.615894729193 3.59559017679598
817.646342163485 3.57923900007453
820.688063146098 3.56326787094808
823.741099615688 3.54667657575351
826.805493666926 3.52960555538785
829.881287551079 3.51229309517176
832.968523676594 3.49511160853624
836.06724460968 3.47856172578771
839.177493074898 3.46180771216928
842.299311955746 3.44464590607355
845.432744295255 3.42770573744953
848.577833296579 3.41067974398253
851.734622323592 3.39355562411836
854.903154901485 3.376608514877
858.083474717367 3.35951578163671
861.275625620868 3.34232335238357
864.479651624742 3.32522547930921
867.695596905475 3.30881701556819
870.923505803893 3.29282363787804
874.163422825774 3.27701630567028
877.415392642464 3.26084643910799
880.679460091487 3.24432960790623
883.955670177168 3.22810277448851
887.244068071255 3.21167593977265
890.544699113535 3.19485010003456
893.857608812465 3.1784021663944
897.1828428458 3.16190585705326
900.520447061216 3.14525556424225
903.870467476951 3.12875207146926
907.232950282432 3.11185847277484
910.607941838916 3.09533133548748
913.99548868013 3.07892844560933
917.395637512907 3.06286283710279
920.808435217838 3.04680192058121
924.233928849912 3.02964124595584
927.672165639167 3.0127342460774
931.12319299134 2.99686540522399
934.587058488525 2.9816650340406
938.063809889823 2.96608149200344
941.553495132005 2.9503356096807
945.056162330171 2.93412728414845
948.571859778412 2.91774119769827
952.100635950479 2.90112095292507
955.64253950045 2.88465250927383
959.197619263401 2.86797624752589
962.765924256078 2.85186817929162
966.347503677575 2.8355351882786
969.942406910009 2.81838977899249
973.550683519207 2.80141342039666
977.172383255382 2.78423300215709
980.807556053824 2.76768326804108
984.456252035586 2.75072663354616
988.118521508177 2.73371462117686
991.794414966255 2.71698054194817
995.483983092322 2.7008541751411
999.187276757423 2.68514814879261
1002.90434702185 2.66910891454141
1006.63524513584 2.6529019259216
1010.3800225403 2.63637535107181
1014.13873086747 2.62019039078325
1017.9114219417 2.6036029566213
1021.69814778013 2.58764541700868
1025.49896059337 2.57205341223148
1029.31391278631 2.55542372465551
1033.14305695876 2.53906444763635
1036.98644590621 2.5228481473358
1040.84413262056 2.50650995025051
1044.71617029083 2.49024660240136
1048.60261230394 2.4743015381565
1052.50351224539 2.45760905692961
1056.41892390001 2.441293328655
1060.34890125276 2.42538275867727
1064.29349848938 2.4101718221163
1068.25276999721 2.39458551883985
1072.22677036593 2.37858119287482
1076.21555438826 2.36231693550547
1080.21917706079 2.34654665783927
1084.23769358469 2.3313519041353
1088.27115936647 2.31514365177125
1092.31963001878 2.29828908383511
1096.38316136114 2.28081329163997
1100.46180942073 2.26386206515691
1104.55563043316 2.24794973069174
1108.66468084322 2.23167153911669
1112.7890173057 2.21487087505899
1116.92869668616 2.19933896633511
1121.08377606168 2.1843572667021
1125.25431272169 2.16832216601107
1129.44036416873 2.15184784956294
1133.64198811927 2.13492385635463
1137.85924250447 2.11866573530662
1142.09218547102 2.10273805694138
1146.34087538191 2.08662131142014
1150.60537081725 2.07027472970962
1154.88573057506 2.05254702600217
1159.18201367212 2.03617641869156
1163.49427934474 2.02080815859803
1167.8225870496 2.00489871244092
1172.16699646455 1.98800216342716
1176.52756748948 1.97006531985442
1180.90436024707 1.95258664640588
1185.2974350837 1.93485649808709
1189.70685257023 1.91767285432448
1194.13267350285 1.90171629321349
1198.5749589039 1.88594135677366
1203.03377002276 1.8689904669762
1207.50916833664 1.85212988663073
1212.00121555147 1.83510984938571
1216.50997360271 1.81894625252442
1221.03550465623 1.802326267659
1225.57787110919 1.78583983138877
1230.13713559085 1.76898365364314
1234.71336096344 1.75208587107051
1239.30661032308 1.73562585225224
1243.9169470006 1.71908096763779
1248.54443456241 1.70179700496098
1253.18913681141 1.68478994674649
1257.85111778785 1.66728695221355
1262.53044177021 1.65023465065139
1267.22717327611 1.63322985016552
1271.94137706315 1.61597059902129
1276.67311812987 1.59800819414103
1281.42246171659 1.58090957551834
1286.18947330632 1.56353323213202
1290.97421862569 1.54602369688445
1295.77676364585 1.52865077103529
1300.59717458334 1.51133999814803
1305.43551790105 1.49386189894355
1310.29186030912 1.47707131909586
1315.16626876584 1.46059664859912
1320.05881047861 1.44321081824492
1324.96955290485 1.42567116531954
1329.8985637529 1.40754197559369
1334.84591098301 1.39020241078751
1339.81166280824 1.37306076364114
1344.79588769541 1.35613886181932
1349.79865436604 1.33913236513619
1354.82003179729 1.32116247362656
1359.86008922295 1.30413991387583
1364.91889613434 1.28655558005702
1369.9965222813 1.26931544526095
1375.09303767316 1.25232379901064
1380.20851257966 1.23533016976334
1385.343017532 1.21845805660119
1390.49662332371 1.19959865396749
1395.6694010117 1.18268738888461
1400.86142191724 1.16589531490512
1406.07275762689 1.14775441794067
1411.30347999353 1.12975032651018
1416.55366113734 1.11209147006275
1421.82337344679 1.09469136728113
1427.11268957965 1.07832914356497
1432.42168246399 1.06075686773354
1437.75042529915 1.04290072786447
1443.09899155681 1.02554895911477
1448.46745498195 1.00810679653503
1453.85588959391 0.991166885502886
1459.26436968736 0.973086234183851
1464.69296983337 0.955210047158914
1470.14176488043 0.937306160695436
1475.61082995546 0.920867711169553
1481.10024046487 0.904515377808501
1486.61007209556 0.886635179505137
1492.14040081604 0.870344457144166
1497.69130287738 0.853000523598691
1503.26285481435 0.835849106470592
1508.85513344643 0.818095949701827
1514.46821587884 0.80142291070159
1520.10217950369 0.783492665289498
1525.75710200096 0.76730738733836
1531.43306133963 0.748450127551097
1537.1301357787 0.730881542919964
1542.84840386835 0.712223897793126
1548.58794445092 0.693655327566879
1554.34883666208 0.6762091543259
1560.1311599319 0.657711581659809
1565.93499398592 0.641010118116378
1571.76041884628 0.624181495820282
1577.60751483278 0.606155723509794
1583.47636256406 0.589517823802202
1589.36704295864 0.572597448878902
1595.27963723608 0.554804581563876
1601.21422691806 0.538079041591071
1607.17089382956 0.521264089216442
1613.14972009994 0.50341367772278
1619.15078816409 0.486069347885402
1625.17418076356 0.468230019399077
1631.21998094772 0.451419384114193
1637.28827207488 0.434287830721316
1643.37913781346 0.417388921043524
1649.49266214312 0.39908854267925
1655.62892935595 0.380962575115136
1661.7880240576 0.363686510811652
1667.97003116847 0.346260469850826
1674.17503592487 0.32913470842701
1680.40312388019 0.311167997970241
1686.6543809061 0.293349195465569
1692.9288931937 0.275649585391423
1699.22674725475 0.257810045302372
1705.54802992284 0.241151861776329
1711.89282835457 0.223540870188403
1718.26123003079 0.20574332895852
1724.65332275779 0.188363768771115
1731.06919466848 0.170450979329456
1737.50893422366 0.153378814062296
1743.9726302132 0.13661416655039
1750.46037175728 0.119946730172789
1756.97224830763 0.102148169881045
1763.50834964871 0.0844005788726718
1770.06876589903 0.0673664229770777
1776.65358751231 0.0506461642159917
1783.26290527881 0.032726164260782
1789.8968103265 0.0152300156634471
1796.55539412237 -0.0022059924385423
1803.23874847367 -0.019655029361858
1809.94696552921 -0.0386256225472235
1816.68013778055 -0.0568795479709173
1823.43835806337 -0.0752729636754738
1830.22171955869 -0.0917204631621032
1837.03031579418 -0.109723997008547
1843.86424064544 -0.127224684584246
1850.72358833728 -0.144164556900959
1857.60845344505 -0.162877773320026
1864.51893089594 -0.180326738866304
1871.45511597026 -0.196776896886256
1878.41710430278 -0.21596116069697
1885.40499188403 -0.233303975765667
1892.41887506164 -0.252034257076589
1899.45885054167 -0.269576550075479
1906.52501538993 -0.288307046855924
1913.61746703332 -0.30494449147078
1920.73630326118 -0.324107907960102
1927.88162222663 -0.341495143492436
1935.05352244795 -0.359517919363154
1942.25210280989 -0.377133517926994
1949.47746256507 -0.392561631153814
1956.72970133535 -0.409406163628964
1964.00891911318 -0.425571879606861
1971.315216263 -0.444510144005473
1978.6486935226 -0.461557625442351
1986.00945200454 -0.479192947524809
1993.39759319752 -0.496630217797334
2000.8132189678 -0.515512670654578
2008.25643156057 -0.533072560559061
2015.7273336014 -0.55147054837357
2023.22602809763 -0.568860304885687
2030.75261843979 -0.587142360287933
2038.30720840305 -0.605143147780462
2045.88990214862 -0.622734508406342
2053.50080422521 -0.639681206058168
2061.14001957043 -0.657183736877856
2068.80765351232 -0.675038951919379
2076.5038117707 -0.691485561069261
2084.22860045872 -0.708474990820993
2091.98212608424 -0.724524510479452
2099.76449555137 -0.740591302648884
2107.57581616189 -0.757153930565935
2115.41619561679 -0.774003368102758
2123.28574201767 -0.792089847656843
2131.18456386831 -0.808795498118674
2139.11277007613 -0.824617280659083
2147.07046995368 -0.841371234875343
2155.05777322019 -0.858611036262192
2163.07479000302 -0.874912198446507
2171.12163083925 -0.891843238132414
2179.19840667714 -0.908031423484859
2187.30522887772 -0.924752168113008
2195.44220921625 -0.941809912223905
2203.60945988384 -0.957847195679498
2211.80709348895 -0.976789988844501
2220.03522305895 -0.992963155204475
2228.29396204169 -1.01013521169045
2236.58342430704 -1.02887661946407
2244.90372414851 -1.04579431561525
2253.25497628476 -1.06246348884186
2261.63729586123 -1.08084029880316
2270.0507984517 -1.09861591655868
2278.49560005991 -1.11418758827339
2286.97181712113 -1.13026229209822
2295.4795665038 -1.14655558690456
2304.0189655111 -1.16526980145909
2312.59013188261 -1.18084797220694
2321.19318379588 -1.19821707060215
2329.82823986813 -1.21776175022593
2338.49541915782 -1.23535907066366
2347.19484116633 -1.25295511444219
2355.9266258396 -1.27114137429345
2364.69089356977 -1.28696079626695
2373.48776519685 -1.30561047876073
2382.3173620104 -1.32377429505484
2391.17980575117 -1.34160803547817
2400.07521861281 -1.35860817465816
2409.00372324354 -1.3769740984998
2417.96544274784 -1.39334343156234
2426.96050068814 -1.41129277964879
2435.98902108656 -1.43011344990381
2445.05112842657 -1.44854912198459
2454.14694765475 -1.46696347906546
2463.27660418247 -1.48536692612093
2472.44022388765 -1.5036018668847
2481.63793311651 -1.5221376291605
2490.86985868525 -1.54159566718923
2500.13612788187 -1.56056037449934
2509.43686846789 -1.58093353019157
2518.7722086801 -1.59919725263575
2528.14227723234 -1.61628617445984
2537.54720331731 -1.63536899864922
2546.98711660828 -1.65491793163414
2556.46214726094 -1.67101929715951
2565.97242591516 -1.68866386746993
2575.51808369681 -1.70741919395958
2585.09925221956 -1.7278459051331
2594.7160635867 -1.74810957726403
2604.36865039294 -1.76709472750104
2614.05714572626 -1.78729918690741
2623.78168316975 -1.80502619252362
2633.54239680345 -1.82502812915379
2643.33942120615 -1.84515775303123
2653.17289145733 -1.86452921480894
2663.04294313896 -1.88477010252886
2672.94971233738 -1.90418590166666
2682.89333564519 -1.92385476170276
2692.87395016314 -1.94490405393294
2702.89169350199 -1.9649524033011
2712.94670378444 -1.98382089665142
2723.03911964699 -2.00425779398568
2733.16908024193 -2.0246050552432
2743.33672523916 -2.04474436225289
2753.54219482819 -2.06483379792981
2763.78562972005 -2.08561274390625
2774.06717114922 -2.10801345155099
2784.38696087559 -2.127061124904
2794.74514118641 -2.14853816171378
2805.14185489824 -2.16975809888805
2815.57724535896 -2.18952722462995
2826.05145644968 -2.21000827111368
2836.56463258679 -2.22985565395512
2847.11691872391 -2.2487830674661
2857.7084603539 -2.26839488099707
2868.33940351088 -2.28843245060493
2879.00989477221 -2.30858661906715
2889.72008126055 -2.32834740907642
2900.47011064586 -2.34804563538132
2911.26013114745 -2.36995814829682
2922.09029153602 -2.38994352511184
2932.9607411357 -2.40702398804911
2943.87162982615 -2.4255658125572
2954.82310804455 -2.44682498051755
2965.81532678776 -2.46592336929352
2976.84843761435 -2.48866233088091
2987.9225926467 -2.50853512024808
2999.0379445731 -2.52824397641638
3010.19464664985 -2.54951131419166
3021.39285270338 -2.56965309198872
3032.63271713238 -2.59094959342769
3043.91439490991 -2.61332576759215
3055.23804158553 -2.63531614140637
3066.60381328749 -2.65535673661703
3078.01186672482 -2.67472417748098
3089.46235918954 -2.69535819874657
3100.95544855881 -2.71602728670225
3112.4912932971 -2.73891082748884
3124.07005245839 -2.76030227589938
3135.69188568836 -2.78054426563257
3147.35695322657 -2.80131200540849
3159.0654159087 -2.82253405939175
3170.81743516875 -2.84421907080857
3182.61317304128 -2.86703613369565
3194.45279216361 -2.8869024221736
3206.3364557781 -2.90714817921035
3218.26432773439 -2.9295423980267
3230.23657249166 -2.95091819801639
3242.25335512088 -2.97132433729076
3254.3148413071 -2.99200136222636
3266.42119735174 -3.0127194874654
3278.57259017489 -3.03368700922201
3290.76918731757 -3.05381186262257
3303.01115694409 -3.07827410338375
3315.29866784434 -3.1012088321129
3327.63188943612 -3.12253604322136
3340.01099176749 -3.14545584647146
3352.43614551909 -3.16648192505383
3364.90752200653 -3.18810805996166
3377.42529318271 -3.21065640489035
3389.98963164021 -3.23381545943961
3402.60071061369 -3.25673796914089
3415.25870398225 -3.27962478541718
3427.96378627182 -3.30460890146449
3440.71613265761 -3.32763421944065
3453.51591896648 -3.3507297870192
3466.36332167938 -3.37212116930767
3479.25851793381 -3.39556879867423
3492.20168552621 -3.41782454817981
3505.19300291445 -3.43899541704769
3518.23264922029 -3.46084162764501
3531.32080423182 -3.48385573044639
3544.45764840598 -3.507080589978
3557.64336287101 -3.53176198088188
3570.87812942896 -3.55604759667299
3584.16213055823 -3.57863334507992
3597.49554941602 -3.60167136062008
3610.87856984091 -3.62493928155902
3624.31137635539 -3.64996951278354
3637.79415416837 -3.67401426710125
3651.32708917776 -3.69915188292616
3664.91036797302 -3.72213525065472
3678.54417783777 -3.74748466243404
3692.2287067523 -3.77349366621365
3705.96414339624 -3.79971938947593
3719.75067715111 -3.82367577503137
3733.58849810294 -3.84980148478447
3747.47779704492 -3.87106587698734
3761.41876547999 -3.89314329101311
3775.4115956235 -3.91789837154262
3789.45648040586 -3.94151271810991
3803.55361347522 -3.96741634613115
3817.70318920008 -3.9921687691027
3831.90540267205 -4.01517038843375
3846.16044970847 -4.03943118298798
3860.46852685515 -4.06487516086096
3874.82983138907 -4.08875464962327
3889.24456132109 -4.11377608987178
3903.7129153987 -4.13962320823204
3918.23509310874 -4.16484210394388
3932.81129468018 -4.18815281724701
3947.44172108682 -4.21395217642377
3962.12657405015 -4.23715465140111
3976.86605604205 -4.25973429969316
3991.66037028761 -4.2838830457416
4006.50972076797 -4.30765144810877
4021.41431222307 -4.33417464248068
4036.37435015451 -4.35946429987896
4051.39004082838 -4.38330110614731
4066.46159127809 -4.40847622157073
4081.58920930724 -4.43593136425481
4096.77310349248 -4.4604494702666
4112.01348318638 -4.48525016653852
4127.31055852032 -4.51186897493167
4142.6645404074 -4.53980396294185
4158.07564054532 -4.56469052051709
4173.54407141932 -4.58948538075295
4189.07004630512 -4.61557421455897
4204.65377927183 -4.63879247119522
4220.29548518492 -4.6638346894749
4235.99537970918 -4.68840468427258
4251.7536793117 -4.7142635443075
4267.57060126484 -4.73727960217953
4283.44636364922 -4.76173698330128
4299.38118535678 -4.78593801690398
4315.37528609372 -4.80884618464011
4331.42888638358 -4.8345468351035
4347.54220757028 -4.85921514013998
4363.71547182114 -4.88600466087543
4379.94890212999 -4.91068675302279
4396.24272232018 -4.93532951452572
4412.59715704774 -4.96243284326289
4429.01243180443 -4.98739276669437
4445.48877292084 -5.01235390237375
4462.02640756957 -5.03806215387286
4478.62556376828 -5.06195366309786
4495.28647038291 -5.08805537498431
4512.0093571308 -5.11673605794246
4528.79445458383 -5.14250758549408
4545.64199417167 -5.16845974517176
4562.5522081849 -5.19294447188499
4579.52532977826 -5.22143830594012
4596.56159297383 -5.24613629533724
4613.6612326643 -5.27235808043863
4630.82448461615 -5.29633729435717
4648.05158547297 -5.32169745871233
4665.34277275865 -5.34750985998091
4682.69828488072 -5.37174136102259
4700.11836113359 -5.39868719694437
4717.60324170188 -5.4262389064513
4735.15316766371 -5.4564440012223
4752.76838099403 -5.48298618896371
4770.44912456798 -5.50762449515948
4788.1956421642 -5.53392243765845
4806.00817846821 -5.55987483356768
4823.88697907579 -5.58615555695944
4841.83229049635 -5.61035745306887
4859.84436015636 -5.63533753879411
4877.92343640271 -5.66288389248072
4896.06976850618 -5.68800775458164
4914.28360666486 -5.71135796193623
4932.5652020076 -5.73443956292716
4950.91480659747 -5.76077952456156
4969.33267343524 -5.78321385245776
4987.81905646287 -5.81163340240171
5006.374210567 -5.83756470688222
5024.99839158248 -5.86125737079257
5043.69185629588 -5.88855451732933
5062.45486244905 -5.91423911189536
5081.28766874266 -5.93950900953881
5100.19053483977 -5.96461548813696
5119.16372136941 -5.99039430233226
5138.20748993018 -6.0145353896389
5157.32210309384 -6.04123712765523
5176.50782440896 -6.06636239583922
5195.76491840452 -6.0903432039798
5215.09365059358 -6.1150468511831
5234.49428747691 -6.13903781031107
5253.96709654673 -6.1656691837556
5273.51234629033 -6.1910674189204
5293.1303061938 -6.21920957809353
5312.82124674575 -6.24663537818169
5332.58543944101 -6.27238987604579
5352.42315678444 -6.29648758627004
5372.3346722946 -6.32342365820015
5392.32026050759 -6.35066073020813
5412.38019698081 -6.37709690079095
5432.51475829674 -6.4019738460646
5452.72422206679 -6.42431987010673
5473.00886693511 -6.44958457541256
5493.36897258242 -6.47341422476771
5513.80481972988 -6.49896494196604
5534.31669014299 -6.52303194904718
5554.9048666354 -6.54813394824412
5575.56963307287 -6.57297969766983
5596.31127437719 -6.59590412667727
5617.13007653004 -6.61790153754909
5638.02632657703 -6.6407622847556
5659.00031263156 -6.6667249416665
5680.05232387887 -6.68940934811251
5701.18265057998 -6.71439031726853
5722.39158407572 -6.73937223285855
5743.67941679072 -6.76356862508114
5765.04644223748 -6.78550107068496
5786.49295502037 -6.81149648170812
5808.01925083973 -6.83700823163231
5829.62562649593 -6.86109988484229
5851.31237989346 -6.88691649470709
5873.07981004505 -6.91003728507263
5894.92821707578 -6.93423795083092
5916.85790222723 -6.9551463051679
5938.86916786162 -6.97816755868884
5960.96231746598 -6.99825851365566
5983.13765565636 -7.02320952730121
6005.395488182 -7.04813573550315
6027.73612192954 -7.07238318039847
6050.1598649273 -7.09719249963858
6072.66702634946 -7.12139562317722
6095.25791652038 -7.14466677625921
6117.93284691885 -7.16740536167214
6140.69213018238 -7.19046474074007
6163.53608011154 -7.21408647819851
6186.46501167426 -7.24171847850728
6209.47924101016 -7.26719972912073
6232.57908543496 -7.28789566505146
6255.7648634448 -7.31487674960383
6279.03689472068 -7.33575038765875
6302.39550013281 -7.36141537777762
6325.84100174511 -7.38804978277686
6349.37372281957 -7.41138807000447
6372.99398782075 -7.43018567345034
6396.70212242028 -7.45548722356736
6420.49845350128 -7.48295011650958
6444.38330916293 -7.50776816142494
6468.35701872496 -7.52855403926629
6492.4199127322 -7.55015372410813
6516.57232295915 -7.57391649641593
6540.81458241452 -7.59973445247126
6565.14702534586 -7.62718635594993
6589.56998724415 -7.6538263894742
6614.08380484842 -7.6767523997043
6638.68881615042 -7.69849334954086
6663.38536039924 -7.72168742076885
6688.17377810601 -7.74582142737448
6713.05441104861 -7.77158043366232
6738.02760227635 -7.79680896479852
6763.09369611472 -7.82058376932846
6788.25303817014 -7.84208976064411
6813.5059753347 -7.86709748042649
6838.85285579099 -7.88949331412517
6864.29402901684 -7.915599898989
6889.82984579019 -7.93873956646802
6915.4606581939 -7.96570895111687
6941.18681962062 -7.9925592328632
6967.00868477764 -8.01720800000273
6992.92660969181 -8.03852164508126
7018.94095171442 -8.06336882969098
7045.05206952614 -8.08838350578194
7071.26032314197 -8.11139589575167
7097.56607391621 -8.13410292695523
7123.96968454742 -8.15194985416083
7150.47151908342 -8.1716431380189
7177.07194292636 -8.18942556879082
7203.77132283768 -8.20557584546151
7230.57002694323 -8.22705189152913
7257.46842473831 -8.24779234837199
7284.46688709279 -8.26505284960554
7311.5657862562 -8.28130141958434
7338.76549586288 -8.30090036641134
7366.06639093713 -8.31493758369398
7393.46884789835 -8.332500527922
7420.97324456628 -8.35217482431381
7448.57996016619 -8.37019054358699
7476.28937533407 -8.38831413259135
7504.10187212195 -8.40556419756267
7532.0178340031 -8.42110811668499
7560.03764587737 -8.44112684819649
7588.16169407645 -8.4555473683079
7616.39036636925 -8.46926990430844
7644.72405196718 -8.48796458460153
7673.16314152958 -8.50639346887785
7701.70802716907 -8.52497769695232
7730.35910245697 -8.54408278704072
7759.11676242871 -8.56343367988983
7787.98140358931 -8.57835386030914
7816.95342391881 -8.5937107991655
7846.03322287777 -8.61304951839828
7875.22120141279 -8.62965298268055
7904.51776196203 -8.64628324529048
7933.92330846076 -8.66154192252714
7963.4382463469 -8.67793356531489
7993.06298256668 -8.69490909249567
8022.79792558017 -8.71452145790494
8052.64348536698 -8.734574271443
8082.60007343185 -8.75018976858491
8112.66810281039 -8.76678857392261
8142.84798807473 -8.78729428171019
8173.14014533922 -8.80946732100498
8203.54499226624 -8.82823565469841
8234.06294807188 -8.84055917096097
8264.69443353176 -8.85183338757659
8295.43987098684 -8.86569141371337
8326.29968434921 -8.88255112761452
8357.27429910795 -8.90126030667084
8388.36414233502 -8.91586679765419
8419.56964269112 -8.92893997139884
8450.89123043159 -8.94443779735793
8482.32933741237 -8.95701416377119
8513.88439709597 -8.96768557506343
8545.55684455738 -8.98123559995547
8577.34711649014 -8.99614263561747
8609.25565121232 -9.01424205438442
8641.28288867257 -9.02803407504252
8673.42927045619 -9.04549289983695
8705.69523979124 -9.05543801931826
8738.0812415546 -9.06538399623257
8770.58772227814 -9.08016006460977
8803.2151301549 -9.09380732152255
8835.96391504519 -9.10534193646062
8868.83452848289 -9.12258030188727
8901.82742368161 -9.13395701621067
8934.94305554094 -9.14681041390569
8968.18188065276 -9.16031943453952
9001.54435730751 -9.17505760667761
9035.03094550052 -9.19091687113199
9068.64210693833 -9.20501689254574
9102.37830504507 -9.21967044950666
9136.24000496888 -9.23351850682007
9170.22767358826 -9.24627977117232
9204.34177951857 -9.26012038481699
9238.58279311844 -9.27345362901783
9272.9511864963 -9.29001331965715
9307.44743351684 -9.30499942828137
9342.07200980759 -9.32080447939104
9376.82539276547 -9.33461388484518
9411.70806156333 -9.34956648938748
9446.72049715662 -9.36889732454228
9481.86318228997 -9.38207241169898
9517.13660150386 -9.39555545148234
9552.54124114133 -9.41052541982333
9588.07758935464 -9.42591775118692
9623.74613611202 -9.43607236308069
9659.54737320446 -9.44748767887287
9695.48179425241 -9.46190081809794
9731.54989471268 -9.47294429783211
9767.75217188519 -9.48827275105571
9804.08912491989 -9.50222025493442
9840.5612548236 -9.51650418271498
9877.16906446693 -9.52735809811348
9913.91305859123 -9.54059313744608
9950.79374381551 -9.55412761936798
9987.81162864349 -9.56702235866187
10024.9672234705 -9.57937920443806
10062.2610405907 -9.59008707901511
10099.6935942039 -9.60787490527597
10137.265400423 -9.61346050744671
10174.9769772805 -9.62370412567752
10212.8288447364 -9.63910473883979
10250.8215246849 -9.64951901610523
10288.9555409616 -9.6575042078181
10327.231419351 -9.66791247616876
10365.6496875932 -9.67984398067627
10404.210875392 -9.69083212039646
10442.9155144215 -9.69777121460902
10481.7641383337 -9.70937261910715
10520.7572827658 -9.71760475329334
10559.8954853477 -9.7277593554493
10599.1792857094 -9.7332820328528
10638.6092254881 -9.73751352615997
10678.1858483363 -9.74012384706222
10717.9096999286 -9.7530506559189
10757.7813279699 -9.76368142335301
10797.8012822023 -9.76962940789787
10837.9701144131 -9.76984599773558
10878.2883784424 -9.77349948974905
10918.7566301905 -9.77362632687098
10959.3754276259 -9.78031833918084
11000.1453307925 -9.78783508857812
11041.0669018179 -9.78906248560017
11082.1407049206 -9.79414082799274
11123.3673064183 -9.80045222668256
11164.7472747353 -9.79848005658767
11206.2811804106 -9.80308627311942
11247.9695961055 -9.81091878351828
11289.8130966117 -9.81317518096544
11331.8122588594 -9.818736044486
11373.9676619248 -9.82400892772802
11416.2798870383 -9.82480906710856
11458.7495175926 -9.82629678946786
11501.3771391508 -9.82945059492059
11544.1633394541 -9.82660865792152
11587.1087084304 -9.82662298948096
11630.213838202 -9.83030509701591
11673.4793230941 -9.83329771781789
11716.9057596427 -9.83779240243894
11760.4937466031 -9.83831977368395
11804.2438849579 -9.84602637564054
11848.1567779254 -9.84486485712108
11892.2330309682 -9.84269239326171
11936.473251801 -9.84306716596759
11980.8780503993 -9.84888840821962
12025.4480390078 -9.85294340195907
12070.1838321489 -9.85911468277076
12115.0860466309 -9.86585618209234
12160.1553015568 -9.87057113596682
12205.3922183327 -9.86975575140723
12250.7974206764 -9.87367626291261
12296.371534626 -9.87099079276105
12342.1151885484 -9.87509059496044
12388.0290131483 -9.87169744677157
12434.1136414765 -9.87266155902814
12480.3697089389 -9.86861804709582
12526.7978533051 -9.8725738526028
12573.3987147173 -9.87427523919632
12620.1729356991 -9.87961006424473
12667.1211611643 -9.88105773308505
12714.244038426 -9.87675095536804
12761.5422172051 -9.87841416866645
12809.0163496398 -9.88149164477135
12856.667090294 -9.8745145846608
12904.495096167 -9.87689304247467
12952.5010267019 -9.87909507718954
13000.6855437952 -9.87878322603308
13049.0493118056 -9.87764548607069
13097.5929975632 -9.87699605509795
13146.317270379 -9.88019751765059
13195.2228020538 -9.88312054144705
13244.3102668874 -9.8846807391032
13293.5803416882 -9.88104537580674
13343.0337057825 -9.8874720912378
13392.6710410235 -9.88680079820231
13442.4930318013 -9.89803501967056
13492.5003650516 -9.9025135276962
13542.6937302658 -9.90576173220557
13593.0738195003 -9.90758608328657
13643.6413273859 -9.90924834305474
13694.3969511376 -9.90907197358222
13745.3413905639 -9.91465850197461
13796.4753480769 -9.91265870069179
13847.7995287016 -9.909917846132
13899.3146400859 -9.9126901580536
13951.02139251 -9.91141891704929
14002.9204988965 -9.90933038409059
14055.0126748202 -9.90506744552153
14107.2986385179 -9.91034696575339
14159.7791108982 -9.90286352897274
14212.4548155516 -9.90159798298115
14265.3264787606 -9.89396092083975
14318.3948295092 -9.88845157414641
14371.6605994936 -9.88807963002934
14425.1245231318 -9.88648797498577
14478.7873375739 -9.87874318678671
14532.6497827125 -9.88229942240991
14586.7126011923 -9.88218116823445
14640.9765384209 -9.87405300500393
14695.442342579 -9.86943436009488
14750.1107646304 -9.8592881860259
14804.9825583328 -9.85536191582213
14860.0584802475 -9.84623529404215
14915.3392897509 -9.84248542566631
14970.8257490437 -9.84219837407061
15026.5186231627 -9.83866594861598
15082.4186799901 -9.82758145815319
15138.5266902652 -9.82195082603247
15194.8434275942 -9.80691060077516
15251.3696684613 -9.79593381042577
15308.1061922393 -9.78959753950186
15365.0537812003 -9.78113745928395
15422.2132205266 -9.77533431404338
15479.5852983214 -9.76766675839393
15537.1708056196 -9.7577314536674
15594.9705363991 -9.75170709437166
15652.9852875913 -9.74602318435645
15711.2158590922 -9.74461840918568
15769.6630537736 -9.73461914611746
15828.327677494 -9.72135363188827
15887.2105391099 -9.70341789914008
15946.3124504865 -9.69428635407139
16005.6342265097 -9.66816038862244
16065.1766850963 -9.6613788687402
16124.9406472063 -9.64684674995036
16184.9269368535 -9.64098640214517
16245.1363811172 -9.62741859400868
16305.5698101534 -9.61448566340552
16366.2280572065 -9.60462196161272
16427.1119586206 -9.59749970527676
16488.2223538509 -9.58374888536231
16549.5600854758 -9.57631212096192
16611.1259992079 -9.56143402221248
16672.9209439061 -9.54790994002892
16734.9457715869 -9.5394705600672
16797.2013374366 -9.52423760956094
16859.6884998228 -9.51550115537479
16922.4081203063 -9.50349046382833
16985.3610636531 -9.49167542643626
17048.5481978459 -9.47595135131703
17111.9703940967 -9.46321112153255
17175.6285268585 -9.45518116959442
17239.523473837 -9.44688987096393
17303.6561160034 -9.43569376419413
17368.027337606 -9.42807483745681
17432.6380261827 -9.41695701245118
17497.489072573 -9.4096688431632
17562.5813709306 -9.40316111478345
17627.9158187353 -9.39393237028924
17693.4933168058 -9.38912016226994
17759.3147693119 -9.37696075694608
17825.3810837868 -9.37749288773957
17891.6931711401 -9.37250138743372
17958.2519456698 -9.36925029790986
18025.0583250755 -9.36468889160156
18092.1132304703 -9.3610572842392
18159.4175863943 -9.35211282079981
18226.9723208268 -9.34927369571115
18294.7783651994 -9.34262570915719
18362.8366544084 -9.33685873391802
18431.1481268284 -9.3353872365992
18499.7137243246 -9.33108805331169
18568.5343922661 -9.33003426765791
18637.6110795389 -9.32379629468499
18706.9447385587 -9.31944373866117
18776.5363252847 -9.31702616549384
18846.3867992321 -9.30660724301099
18916.4971234854 -9.30366138516209
18986.8682647123 -9.29874044810075
19057.5011931763 -9.29095371979286
19128.3968827505 -9.2923946310331
19199.5563109307 -9.2911415158049
19270.9804588494 -9.2844400415156
19342.6703112886 -9.2838868579594
19414.6268566943 -9.27438355763387
19486.851087189 -9.27197744042692
19559.3439985865 -9.26569938679906
19632.1065904049 -9.2657585137299
19705.1398658807 -9.26346209047579
19778.4448319822 -9.25494867173066
19852.0224994243 -9.24870498973411
19925.8738826813 -9.25198554992676
20000.0000000017 -9.25198554992676
