8 0
10.1496361538807 6
10.3398339929981 6
10.5335960207679 6
10.7309890278581 6
10.9320810565522 6
11.1369414242037 6
11.3456407471298 6
11.5582509649534 6
11.774845365401 6
11.9954986095653 6
12.2202867576412 6
12.4492872951442 6
12.6825791596199 6
12.9202427678541 6
13.162360043593 6
13.4090144457825 6
13.6602909973373 6
13.9162763144479 6
14.1770586364386 6
14.442727856183 6
14.7133755510915 6
14.9890950146774 6
15.2699812887167 6
15.5561311960084 6
15.8476433737505 6
16.1446183075405 6
16.447158366013 6
16.7553678361271 6
17.069352959114 6
17.3892219670996 6
17.7150851204118 6
18.0470547455885 6
18.3852452740965 6
18.7297732817769 6
19.0807575290291 6
19.4383190017482 6
19.8025809530295 6
20.1736689456542 6
20.5517108953714 6
20.9368371149918 6
21.3291803593062 6
21.7288758708478 6
22.1360614265099 6
22.5508773850389 6
22.9734667354164 5.87789397669351
23.4039751461482 5.54659898144634
23.8425510154766 5.22238158651508
24.2893455225345 4.90537145458819
24.7445126794573 4.59588525888124
25.2082093844715 4.29404380778705
25.6805954759781 4.00088661319991
26.1618337876502 3.7300505715109
26.6520902045621 3.48375430280665
27.1515337203705 3.2614390040115
27.6603364955679 3.06329242236433
28.1786739168268 2.89038833964863
28.7067246574561 2.74637609675098
29.2446707389912 2.6358723987344
29.7926975939372 2.56175575487839
30.3509941296883 2.52079507089491
30.9197527936455 2.51433280127275
31.4991696395536 2.54364899768693
32.0894443950822 2.61124644436165
32.6907805306726 2.7175714524762
33.3033853296751 2.84122092927354
33.9274699598002 2.9814739662629
34.5632495459097 3.1426328854916
35.2109432441705 3.3270154104928
35.8707743175993 3.54338543825127
36.5429702130224 3.79302807521458
37.2277626394773 4.06066410720708
37.9253876480839 4.33484051508535
38.6360857134129 4.61594850577923
39.3601018163781 4.90395795093304
40.0976855286824 5.18675161265097
40.8490910988465 5.43364782657519
41.6145775398498 5.62690332202046
42.3944087184125 5.77216822819771
43.1888534459529 5.89280788338457
43.9981855712467 5.98970248011345
44.822684074825 6
45.6626331651395 6
46.5183223765307 6
47.3900466690317 6
48.2781065300423 6
49.1828080779086 5.98792517064106
50.1044631674429 5.92439680333354
51.043389497422 5.83165990428809
51.9999107200992 5.70378909726575
52.9743565527689 5.55152946872586
53.9670628914213 5.37706402501023
54.9783719265278 5.16438827776821
56.0086322609952 4.89803282784079
57.0581990303312 4.596779915082
58.1274340250607 4.27056420618424
59.2167058154372 3.90959952145953
60.3263898784903 3.49896972620334
61.4568687274545 3.00060606758667
62.6085320436233 2.38277896649922
63.7817768106743 1.70897157877646
64.9770074515108 1.06303158759726
66.1946359676689 0.45643021216473
67.4350820813359 -0.113404662081023
68.6987733800307 -0.680838517814791
69.9861454639949 -1.27142326456868
71.2976420963466 -1.87883181716511
72.6337153560475 -2.46837378546635
73.9948257937363 -3.05318871004848
75.3814425904831 -3.62827124985094
76.7940437195179 -4.1927045867038
78.2331161109905 -4.73918509011732
79.6991558198174 -5.25973167731794
81.192668196674 -5.76942040124559
82.714168062192 -6.24725852991923
84.2641798844197 -6.6600840560387
85.8432379596091 -7.08060437347331
87.4518865963899 -7.46566115152323
89.0906803033954 -7.76799203706786
90.7601839804045 -7.98125740905589
92.4609731130645 -8.09689427895299
94.1936339712644 -8.09357580298615
95.9587638112245 -8.05283305992567
97.7569710813735 -8.00583773102853
99.5888756320832 -7.91496187346468
101.455108929334 -7.78086225016546
103.356314272386 -7.6352013675527
105.293147015521 -7.49530995414194
107.266274793956 -7.36013418893585
109.27637775397 -7.3011757447173
111.324148787363 -7.25618868984822
113.410293770289 -7.13620772937256
115.535531806584 -6.97990909548978
117.700595475639 -6.86665402927569
119.906231084925 -6.76687853939023
