10 14.4077978134155
10.0372009367102 14.4153079940644
10.0745402643896 14.3962372355467
10.1120184978655 14.3553706166047
10.1496361538807 14.3143950756117
10.1873937510998 14.2735647607747
10.2252918101175 14.233515203148
10.2633308534646 14.1933723106476
10.3015114056161 14.1531413992115
10.3398339929981 14.1134903321468
10.3782991439948 14.0738454670164
10.4169073889563 14.0341271559411
10.4556592602056 13.9949537622795
10.4945552920458 13.9562007799507
10.5335960207679 13.9173803508621
10.5727819846578 13.8787313204473
10.6121137240039 13.8408405595087
10.6515917811047 13.8028921856037
10.6912167002759 13.764884730347
10.7309890278581 13.7274297925678
10.7709093122244 13.6900043460965
10.8109781037879 13.6525295619316
10.8511959550093 13.6155970774361
10.8915634204045 13.5790967897216
10.9320810565522 13.5425540510934
10.9727494221018 13.5061161709369
11.0135690777806 13.470182243241
11.0545405864021 13.434208911784
11.0956645128736 13.3981994879691
11.1369414242037 13.3630433879549
11.1783718895104 13.327957720858
11.2199564800288 13.2931203164267
11.2616957691193 13.2586861420055
11.3035903322749 13.2246431123109
11.3456407471298 13.190577821598
11.3878475934668 13.1567184998542
11.4302114532258 13.1235815847517
11.4727329105113 13.0904280669397
11.515412551601 13.0572584375137
11.5582509649534 13.0246642410783
11.6012487412161 12.9921236037708
11.6444064732342 12.9595688635528
11.6877247560581 12.9277346031867
11.7312041869517 12.8968628761401
11.774845365401 12.8664482372515
11.818648893122 12.8366234629111
11.8626153740693 12.8077508403792
11.9067454144441 12.779299445897
11.9510396227028 12.7512605693277
11.9954986095653 12.7241945556341
12.0401229880234 12.6975927340099
12.0849133733495 12.6713723464754
12.1298703831044 12.6461668191531
12.1749946371469 12.6217984258454
12.2202867576412 12.5977867025571
12.2657473690664 12.5743196919655
12.3113770982243 12.5518314555274
12.3571765742489 12.5296736760511
12.4031464286144 12.5078422132983
12.4492872951442 12.4868774955596
12.4955998100196 12.466288538909
12.5420846117884 12.4460039496478
12.5887423413741 12.4483890357065
12.6355736420843 12.4387130228957
12.6825791596199 12.4293575064623
12.7297595420838 12.4205693666351
12.7771154399899 12.4128466274025
12.8246475062721 12.4054451606077
12.8723563962932 12.3983650234926
12.9202427678541 12.3921393789803
12.9683072812028 12.3862943908945
13.0165505990434 12.3807716848072
13.0649733865454 12.3760281043891
13.1135763113527 12.3719691944509
13.162360043593 12.3682689778609
13.2113252558868 12.3651762254265
13.260472623357 12.3631687056061
13.3098028236379 12.3615322174426
13.3593165368846 12.3602714612021
13.4090144457825 12.3599004764562
13.4588972355569 12.3599624629385
13.5089655939818 12.3604049708109
13.5592202113899 12.3616619084484
13.6096617806823 12.3636159790404
13.6602909973373 12.3659572763979
13.7111085594207 12.3689117707095
13.7621151675953 12.3728990312209
13.8133115251301 12.3772830918934
13.8646983379105 12.3820629052911
13.9162763144479 12.3878813197018
13.9680461658894 12.3941354724498
14.0200086060276 12.4003695920967
14.0721643513105 12.4069032438729
14.1245141208514 12.4136523609879
14.1770586364386 12.4203854156142
14.2297986225456 12.4273233850088
14.2827348063412 12.4348688033745
14.3358679176991 12.4424018910644
14.3891986892083 12.4499264359707
14.442727856183 12.4581803988595
14.496456156673 12.4664821640837
14.5503843314737 12.4747790998491
14.6045131241361 12.4833774496571
14.6588432809775 12.4921951683483
14.7133755510915 12.5010109708605
14.7681106863584 12.5100565687676
14.8230494414556 12.5198077971564
14.8781925738679 12.5297078498985
14.9335408438982 12.5397566926259
14.9890950146774 12.5505600530295
15.0448558521758 12.5615672633096
15.1008241252129 12.5727300184317
15.1570006054682 12.58439923701
15.2133860674922 12.5964726401172
15.2699812887167 12.6087064536858
15.3267870494654 12.6213016637675
15.3838041329651 12.6346253909496
15.4410333253564 12.6481161028175
15.498475415704 12.6617737666249
15.5561311960084 12.6761188092578
15.6140014612162 12.6906786440413
15.6720870092313 12.7054110341151
15.730388640926 12.7206325529882
15.7889071601517 12.7362318331427
15.8476433737505 12.7519542080528
15.9065980915658 12.7679758073139
15.9657721264536 12.784604200125
16.0251662942941 12.801358431855
16.0847814140026 12.8182372389181
16.1446183075405 12.835760871333
16.2046777999274 12.8534517934109
16.2649607192518 12.8712681179913
16.3254678966828 12.8896970242204
16.3862001664817 12.9086809840451
16.447158366013 12.927957393554
16.5083433357566 12.947627264122
16.569755919319 12.9679509429953
16.6313969634448 12.9885214813718
16.6932673180286 13.0093363022335
16.7553678361271 13.0309917506917
16.8176993739698 13.0529298577175
16.880262790972 13.0751105863333
16.9430589497458 13.0978339779397
17.0060887161124 13.1209947380703
17.069352959114 13.1443957748878
17.1328525510256 13.1682062136713
17.1965883673671 13.1926850701889
17.2605612869157 13.2174054350803
17.3247721917173 13.2423640539902
17.3892219670996 13.2680953287909
17.4539115016833 13.2940924511862
17.5188416873952 13.3203262216595
17.5840134194801 13.3471567061923
17.649427596513 13.3744517139552
17.7150851204118 13.40197908532
17.7809868964498 13.4298696994532
17.8471338332678 13.4583302396228
17.9135268428867 13.4870225337717
17.9801668407205 13.5159471044202
18.0470547455885 13.5456268435355
18.1141914797281 13.5755683895435
18.1815779688074 13.6057397235574
18.2492151419383 13.6364055204385
18.3171039316889 13.6674879117318
18.3852452740965 13.6988291173587
18.4536401086808 13.7305374727361
18.5222893784564 13.7625484940972
18.5911940299459 13.7944335369909
18.6603550131934 13.8257228715694
18.7297732817769 13.8564952101522
18.799449792822 13.8863572527492
18.8693855070149 13.9152825487941
18.9395813886156 13.9435722288611
19.0100384054711 13.9711036793679
19.0807575290291 13.9976903419744
19.151739734351 14.023473956945
19.2229860001258 14.0486497098883
19.2944973086829 14.072874320115
19.3662746460064 14.0961458726239
19.4383190017482 14.1189339044323
19.5106313692418 14.1407803910042
19.5832127455161 14.1616651976486
19.6560641313089 14.1818368453678
19.7291865310809 14.2012003581881
19.8025809530295 14.2196739008622
19.8762484091027 14.2373950694401
19.950189915013 14.2545614955536
20.0244064902514 14.2708349346093
20.0988991581017 14.2862127803667
20.1736689456542 14.301067179891
20.2487168838201 14.3150406804423
20.3240440073458 14.3281146306253
20.3996513548271 14.3405696170144
20.4755399687231 14.3522901238421
20.5517108953714 14.3631077822384
20.6281651850019 14.3731585652309
20.7049038917513 14.3826159613458
20.7819280736781 14.3911684899094
20.8592387927765 14.3988141238201
20.9368371149918 14.4058523922861
21.0147241102344 14.4124898382115
21.092900852395 14.4188165359765
21.1713684193594 14.4250498413641
21.2501278930231 14.4310989452992
21.3291803593062 14.4368296085315
21.4085269081689 14.4423589382218
21.4881686336258 14.4478549900238
21.5681066337615 14.4530211060499
21.6483420107456 14.4578590319748
21.7288758708478 14.4627036902404
21.8097093244533 14.4672241085626
21.8908434860779 14.4714049851136
21.9722794743837 14.4754848897363
22.0540184121942 14.479354875339
22.1360614265099 14.482897790576
22.2184096485239 14.4866036989915
22.3010642136375 14.4906111094132
22.3840262614756 14.4946604113397
22.4672969359028 14.4987497508698
22.5508773850389 14.5031996185598
22.6347687612749 14.5076970691047
22.7189722212887 14.5122260543515
22.8034889260611 14.5170068312306
22.8883200408921 14.5219382727992
22.9734667354164 14.5268993297573
23.0589301836202 14.5319672087632
23.1447115638567 14.5372504644382
23.230812058863 14.5425128928293
23.3172328557757 14.547847796452
23.4039751461482 14.5536671107723
23.491040125966 14.5596619268839
23.5784289956642 14.5659895515008
23.6661429601435 14.5728730797252
23.754183228787 14.5802250269773
23.8425510154766 14.5879374231173
23.9312475386102 14.5961065133712
24.0202740211181 14.604845129901
24.1096316904802 14.6139458795114
24.1993217787425 14.6234102285072
24.2893455225345 14.6335249801506
24.3797041630861 14.64400966701
24.4703989462445 14.6548584804824
24.5614311224917 14.666251087335
24.6528019469616 14.6781063658351
24.7445126794573 14.6903286147826
24.8365645844686 14.7030057311577
24.9289589311891 14.7162361201387
25.0216969935341 14.7298356460061
25.1147800501579 14.7438058290082
25.2082093844715 14.7584151274315
25.3019862846603 14.7733992876886
25.3961120437021 14.7887553520079
25.4905879593843 14.8046370803661
25.5854153343225 14.8209725207697
25.6805954759781 14.8375492234012
25.7761296966763 14.8544217819859
25.8720193136242 14.8715868891602
25.9682656489293 14.8888063637639
26.0648700296171 14.9060781950121
26.1618337876502 14.9236629711511
26.2591582599459 14.9413603233153
26.356844788395 14.9592982921019
26.4548947198803 14.9777354631677
26.5533094062951 14.9965955617727
26.6520902045621 15.015801455894
26.7512384766515 15.0354138648746
26.8507555896003 15.0554981026363
26.9506429155313 15.0759409583659
27.0509018316712 15.0967465338508
27.1515337203705 15.1181327193399
27.2525399691221 15.1398905376292
27.3539219705804 15.1620264232489
27.4556811225806 15.1846800474759
27.5578188281582 15.2077892995146
27.6603364955679 15.2312886919702
27.7632355383033 15.2552414999537
27.8665173751163 15.2797144316779
27.9701834300368 15.3045861959186
28.0742351323921 15.329860497236
28.1786739168268 15.3556917169685
28.2835012233224 15.3819323986958
28.3887184972175 15.4085886276233
28.4943271892273 15.4357813874026
28.6003287554639 15.4634600506228
28.7067246574561 15.4915677431321
28.81351636217 15.5201262748002
28.9207053420286 15.5491913522378
29.0282930749329 15.5786484210763
29.1362810442814 15.6084983186745
29.2446707389912 15.6388682958513
29.3534636535184 15.6696423148575
29.4626612878783 15.7008217467682
29.5722651476666 15.7329281364954
29.6822767440801 15.7660252623295
29.7926975939372 15.8000449173103
29.9035292196989 15.8350369474594
30.0147731494902 15.8710558464595
30.1264309171207 15.9080020370718
30.2385040621058 15.945879818928
30.3509941296883 15.9847316810902
30.4639026708593 16.0244214265444
30.5772312423796 16.0649588603123
30.6909814068016 16.1063978127991
30.8051547324904 16.1487159477709
30.9197527936455 16.1918814379539
31.0347771703225 16.2359411216893
31.1502294484553 16.2809337559027
31.2661112198773 16.3267783510439
31.3824240823437 16.3734820289951
31.4991696395536 16.4211060682226
31.616349501172 16.4695870482165
31.733965282852 16.5189324973033
31.852018606257 16.5692006238725
31.9705110990833 16.6203673203081
32.0894443950822 16.6724019560252
32.2088201340828 16.7253264456278
32.3286399620146 16.7791614433287
32.4489055309299 16.8338735608365
32.569618499027 16.8894635552098
32.6907805306726 16.9470900971913
32.8123932964254 17.0068588805104
32.9344584730584 17.0687402308207
33.0569777435824 17.1327446030447
33.1799527972693 17.1988535172965
33.3033853296751 17.2664291587323
33.4272770426635 17.3353922427618
33.5516296444293 17.4057416197271
33.6764448495218 17.4774684000854
33.8017243788689 17.5505757898751
33.9274699598002 17.6250927496366
34.0536833260713 17.700965336191
34.1803662178875 17.7781866166452
34.3075203819277 17.8567648599816
34.4351475713689 17.9366958869222
34.5632495459097 18.0179836841821
34.6918280717952 18.1006383104742
34.8208849218411 18.1846772669796
34.9504218754581 18.2697573006774
35.0804407186764 18.3550893176474
35.2109432441705 18.4408747701315
35.3419312512837 18.5269132559235
35.4734065460531 18.6132022630435
35.6053709412345 18.6996411740421
35.7378262563273 18.7862809036178
35.8707743175993 18.8731734154394
36.0042169581128 18.960284401005
36.1381560177486 19.0475820583229
36.2725933432325 19.1351845206027
36.40753078816 19.2230962296783
36.5429702130224 19.3112669042109
36.6789134852321 19.4001905964327
36.8153624791483 19.489949236295
36.9523190761032 19.5804074220364
37.0897851644277 19.6715097933924
37.2277626394773 19.763279879248
37.3662534036585 19.8553222196175
37.5052593664551 19.9475834227706
37.6447824444542 20.0400978093718
37.7848245613726 20.1328698464681
37.9253876480839 20.2259021027972
38.0664736426444 20.3192053982128
38.2080844903204 20.4127848303141
38.3502221436146 20.5066213934654
38.4928885622931 20.6007360636161
38.6360857134129 20.6951447874331
38.7798155713483 20.7898501675853
38.9240801178185 20.8848611393675
39.068881341915 20.9801803154976
39.2142212401288 21.0756774032907
39.3601018163781 21.1709907297061
39.5065250820358 21.2661464037799
39.6534930559574 21.362370258904
39.8010077645086 21.4605531961807
39.9490712415935 21.5606812597384
40.0976855286824 21.6627570241772
40.2468526748401 21.7667883435004
40.3965747367541 21.8727713753067
40.5468537787631 21.9807198309526
40.6976918728852 22.0907547358135
40.8490910988465 22.2029689914153
41.0010535441102 22.3173089520013
41.1535813039047 22.4337838133992
41.3066764812531 22.5524132330618
41.4603411870018 22.6731843912662
41.6145775398498 22.7961095905939
41.7693876663778 22.9212104571644
41.9247737010778 23.0477634433244
42.080737786382 23.1733510617937
42.2372820726929 23.2979700337388
42.3944087184125 23.4216724585665
42.5521198899724 23.5443971065334
42.7104177618635 23.6661407889463
42.869304516666 23.7869604953059
43.0287823450793 23.906847338241
43.1888534459529 24.0257848739261
43.3495200263157 24.1437747593121
43.5107843014072 24.2608204981843
43.6726484947079 24.3769124343708
43.8351148379697 24.4920472767114
43.9981855712467 24.606196397057
44.1618629429266 24.7193900022176
44.3261492097609 24.8313943461936
44.4910466368967 24.942603884115
44.6565574979076 25.0534791503004
44.822684074825 25.1640560027018
44.9894286581698 25.2743143419923
45.1567935469838 25.384257579368
45.3247810488614 25.4939203724305
45.4933934799815 25.6033080697707
45.6626331651395 25.7123535076521
45.8325024377791 25.8211467458531
46.0030036400248 25.9297017803863
46.1741391227139 26.0374076932996
46.345911245429 26.1442536364724
46.5183223765307 26.2502767983334
46.69137489319 26.3545622545966
46.8650711814213 26.456902032973
47.0394136361151 26.5570870465679
47.2144046610712 26.6539189997337
47.3900466690317 26.7472961483137
47.5663420817144 26.8372901443409
47.743293329846 26.923885134266
47.9209028531959 27.0069964240643
48.0991731006096 27.0867227031778
48.2781065300423 27.1630896842885
48.4577056085935 27.2360226075938
48.63797281254 27.3054672315093
48.8189106273711 27.3715031455567
49.000521547822 27.4356857355215
49.1828080779086 27.4986477426344
49.3657727309621 27.5606576633469
49.5494180296635 27.6221041860925
49.7337465060782 27.6826823386027
49.9187607016915 27.7424292480562
50.1044631674429 27.8013996986547
50.2908564637618 27.8595050230814
50.4779431606027 27.9166869324574
50.6657258374805 27.9730701828855
50.854207083506 28.0286238689922
51.043389497422 28.0831111299002
51.2332756876387 28.1368463504119
51.4238682722698 28.1902670552557
51.6151698791687 28.2431202884598
51.8071831459647 28.2945387143126
51.9999107200992 28.3444534130572
52.1933552588626 28.3927287304552
52.3875194294302 28.4388293255429
52.5824059089 28.4828168724385
52.7780173843286 28.5248619532207
52.9743565527689 28.5647371066456
53.1714261213071 28.602686157292
53.3692288070999 28.6386872098832
53.5677673374123 28.6726454391809
53.7670444496548 28.7048531162429
53.9670628914213 28.7353437790641
54.1678254205271 28.764066914227
54.3693348050468 28.7909907801882
54.5715938233525 28.8161563357984
54.7746052641521 28.8395500700788
54.9783719265278 28.8621064595561
55.1828966199745 28.8841916157088
55.3881821644389 28.9061106112207
55.594231390358 28.9287796853782
55.8010471386984 28.9520720153895
56.0086322609952 28.9750289476646
56.2169896193917 28.9972322451253
56.4261220866785 29.0187493674798
56.6360325463332 29.0393162186674
56.8467238925604 29.058973166051
57.0581990303312 29.0781343734232
57.2704608754236 29.096315284677
57.4835123544625 29.1135520511943
57.6973564049602 29.1304988249809
57.9119959753568 29.1468773646911
58.1274340250607 29.1625461755264
58.3436735244898 29.1779289116684
58.5607174551122 29.1931857304093
58.7785688094872 29.2080135703463
58.9972305913069 29.2224388164827
59.2167058154372 29.2374897377582
59.4369975079597 29.2541829026715
59.6581087062134 29.2725296887211
59.8800424588363 29.2927684264237
60.1028018258077 29.3147811444998
60.3263898784903 29.3386402789368
60.5508096996726 29.3647425114775
60.7760643836113 29.3946588510931
61.0021570360742 29.428268718019
61.2290907743825 29.4655912878608
61.4568687274545 29.5067141639058
61.685494035848 29.5515729199274
61.9149698518044 29.6001814641176
62.1452993392914 29.6526244556606
62.376485674047 29.7088665758096
62.6085320436233 29.7690410862287
62.8414416474305 29.8319700905933
63.0752176967808 29.893049108701
63.3098634149326 29.9522646272609
63.5453820371355 30.0096184149119
63.7817768106743 30.0651150616091
64.0190509949139 30.1187630564351
64.2572078613447 30.170566142743
64.4962506936269 30.2205326879559
64.7361827876367 30.2686633305119
64.9770074515108 30.3149685550858
65.2187280056928 30.3589459939155
65.4613477829786 30.3988682808698
65.7048701285624 30.4348465827066
65.9492984000827 30.4674076267968
66.1946359676689 30.4966109087105
66.4408862139876 30.5230558976577
66.688052534289 30.5489543383893
66.9361383364543 30.5742241028494
67.1851470410421 30.5989491245938
67.4350820813359 30.6231690037826
67.6859469033913 30.647594781138
67.9377449660834 30.6726704523479
68.190479741155 30.6995540874538
68.4441547132637 30.7282488206433
68.6987733800307 30.7585712841862
68.9543392520884 30.7907888029706
69.2108558531293 30.82391577664
69.4683267199542 30.8572268523617
69.7267554025213 30.8909209303721
69.9861454639949 30.9257183696693
70.2465004807944 30.9620708108413
70.5078240426442 31.0000776618207
70.7701197526224 31.0374146955616
71.0333912272113 31.0740238350356
71.2976420963466 31.109694966688
71.5628760034677 31.1446555064588
71.8290966055681 31.1789039132823
72.0963075732454 31.2121946676536
72.3645125907524 31.2470764475642
72.6337153560475 31.2839683442115
72.903919580846 31.3227858359214
73.1751289906711 31.3631796014305
73.4473473249052 31.4039513124983
73.7205783368417 31.4450641364842
73.9948257937363 31.4871957421777
74.2700934768597 31.5306125758501
74.5463851815488 31.5751016053528
74.82370471726 31.620008005832
75.1020559076207 31.6653228507161
75.3814425904831 31.7110353315305
75.6618686179762 31.7571206967772
75.9433378565593 31.8039781983803
76.2258541870754 31.8517553522074
76.5094215048047 31.9004438940948
76.7940437195179 31.950073107283
77.0797247555308 32.0006709593735
77.3664685517576 32.0522266998926
77.654279061766 32.1033892867418
77.9431602538311 32.153354514102
78.2331161109905 32.2020683223322
78.524150631099 32.2500501776747
78.8162678268838 32.2975958000492
79.1094717259999 32.3447452417543
79.4037663710853 32.3888211401979
79.6991558198174 32.4296414622418
79.9956441449681 32.4670601496977
80.2932354344608 32.5010642612634
80.5919337914261 32.5317802005621
80.8917433342586 32.5590817415944
81.192668196674 32.5846674517482
81.4947125277655 32.6086120366641
81.7978804920615 32.6301077672512
82.1021762695827 32.6490289598461
82.4076040558999 32.6652414041731
82.714168062192 32.6788712721852
83.0218725153037 32.6897048613243
83.3307216578039 32.6977463226
83.6407197480444 32.7030601850365
83.9518710602185 32.7064513864357
84.2641798844197 32.7091903409904
84.5776505267013 32.711414326884
84.8922873091352 32.713104243228
85.2080945698721 32.7139015172469
85.525076663201 32.7136192332058
85.8432379596091 32.7113571228802
86.1625828458423 32.7067870992868
86.4831157249656 32.69958878516
86.804841016424 32.6900176651837
87.1277631561029 32.677864014503
87.4518865963899 32.6630555312707
87.7772158062356 32.6456908107311
88.103755271216 32.6257856110478
88.4315094935933 32.6031838448841
88.760482992379 32.5758437916366
89.0906803033954 32.5445482882028
89.4221059793388 32.5089032507611
89.7547645898416 32.4689068564331
90.088660721536 32.4245834976399
90.4237989781166 32.3758886077203
90.7601839804045 32.3227960666243
91.0978203664104 32.2661444235655
91.436712791399 32.2058680125011
91.7768659279529 32.1412881878207
92.1182844660374 32.0727046493835
92.4609731130645 32.0012021573621
92.8049365939585 31.9268804599687
93.1501796512209 31.8498128517657
93.4967070449956 31.7702324599728
93.8445235531347 31.6883385227908
94.1936339712644 31.6053638605192
94.5440431128511 31.5222114021184
94.8957558092676 31.4388760907462
95.2487769098601 31.3555971044199
95.6031112820147 31.2733077969104
95.9587638112245 31.1928518664745
96.3157394011573 31.1132819378223
96.674042973723 31.0345551670068
97.0336794691412 30.9560139134881
97.39465384601 30.877948648318
97.7569710813735 30.8004403012006
98.1206361707911 30.720184284143
98.4856541284063 30.6371713840668
98.8520299870155 30.5511088035732
99.2197687981374 30.4616402641368
99.5888756320832 30.3665998228417
99.9593555780259 30.269623491792
100.331213744071 30.1712229933444
100.704455257326 30.0714275579226
101.079085263972 29.9703963217499
101.455108929334 29.8681601689826
101.832531437955 29.7646112084938
102.211357993661 29.6584431995388
102.591593819639 29.5496474286319
102.973244158507 29.438632833586
103.356314272386 29.3256744515286
103.74080944297 29.2126074959856
104.126734971605 29.0994120087944
104.514096179357 28.9859665887007
104.902898407086 28.8715388345705
105.293147015521 28.7545729723533
105.684847385335 28.6354820420864
106.078004917216 28.5142415499936
106.472625031943 28.3909246722258
106.868713170461 28.2654820147457
107.266274793956 28.1397949026289
107.665315383931 28.0165877088356
108.065840442278 27.8958705795314
108.467855491361 27.7775254974363
108.871366074083 27.6615740795151
109.27637775397 27.5480472244651
109.682896115245 27.4382237911336
110.090926762902 27.3298283580849
110.500475322789 27.2229017033554
110.911547441682 27.1168396852518
111.324148787363 27.0112575031874
111.738285048698 26.9061651426132
112.153961935718 26.8041456351497
112.571185179695 26.7059319572816
112.98996053322 26.6117475662904
113.410293770289 26.5216064062603
113.832190686372 26.4355889955893
114.255657098502 26.3537075657747
114.680698845352 26.2736498481641
115.107321787315 26.1953241100389
115.535531806584 26.120021530501
115.965334807235 26.0476393989511
116.396736715309 25.9781703065072
116.829743478891 25.9111822476059
117.264361068193 25.8465782269532
117.700595475639 25.7831587560877
118.138452715943 25.7195488711758
118.577938826195 25.655027839154
119.019059865945 25.5878655700724
119.461821917283 25.517896745677
119.906231084925 25.4452215440773
120.3522934963 25.3709356770342
120.800015301628 25.2962899446969
121.24940267401 25.2208427356875
121.700461809513 25.1439553211946
122.15319892725 25.0658529991604
122.607620269474 24.9865760750673
123.063732101657 24.9073994771999
123.52154071258 24.8281073184748
123.981052414419 24.7474791504553
124.442273542832 24.6655582971275
124.905210457046 24.5823138867486
125.369869539945 24.4998804580338
125.836257198157 24.4229985495141
126.304379862144 24.3558162401389
126.774243986291 24.2983725407444
127.245856048992 24.2507115610555
127.719222552743 24.212881125726
128.194350024229 24.1854305943237
128.671245014415 24.1684476500263
129.149914098635 24.1620712746158
129.630363876686 24.1670664991989
130.112600972915 24.1834700912815
130.596632036314 24.2076663035483
131.082463740608 24.2357543569077
131.570102784351 24.267666145406
132.059555891015 24.302970952351
132.550829809082 24.3416941038011
133.043931312143 24.3816014333622
133.538867198985 24.4207575299491
134.035644293687 24.4589996155352
134.534269445714 24.4963453858637
135.034749530014 24.531252234944
135.537091447108 24.5624368921083
136.041302123189 24.5892923444894
136.547388510214 24.6112496946771
137.055357586005 24.6286220106525
137.56521635434 24.6424503391439
138.076971845052 24.6539079208645
138.590631114126 24.6653212149669
139.106201243796 24.675363541862
139.623689342642 24.6840725264163
140.14310254569 24.6944219215782
140.664448014507 24.7086202270177
141.187732937303 24.7287142181427
141.712964529029 24.758302554215
142.240150031474 24.7957865051813
142.769296713371 24.8398356507416
143.30041187049 24.8905159793351
143.833502825744 24.9484089473436
144.368576929286 25.0135041441957
144.905641558614 25.0841334170811
145.444704118671 25.1598742576588
145.985772041946 25.2408074766567
146.528852788578 25.3230130667119
147.073953846458 25.4054251947818
147.621082731334 25.4885870812919
148.170246986912 25.5733287668238
148.721454184961 25.6613889450893
149.274711925419 25.7509200681777
149.830027836496 25.8410217607046
150.387409574779 25.9315821783643
150.946864825339 26.0225976055121
151.508401301835 26.1101617558165
152.072026746624 26.1898104672099
152.637748930863 26.2614927448271
153.205575654619 26.3252404153534
153.775514746977 26.380417035897
154.347574066145 26.4265551593887
154.921761499565 26.4635501374597
155.498084964022 26.4936793707727
156.076552405752 26.5183982448626
156.657171800551 26.5427649586826
157.239951153886 26.5701182999335
157.824898501005 26.600593208367
158.412021907047 26.6337549704547
159.001329467157 26.6683484257333
159.592829306591 26.7026249758474
160.186529580835 26.7350448028556
160.78243847571 26.7663649615695
161.380564207495 26.7983243049332
161.980915023028 26.8307573358288
162.583499199831 26.8618375418122
163.188325046216 26.8919106062739
163.795400901405 26.9220469595979
164.40473513564 26.9522569463383
165.016336150303 26.9859825639482
165.630212378031 27.0250793376246
166.246372282828 27.07146297812
166.864824360187 27.1267301663317
167.485577137204 27.1899067380183
168.108639172699 27.252975119798
168.734019057329 27.3147272913355
169.36172541371 27.3751507309397
169.991766896534 27.4317269799741
170.624152192691 27.4815468630723
171.258890021386 27.5252471716584
171.89598913426 27.5634475357549
172.535458315511 27.5955179564871
173.177306382017 27.61979672473
173.821542183453 27.6350859108445
174.468174602416 27.6415500905624
175.117212554548 27.6454162272842
175.768664988659 27.6532765066479
176.422540886846 27.665090461728
177.078849264624 27.6796742769799
177.737599171045 27.6915645862256
178.398799688823 27.6953639753441
179.062459934462 27.6909808300484
179.728589058382 27.6815262246077
180.397196245039 27.6689015432399
181.068290713059 27.6545697884287
181.741881715363 27.6384735252646
182.417978539291 27.6228658029093
183.096590506735 27.6086711482815
183.777726974264 27.5971851181993
184.461397333255 27.5906944352762
185.147611010021 27.5932712460652
185.836377465944 27.6064242832699
186.5277061976 27.6270331216636
187.221606736895 27.6505757708053
187.918088651195 27.6782282923348
188.617161543456 27.702411824117
189.318835052359 27.7289010183893
190.023118852442 27.7577534514044
190.730022654232 27.7890299164916
191.439556204381 27.819810705703
192.151729285799 27.8499506166769
192.86655171779 27.8799974661377
193.584033356187 27.909944662225
194.304184093485 27.9386367845848
195.027013858983 27.964571189211
195.752532618918 27.9882926829936
196.480750376599 28.0147879586943
197.211677172552 28.0445998313162
197.945323084652 28.0747201911462
198.681698228267 28.1069334438979
199.420812756393 28.135725193066
200.162676859797 28.1573792002609
200.907300767158 28.1701182962317
201.654694745203 28.1797008627589
202.404869098855 28.1871241771533
203.157834171373 28.1940421806583
203.913600344492 28.2015857258983
204.672178038568 28.2139625201259
205.433577712722 28.233007411594
206.197809864986 28.259338204328
206.964885032443 28.2937353030077
207.734813791375 28.3326471362773
208.50760675741 28.3744293045782
209.283274585667 28.413800948363
210.061827970903 28.4443416343938
210.84327764766 28.4677868050409
211.627634390414 28.4865969323732
212.414909013722 28.5093081043182
213.205112372374 28.5356332348338
213.998255361539 28.5669782519714
214.794348916918 28.6047538742506
215.593404014895 28.6488307261847
216.395431672684 28.6991748918839
217.200442948486 28.7560122415385
218.008448941641 28.820306426305
218.819460792778 28.8911631474688
219.633489683968 28.9714399855904
220.450546838885 29.0592251444573
221.270643522953 29.1476915523996
222.093791043505 29.2330565321807
222.920000749938 29.3196833495261
223.749284033871 29.4077416763426
224.5816523293 29.4977763019044
225.417117112757 29.5862410582792
226.255689903467 29.6712187077195
227.097382263509 29.7492733571843
227.942205797972 29.8208470335587
228.790172155119 29.8869835416514
229.641293026544 29.9489209595416
230.495580147337 30.0079787727604
231.35304529624 30.0628987950899
232.213700295818 30.1136780239659
233.077557012612 30.1547144225593
233.944627357311 30.183935193621
234.814923284911 30.2002448500187
235.688456794884 30.2009124721466
236.565239931339 30.1856270993729
237.44528478319 30.1653003068918
238.328603484325 30.1456660029289
239.215208213769 30.1263027572032
240.105111195857 30.1092320752613
240.998324700395 30.1017799488285
241.894861042839 30.1049117836254
242.794732584456 30.1176795083533
243.6979517325 30.140136705398
244.60453094038 30.1729924522294
245.514482707834 30.2147046417707
246.427819581099 30.2699199661499
247.344554153085 30.3363930260892
248.264699063551 30.4095997078733
249.188266999274 30.4863322785916
250.11527069423 30.5635705325462
251.045722929764 30.6452052427588
251.979636534771 30.7309290950509
252.91702438587 30.8207894890148
253.85789940758 30.9056380926836
254.802274572504 30.979122003514
255.750162901502 31.0398194013334
256.701577463874 31.0870688428172
257.656531377538 31.1177369063838
258.615037809212 31.1305482975959
259.577109974596 31.1227341342406
260.542761138553 31.0969464833195
261.512004615294 31.0594515096692
262.484853768559 31.0120377399822
263.461322011801 30.9599520511995
264.441422808376 30.9066551155907
265.42516967172 30.8503533110442
266.412576165545 30.7913469296968
267.403655904018 30.7284469669007
268.398422551953 30.6698121282328
269.396889825 30.6198593730258
270.39907148983 30.5828802735079
271.404981364328 30.5571019941997
272.414633317784 30.5410138610521
273.428041271082 30.5331516262023
274.445219196894 30.5329246524895
275.466181119869 30.5365104485862
276.490941116832 30.5436916900263
277.519513316975 30.5553419236247
278.551911902049 30.571968106742
279.588151106566 30.5913426614564
280.628245217989 30.6021919757867
281.672208576933 30.6072978870069
282.720055577362 30.6082572875978
283.771800666785 30.6097736889849
284.827458346459 30.6148090723616
285.887043171586 30.6228770353045
286.950569751514 30.6295719400799
288.018052749942 30.6328620490521
289.089506885116 30.6299285920688
290.164946930037 30.6164474559842
291.244387712663 30.5894450050318
292.327844116112 30.5494081886147
293.41533107887 30.5079312565867
294.506863594997 30.4642792889715
295.602456714328 30.4225957242985
296.702125542688 30.3923681824899
297.805885242097 30.3729780628426
298.913751030978 30.3513776096566
300.025738184368 30.3220822389392
301.14186203413 30.2957385544372
302.262137969162 30.2763253646697
303.386581435609 30.2627279214249
304.51520793708 30.251779489799
305.648033034855 30.2443981673827
306.785072348107 30.2395191009696
307.926341554112 30.2367953934679
309.071856388467 30.2334709529807
310.221632645308 30.2235391168505
311.375686177524 30.2041469200444
312.534032896982 30.1714074692668
313.69668877474 30.1253031168096
314.86366984127 30.0661110229373
316.03499218668 29.9972960525685
317.210671960934 29.9225743953901
318.390725374075 29.8448748612957
319.57516869645 29.7812956384584
320.764018258932 29.7393510525075
321.957290453147 29.714832186857
323.1550017317 29.7053833117908
324.3571686084 29.7098579067689
325.563807658489 29.7252940544552
326.774935518872 29.7444706373571
327.990568888343 29.763210278474
329.210724527818 29.7834091266314
330.435419260565 29.7983950891456
331.664669972436 29.8115710904125
332.898493612101 29.8339957297815
334.136907191279 29.8672906585279
335.379927784974 29.904890422066
336.627572531714 29.9360467455632
337.879858633779 29.956092860588
339.136803357447 29.9612617207598
340.398424033226 29.9541493219948
341.664738056097 29.9380930999559
342.935762885749 29.9120864172121
344.211516046826 29.8749657051077
345.492015129163 29.830976085935
346.777277788032 29.7831403655243
348.067321744384 29.731121064559
349.362164785094 29.6683227163183
350.661824763204 29.586458831978
351.966319598173 29.4879771681276
353.275667276122 29.3913706298533
354.58988585008 29.2969409199366
355.908993440238 29.2017633793456
357.233008234193 29.1022315036259
358.561948487204 29.0055200264857
359.895832522439 28.920859078998
361.234678731231 28.8490505991847
362.578505573331 28.7918601397481
363.927331577162 28.7505495019474
365.281175340072 28.7266695513993
366.640055528597 28.712852419941
368.003990878711 28.7052212148155
369.373000196088 28.6956194450567
370.747102356362 28.6824283481686
372.126316305386 28.6717700791396
373.510661059493 28.6660766694176
374.900155705758 28.6673089147534
376.294819402263 28.6835192367143
377.694671378358 28.7033138239508
379.099730934929 28.7097454047726
380.510017444665 28.6861760257037
381.92555035232 28.6356977490488
383.346349174985 28.5747181881468
384.772433502359 28.4958112471585
386.203822997013 28.3960440492967
387.640537394667 28.2859856345398
389.082596504459 28.1721756022454
390.530020209219 28.0633284714363
391.982828465741 27.960627841235
393.441041305064 27.8619994339721
394.904678832742 27.7722825504567
396.373761229123 27.7036757373806
397.848308749629 27.6461768610547
399.328341725034 27.5914553364175
400.813880561743 27.5325752365483
402.304945742077 27.4566833179739
403.801557824551 27.3725100989765
405.303737444161 27.2833216183127
406.811505312667 27.1844511799862
408.324882218878 27.0775647976841
409.843889028939 26.9667826032409
411.368546686621 26.8696908379219
412.898876213606 26.7797234123291
414.434898709779 26.6849636755909
415.976635353518 26.5965589262355
417.524107401988 26.5183640275221
419.077336191431 26.4456041255164
420.636343137464 26.3790458870857
422.20114973537 26.3266007933852
423.771777560397 26.2826159967843
425.348248268055 26.2375445510114
426.930583594415 26.1776022171013
428.518805356409 26.0988232224834
430.112935452127 26.0196385625106
431.712995861126 25.9308730043119
433.319008644725 25.8293565875854
434.930995946316 25.7221682215941
436.548979991665 25.6202946162494
438.172983089221 25.5309654103523
439.803027630423 25.4630551526827
441.439136090005 25.4209807578975
443.081331026313 25.4002094161426
444.72963508161 25.3896980902676
446.384070982391 25.3974801065656
448.044661539696 25.4192965372636
449.711429649423 25.4509621263811
451.384398292646 25.4767474955651
453.063590535931 25.494834812849
454.749029531652 25.5060672279457
456.440738518314 25.4927519851222
458.138740820871 25.4509846304384
459.843059851047 25.3812251651189
461.55371910766 25.32010049043
463.270742176947 25.2584556268245
464.994152732887 25.191976121801
466.723974537529 25.131307401153
468.460231441319 25.0736199803035
470.202947383427 25.0159013921159
471.952146392082 24.960733478087
473.707852584898 24.9075108373183
475.470090169211 24.8571148662069
477.238883442408 24.8075411218062
479.014256792265 24.7626932946429
480.796234697286 24.7240257156011
482.584841727032 24.690246531293
484.38010254247 24.6584548317084
486.182041896305 24.6398086126832
487.990684633326 24.6230774618788
489.806055690746 24.6182937756217
491.628180098547 24.6249047295629
493.457082979826 24.6531427856703
495.292789551138 24.6992188603685
497.135325122848 24.7511770349439
498.984715099477 24.7875901549418
500.840984980053 24.8414520828219
502.704160358464 24.9088725234935
504.574266923808 24.991069229455
506.451330460749 25.086765571753
508.335376849875 25.1753229545878
510.226432068048 25.2564979785279
512.124522188771 25.32592990336
514.029673382538 25.3734494667733
515.941911917204 25.3996258805646
517.86126415834 25.4109058208163
519.787756569601 25.4111652341754
521.721415713088 25.4126853787235
523.662268249716 25.4157619092936
525.610340939583 25.4183101515354
527.565660642334 25.4138031309231
529.528254317536 25.4030342373695
531.498149025047 25.388183743645
533.475371925393 25.3784312921094
535.459950280137 25.3765850166101
537.451911452257 25.3830109574006
539.451282906527 25.4089888094756
541.45809220989 25.4335196746842
543.472367031842 25.4603085257625
545.49413514481 25.5173185713415
547.523424424539 25.5866408658044
549.560262850475 25.6545893687424
551.604678506148 25.7191716435751
553.656699579562 25.7953632363575
555.716354363585 25.8656744523824
557.783671256334 25.9348729077135
559.858678761572 25.9921105218104
561.941405489097 26.0313892221268
564.03188015514 26.0519867854495
566.130131582757 26.0616226498394
568.236188702231 26.0753401581829
570.350080551465 26.0734329377682
572.471836276389 26.0566885175922
574.601485131357 26.054203052473
576.739056479551 26.0482578783606
578.88457979339 26.0468788164462
581.038084654929 26.034561164549
583.199600756274 26.0238665642793
585.369157899988 26.0116423371499
587.5467859995 25.9966814051526
589.732515079524 25.9896546336411
591.926375276465 25.9869728287565
594.128396838839 25.9757386329912
596.338610127691 25.9569207335705
598.557045617011 25.9463730914511
600.783733894154 25.9500102694417
603.018705660264 25.9508650346964
605.261991730696 25.9696772908904
607.513623035441 25.9945718327221
609.773630619552 26.0217496609902
612.042045643573 26.0589503001324
614.318899383969 26.1062505699414
616.604223233554 26.1450744236053
618.898048701927 26.1770340639318
621.200407415909 26.2078631415692
623.51133111997 26.2307374745367
625.830851676678 26.2495649632404
628.159001067128 26.2659034250008
630.49581139139 26.2409930631713
632.841314868951 26.1961973460723
635.195543839153 26.1348994721026
637.558530761648 26.0561886483142
639.930308216838 25.9646677992561
642.310908906328 25.8558523177678
644.700365653376 25.7744583655224
647.098711403346 25.7074389745352
649.505979224161 25.6461124984967
651.922202306761 25.5885768396448
654.347413965559 25.5414485545061
656.781647638899 25.4908777654331
659.224936889521 25.4371619099326
661.677315405021 25.3835390517418
664.138816998315 25.3395762566569
666.609475608108 25.289883090788
669.089325299358 25.2301585774239
671.578400263749 25.1738745764958
674.076734820163 25.1305596980065
676.584363415148 25.0895575106828
679.101320623398 25.0627250634808
681.627641148229 25.058650979724
684.163359822055 25.0600603905575
686.708511606871 25.0506190574479
689.263131594734 25.039455364047
691.827255008246 25.025358285129
694.400917201039 25.016149602089
696.984153658268 24.974721520876
699.576999997092 24.9307121929751
702.179491967171 24.8726103690958
704.791665451156 24.8094468552163
707.413556465187 24.725817291915
710.045201159385 24.667019467788
712.686635818355 24.6181966661888
715.337896861682 24.5369051141906
717.999020844436 24.4625836141565
720.670044457676 24.389776216703
723.351004528956 24.3210680314501
726.041938022828 24.2709597159616
728.74288204136 24.2167448926055
731.453873824642 24.1601845200509
734.174950751298 24.1038566521695
736.906150339008 24.0597454789454
739.647510245018 24.0219384854144
742.399068266665 23.9682250143558
745.160862341893 23.9054666769186
747.932930549781 23.849700776444
750.715311111065 23.7983764685561
753.508042388666 23.7382071698922
756.311162888217 23.6835593374353
759.124711258597 23.6437337078683
761.948726292463 23.5973549573759
764.783246926784 23.5597021480534
767.628312243377 23.5173528013133
770.483961469448 23.472614131073
773.350233978131 23.4398114377275
776.227169289033 23.3856468870163
779.114807068777 23.3360862742234
782.01318713155 23.2609938652994
784.92234943965 23.1853011864993
787.842334104041 23.1060088572875
790.773181384902 23.0416872740279
793.714931692182 22.9822631424405
796.667625586163 22.9359720479067
799.63130377801 22.9146860833901
802.606007130343 22.8939858242514
805.591776657789 22.8756943985273
808.588653527558 22.8832778294198
811.596679060002 22.8770084394158
814.615894729193 22.8647919146749
817.646342163485 22.8497181938705
820.688063146098 22.8421573298649
823.741099615688 22.8346595531045
826.805493666926 22.8280257606629
829.881287551079 22.8142070720454
832.968523676594 22.7977025474112
836.06724460968 22.7557108200179
839.177493074898 22.739515301088
842.299311955746 22.735700612728
845.432744295255 22.7117842922509
848.577833296579 22.6678236551983
851.734622323592 22.6359443274083
854.903154901485 22.5971466959082
858.083474717367 22.5447601018275
861.275625620868 22.4803392345015
864.479651624742 22.4123635535753
867.695596905475 22.3455280797848
870.923505803893 22.2550187141109
874.163422825774 22.1617382846799
877.415392642464 22.0763591261719
880.679460091487 22.0004707886207
883.955670177168 21.9366611223519
887.244068071255 21.8965722531994
890.544699113535 21.8883740462099
893.857608812465 21.8446940948459
897.1828428458 21.8076860573675
900.520447061216 21.806533811243
903.870467476951 21.7802239712452
907.232950282432 21.7511350529852
910.607941838916 21.7173159674094
913.99548868013 21.6732444295197
917.395637512907 21.6431731622682
920.808435217838 21.618392853192
924.233928849912 21.6057110531326
927.672165639167 21.5816155496834
931.12319299134 21.5394323385933
934.587058488525 21.5125387353727
938.063809889823 21.4854448954066
941.553495132005 21.4697093245896
945.056162330171 21.4608535794121
948.571859778412 21.461820392626
952.100635950479 21.4272900704245
955.64253950045 21.40693851225
959.197619263401 21.4005089033114
962.765924256078 21.3829651169413
966.347503677575 21.373132789269
969.942406910009 21.3753109184628
973.550683519207 21.3783952091029
977.172383255382 21.3974857982984
980.807556053824 21.4093418118131
984.456252035586 21.3886241270542
988.118521508177 21.372139016433
991.794414966255 21.3553086178443
995.483983092322 21.3320676511905
999.187276757423 21.3356265884214
1002.90434702185 21.3331852030611
1006.63524513584 21.3262424631898
1010.3800225403 21.3270854876161
1014.13873086747 21.3255176552694
1017.9114219417 21.3080597664997
1021.69814778013 21.2944831727563
1025.49896059337 21.2928303780855
1029.31391278631 21.3484146176802
1033.14305695876 21.3868273742742
1036.98644590621 21.4336699917673
1040.84413262056 21.4622384285931
1044.71617029083 21.4897536080075
1048.60261230394 21.536033049998
1052.50351224539 21.5917144630169
1056.41892390001 21.6279409338457
1060.34890125276 21.6689246564318
1064.29349848938 21.7215465490622
1068.25276999721 21.7573849140108
1072.22677036593 21.8124956831825
1076.21555438826 21.8661820346215
1080.21917706079 21.9253284888727
1084.23769358469 22.0036282993178
1088.27115936647 22.0963031241503
1092.31963001878 22.2033706572732
1096.38316136114 22.3265470977375
1100.46180942073 22.440491083961
1104.55563043316 22.5252011029118
1108.66468084322 22.5956250099003
1112.7890173057 22.6400256068917
1116.92869668616 22.6616172048598
1121.08377606168 22.6976878290681
1125.25431272169 22.7766997647379
1129.44036416873 22.8491979179771
1133.64198811927 22.8885233168006
1137.85924250447 22.9330042695177
1142.09218547102 22.999882171661
1146.34087538191 23.0808288131466
1150.60537081725 23.1658637264857
1154.88573057506 23.2878853354679
1159.18201367212 23.3961507490709
1163.49427934474 23.4969428961814
1167.8225870496 23.5945195610639
1172.16699646455 23.7048569896208
1176.52756748948 23.8239835898119
1180.90436024707 23.9144961638547
1185.2974350837 24.0045232027309
1189.70685257023 24.0935657534956
1194.13267350285 24.1759373381369
1198.5749589039 24.2837354218774
1203.03377002276 24.368123187294
1207.50916833664 24.4332697378996
1212.00121555147 24.5146731398487
1216.50997360271 24.6171962159718
1221.03550465623 24.7128711757999
1225.57787110919 24.8024290073396
1230.13713559085 24.8802494319703
1234.71336096344 24.917106484174
1239.30661032308 24.9818034680242
1243.9169470006 25.0419305641182
1248.54443456241 25.101257335318
1253.18913681141 25.1543795970264
1257.85111778785 25.2202232212755
1262.53044177021 25.3004233703467
1267.22717327611 25.3715496085279
1271.94137706315 25.3959844986561
1276.67311812987 25.4320281657394
1281.42246171659 25.5057922513936
1286.18947330632 25.5904010350934
1290.97421862569 25.670693940181
1295.77676364585 25.7189027486837
1300.59717458334 25.744480184824
1305.43551790105 25.782275927648
1310.29186030912 25.832790272924
1315.16626876584 25.9021340255515
1320.05881047861 25.9476582842273
1324.96955290485 25.9752308815424
1329.8985637529 26.0178776076123
1334.84591098301 26.0519711859767
1339.81166280824 26.0878260164193
1344.79588769541 26.1572073397591
1349.79865436604 26.2060923303293
1354.82003179729 26.2523457026591
1359.86008922295 26.2926767802996
1364.91889613434 26.316005480423
1369.9965222813 26.3241442678111
1375.09303767316 26.3388767803995
1380.20851257966 26.35314565718
1385.343017532 26.3711185453711
1390.49662332371 26.4083082425904
1395.6694010117 26.4349935761239
1400.86142191724 26.4751451216876
1406.07275762689 26.5405254633658
1411.30347999353 26.5783634258222
1416.55366113734 26.5812396730856
1421.82337344679 26.5938721173301
1427.11268957965 26.6208859760504
1432.42168246399 26.6569255471359
1437.75042529915 26.6925586388155
1443.09899155681 26.7242030656473
1448.46745498195 26.7553596650864
1453.85588959391 26.7570970451016
1459.26436968736 26.7374173467686
1464.69296983337 26.7248459401587
1470.14176488043 26.7355806497474
1475.61082995546 26.7627658353387
1481.10024046487 26.7624054574047
1486.61007209556 26.7788199327955
1492.14040081604 26.764285945546
1497.69130287738 26.7377127663967
1503.26285481435 26.709840633381
1508.85513344643 26.6887914052531
1514.46821587884 26.7123983366214
1520.10217950369 26.7245082993784
1525.75710200096 26.7362649244192
1531.43306133963 26.6695714404147
1537.1301357787 26.6201399853236
1542.84840386835 26.5617025807221
1548.58794445092 26.5060790714382
1554.34883666208 26.5436131718153
1560.1311599319 26.5631828667529
1565.93499398592 26.5668735849656
1571.76041884628 26.5703699038654
1577.60751483278 26.5953386973227
1583.47636256406 26.5711837763491
1589.36704295864 26.5203763988987
1595.27963723608 26.4958134769405
1601.21422691806 26.5230006875304
1607.17089382956 26.5434036097343
1613.14972009994 26.5461921411766
1619.15078816409 26.5083504899383
1625.17418076356 26.5309237926142
1631.21998094772 26.5213337152494
1637.28827207488 26.5336264391154
1643.37913781346 26.4903031288452
1649.49266214312 26.4679050944287
1655.62892935595 26.4615001343612
1661.7880240576 26.4525909869981
1667.97003116847 26.4571647537719
1674.17503592487 26.4560756705955
1680.40312388019 26.4314267463215
1686.6543809061 26.3979932908356
1692.9288931937 26.3396850766646
1699.22674725475 26.3017295595099
1705.54802992284 26.2580601786322
1711.89282835457 26.2269305655578
1718.26123003079 26.1718845405217
1724.65332275779 26.1568107472874
1731.06919466848 26.1222134669836
1737.50893422366 26.0818118099314
1743.9726302132 26.0552750700749
1750.46037175728 26.043317795402
1756.97224830763 26.0434055322757
1763.50834964871 26.0407579553522
1770.06876589903 26.0169618083043
1776.65358751231 25.9773291784551
1783.26290527881 25.9556733295401
1789.8968103265 25.9481602170189
1796.55539412237 25.9288330825593
1803.23874847367 25.9092465063001
1809.94696552921 25.8839170657469
1816.68013778055 25.8854999453055
1823.43835806337 25.9397258817799
1830.22171955869 25.9509602137533
1837.03031579418 25.9602411483971
1843.86424064544 25.932968208032
1850.72358833728 25.9160424374219
1857.60845344505 25.9064407064498
1864.51893089594 25.9028777866102
1871.45511597026 25.888330750331
1878.41710430278 25.941715164285
1885.40499188403 25.9738023950534
1892.41887506164 25.9999445742955
1899.45885054167 25.9846763865481
1906.52501538993 25.9753284573506
1913.61746703332 25.9736612563316
1920.73630326118 25.9402543278892
1927.88162222663 25.9526100860826
1935.05352244795 25.9691277764318
1942.25210280989 25.9848023981841
1949.47746256507 26.0245225718826
1956.72970133535 25.9912473373826
1964.00891911318 25.9751472760865
1971.315216263 26.0014401020188
1978.6486935226 26.0142612528716
1986.00945200454 26.0186785867586
1993.39759319752 26.0076847051157
2000.8132189678 26.0058498415796
2008.25643156057 26.0191516195419
2015.7273336014 26.0181217319177
2023.22602809763 26.0205516666008
2030.75261843979 26.0325990155475
2038.30720840305 26.1039481918006
2045.88990214862 26.1223030224535
2053.50080422521 26.1329558052725
2061.14001957043 26.1599422138806
2068.80765351232 26.2010119519329
2076.5038117707 26.2632324224022
2084.22860045872 26.2978574518671
2091.98212608424 26.31312169416
2099.76449555137 26.3714511321502
2107.57581616189 26.4319392163599
2115.41619561679 26.4661328384304
2123.28574201767 26.5190758290798
2131.18456386831 26.5542888354608
2139.11277007613 26.6030272032794
2147.07046995368 26.6535391083633
2155.05777322019 26.6925235270605
2163.07479000302 26.7729153318882
2171.12163083925 26.8160325969662
2179.19840667714 26.8469692999685
2187.30522887772 26.8840619197919
2195.44220921625 26.900342861547
2203.60945988384 26.8911289133293
2211.80709348895 26.9271124241697
2220.03522305895 26.9935211252017
2228.29396204169 27.0414582503062
2236.58342430704 27.1010183908055
2244.90372414851 27.1358848854352
2253.25497628476 27.156830488542
2261.63729586123 27.2154203892679
2270.0507984517 27.2740327222658
2278.49560005991 27.3374862265237
2286.97181712113 27.3805841752436
2295.4795665038 27.3708402364848
2304.0189655111 27.3896330085649
2312.59013188261 27.4427933176117
2321.19318379588 27.5257822216759
2329.82823986813 27.5999780018952
2338.49541915782 27.6382829419282
2347.19484116633 27.6632158164846
2355.9266258396 27.7554114231992
2364.69089356977 27.7768687605658
2373.48776519685 27.7937125628892
2382.3173620104 27.8312758516081
2391.17980575117 27.9107345158313
2400.07521861281 27.9362030859598
2409.00372324354 27.9679607872157
2417.96544274784 28.0308120084844
2426.96050068814 28.0874692712827
2435.98902108656 28.1172924500017
2445.05112842657 28.1731971570777
2454.14694765475 28.2053126407703
2463.27660418247 28.2360305546154
2472.44022388765 28.2625714095956
2481.63793311651 28.2804717894485
2490.86985868525 28.3243388448487
2500.13612788187 28.3479764233643
2509.43686846789 28.4000345000904
2518.7722086801 28.450765565714
2528.14227723234 28.4702719462832
2537.54720331731 28.5090754966921
2546.98711660828 28.5462264635438
2556.46214726094 28.5398292615245
2565.97242591516 28.5340194751923
2575.51808369681 28.5374546476975
2585.09925221956 28.5610138980369
2594.7160635867 28.5721893300497
2604.36865039294 28.6175842193582
2614.05714572626 28.617639537088
2623.78168316975 28.6150207667669
2633.54239680345 28.630481587691
2643.33942120615 28.6233231884741
2653.17289145733 28.5856857684373
2663.04294313896 28.5951823942269
2672.94971233738 28.604213747908
2682.89333564519 28.6665172955273
2692.87395016314 28.6815356107702
2702.89169350199 28.6798668876901
2712.94670378444 28.6904467763821
2723.03911964699 28.6743622115289
2733.16908024193 28.6794776366032
2743.33672523916 28.6979638076733
2753.54219482819 28.7151030798475
2763.78562972005 28.7549838444199
2774.06717114922 28.7799873163219
2784.38696087559 28.7739982616653
2794.74514118641 28.7587566386363
2805.14185489824 28.7592162997
2815.57724535896 28.7491416042637
2826.05145644968 28.7395573184987
2836.56463258679 28.7321300962679
2847.11691872391 28.7196865371758
2857.7084603539 28.7163887135
2868.33940351088 28.7044789939195
2879.00989477221 28.6549058524615
2889.72008126055 28.6350382891303
2900.47011064586 28.6266213277705
2911.26013114745 28.6229608529121
2922.09029153602 28.6059151331978
2932.9607411357 28.5707339663381
2943.87162982615 28.5575790938678
2954.82310804455 28.5697778313682
2965.81532678776 28.5088315936385
2976.84843761435 28.460971723248
2987.9225926467 28.4363479942179
2999.0379445731 28.4086053637948
3010.19464664985 28.3856601970687
3021.39285270338 28.3899516123279
3032.63271713238 28.3554499687092
3043.91439490991 28.3302078858533
3055.23804158553 28.3380374798934
3066.60381328749 28.3102815949222
3078.01186672482 28.2765353181212
3089.46235918954 28.2563706202883
3100.95544855881 28.2533798523865
3112.4912932971 28.2676581468437
3124.07005245839 28.2554779219694
3135.69188568836 28.2308616825138
3147.35695322657 28.1940650476199
3159.0654159087 28.1664600696574
3170.81743516875 28.1492728084158
3182.61317304128 28.1244718915191
3194.45279216361 28.0890352991592
3206.3364557781 28.0592536824247
3218.26432773439 28.0552044174227
3230.23657249166 28.0222644795038
3242.25335512088 27.9645808370152
3254.3148413071 27.9319155537909
3266.42119735174 27.9166067380489
3278.57259017489 27.8800637011531
3290.76918731757 27.8332103740952
3303.01115694409 27.8191338429295
3315.29866784434 27.785319995341
3327.63188943612 27.7432421760335
3340.01099176749 27.7229728489152
3352.43614551909 27.6751878260938
3364.90752200653 27.648288424152
3377.42529318271 27.5745792383512
3389.98963164021 27.5429060954833
3402.60071061369 27.5351601379364
3415.25870398225 27.4677204841947
3427.96378627182 27.4549599505006
3440.71613265761 27.4081323606855
3453.51591896648 27.3720892414203
3466.36332167938 27.3348825228166
3479.25851793381 27.2669469345198
3492.20168552621 27.2380713889859
3505.19300291445 27.2111532626918
3518.23264922029 27.1832466484265
3531.32080423182 27.126575456972
3544.45764840598 27.0771793876877
3557.64336287101 27.0457361865586
3570.87812942896 27.0138474578542
3584.16213055823 26.974378520292
3597.49554941602 26.9332124530117
3610.87856984091 26.8994047584096
3624.31137635539 26.8729646567982
3637.79415416837 26.8449269073459
3651.32708917776 26.7878229729793
3664.91036797302 26.7375985388318
3678.54417783777 26.7055492673661
3692.2287067523 26.6666375711172
3705.96414339624 26.6180780790482
3719.75067715111 26.5525248289687
3733.58849810294 26.5227278320336
3747.47779704492 26.5071105636215
3761.41876547999 26.4748591647626
3775.4115956235 26.4590244580908
3789.45648040586 26.4078180682522
3803.55361347522 26.3683855870569
3817.70318920008 26.3557832128531
3831.90540267205 26.3006539028501
3846.16044970847 26.2337397795705
3860.46852685515 26.2125033932279
3874.82983138907 26.185194020429
3889.24456132109 26.1267187947778
3903.7129153987 26.0607069885151
3918.23509310874 25.9999905229883
3932.81129468018 25.9458388807605
3947.44172108682 25.9007833222989
3962.12657405015 25.8558918111506
3976.86605604205 25.8060127584874
3991.66037028761 25.7482968548916
4006.50972076797 25.7151166008996
4021.41431222307 25.6821651287996
4036.37435015451 25.6364935072322
4051.39004082838 25.6046163683514
4066.46159127809 25.5503600085391
4081.58920930724 25.534673265016
4096.77310349248 25.4688124255254
4112.01348318638 25.4178358655577
4127.31055852032 25.3618602552606
4142.6645404074 25.33552934515
4158.07564054532 25.2684938392495
4173.54407141932 25.2403409360149
4189.07004630512 25.2095553674649
4204.65377927183 25.1246587440376
4220.29548518492 25.0707241031185
4235.99537970918 24.9904815746964
4251.7536793117 24.9464155809284
4267.57060126484 24.866372162596
4283.44636364922 24.7595592944531
4299.38118535678 24.6877181681041
4315.37528609372 24.5702167078521
4331.42888638358 24.4636277221732
4347.54220757028 24.3676705215836
4363.71547182114 24.2593679468552
4379.94890212999 24.14929492177
4396.24272232018 24.0654369715891
4412.59715704774 23.944316944744
4429.01243180443 23.7855152712924
4445.48877292084 23.6781368040263
4462.02640756957 23.573262853807
4478.62556376828 23.4442153407747
4495.28647038291 23.3486565634841
4512.0093571308 23.2618804603445
4528.79445458383 23.174886544039
4545.64199417167 23.047140845544
4562.5522081849 22.9807416494296
4579.52532977826 22.9095041916724
4596.56159297383 22.8460537935243
4613.6612326643 22.7764374058922
4630.82448461615 22.7157867647265
4648.05158547297 22.6474578050976
4665.34277275865 22.5626831087909
4682.69828488072 22.51313771111
4700.11836113359 22.4698554179977
4717.60324170188 22.3950932836414
4735.15316766371 22.3432659834038
4752.76838099403 22.2628219892532
4770.44912456798 22.2283822937069
4788.1956421642 22.1511561607653
4806.00817846821 22.0771508520771
4823.88697907579 21.9920283660186
4841.83229049635 21.9508672235746
4859.84436015636 21.884694439208
4877.92343640271 21.7937982106655
4896.06976850618 21.749530927893
4914.28360666486 21.6979200852596
4932.5652020076 21.6262215944069
4950.91480659747 21.5557927454433
4969.33267343524 21.4633040469091
4987.81905646287 21.4066249837141
5006.374210567 21.338862826015
5024.99839158248 21.284544409053
5043.69185629588 21.1931859927918
5062.45486244905 21.10240468232
5081.28766874266 21.0047431821913
5100.19053483977 20.900205105862
5119.16372136941 20.809016399663
5138.20748993018 20.7080346720528
5157.32210309384 20.6753619106005
5176.50782440896 20.5912551599827
5195.76491840452 20.5460534442328
5215.09365059358 20.4477086347291
5234.49428747691 20.3600304250413
5253.96709654673 20.2669991904256
5273.51234629033 20.150706688392
5293.1303061938 20.0724585255917
5312.82124674575 20.0238171667164
5332.58543944101 19.9482326880807
5352.42315678444 19.8644550410625
5372.3346722946 19.809787409735
5392.32026050759 19.7757626463345
5412.38019698081 19.7502291030466
5432.51475829674 19.7650128773647
5452.72422206679 19.7900350400025
5473.00886693511 19.7483673494974
5493.36897258242 19.7587870693115
5513.80481972988 19.7623956466543
5534.31669014299 19.7295535493009
5554.9048666354 19.7317200858735
5575.56963307287 19.7608754327219
5596.31127437719 19.8015329978704
5617.13007653004 19.8234675277276
5638.02632657703 19.8528708841246
5659.00031263156 19.8815801127994
5680.05232387887 19.8862457320129
5701.18265057998 19.8874588484264
5722.39158407572 19.9173545591369
5743.67941679072 19.9131277582376
5765.04644223748 19.8993130105678
5786.49295502037 19.9137896083018
5808.01925083973 19.9252278189382
5829.62562649593 19.8941077670766
5851.31237989346 19.8860378711483
5873.07981004505 19.9087540287677
5894.92821707578 19.8770637593
5916.85790222723 19.8459015005041
5938.86916786162 19.8512001177718
5960.96231746598 19.8625449699237
5983.13765565636 19.8589382236012
6005.395488182 19.8515586917991
6027.73612192954 19.8599585712976
6050.1598649273 19.8489877996243
6072.66702634946 19.8741130836948
6095.25791652038 19.8746471356114
6117.93284691885 19.8735830505769
6140.69213018238 19.8944093141821
6163.53608011154 19.9074229894423
6186.46501167426 19.9203130310498
6209.47924101016 19.9407749705598
6232.57908543496 19.9459247553224
6255.7648634448 20.006498882977
6279.03689472068 20.0655073455266
6302.39550013281 20.1333808676189
6325.84100174511 20.1893277514183
6349.37372281957 20.2555394090178
6372.99398782075 20.3144088758492
6396.70212242028 20.3871936000839
6420.49845350128 20.4762112429619
6444.38330916293 20.6082248955894
6468.35701872496 20.6847801815382
6492.4199127322 20.7019023830328
6516.57232295915 20.7893926181841
6540.81458241452 20.8513780307365
6565.14702534586 20.9534857024188
6589.56998724415 21.0522773183212
6614.08380484842 21.1583892694977
6638.68881615042 21.2692864404423
6663.38536039924 21.3985733978513
6688.17377810601 21.5091893829218
6713.05441104861 21.5929422981169
6738.02760227635 21.7122562895933
6763.09369611472 21.7786463266614
6788.25303817014 21.8609145588916
6813.5059753347 21.9372523020705
6838.85285579099 21.9934097310937
6864.29402901684 22.0264418618188
6889.82984579019 22.1140548378861
6915.4606581939 22.1560674063869
6941.18681962062 22.218963154273
6967.00868477764 22.3062759694404
6992.92660969181 22.3380106069383
7018.94095171442 22.4056415927313
7045.05206952614 22.4341752987412
7071.26032314197 22.4864313090864
7097.56607391621 22.5574474784021
7123.96968454742 22.5650405763187
7150.47151908342 22.5603542611351
7177.07194292636 22.6107372254241
7203.77132283768 22.6716552870225
7230.57002694323 22.7175850203349
7257.46842473831 22.7719307760509
7284.46688709279 22.7853985882127
7311.5657862562 22.8168600463417
7338.76549586288 22.8792931459054
7366.06639093713 22.9342384030767
7393.46884789835 22.9661067249471
7420.97324456628 23.053081719326
7448.57996016619 23.1100671245162
7476.28937533407 23.1546475454032
7504.10187212195 23.19456265606
7532.0178340031 23.2243840600561
7560.03764587737 23.2573375962148
7588.16169407645 23.2724877987823
7616.39036636925 23.3336415626544
7644.72405196718 23.396497573373
7673.16314152958 23.4369946756422
7701.70802716907 23.5000496319415
7730.35910245697 23.5604421670043
7759.11676242871 23.5865440850426
7787.98140358931 23.6085033099921
7816.95342391881 23.6477029150409
7846.03322287777 23.6890105994418
7875.22120141279 23.6585159185187
7904.51776196203 23.6244505501405
7933.92330846076 23.6031437147141
7963.4382463469 23.6094302641662
7993.06298256668 23.5934219391175
8022.79792558017 23.6023407408556
8052.64348536698 23.6194915373872
8082.60007343185 23.6017875814285
8112.66810281039 23.5701789222228
8142.84798807473 23.5559387943889
8173.14014533922 23.5740108441901
8203.54499226624 23.5570811085044
8234.06294807188 23.5077360314392
8264.69443353176 23.4958209907869
8295.43987098684 23.4931924196272
8326.29968434921 23.474535061023
8357.27429910795 23.4718780616001
8388.36414233502 23.4797420210157
8419.56964269112 23.4613783518051
8450.89123043159 23.4872929369145
8482.32933741237 23.5058499723095
8513.88439709597 23.5237520038357
8545.55684455738 23.5339375643036
8577.34711649014 23.5510656026273
8609.25565121232 23.5625628676389
8641.28288867257 23.6092333988242
8673.42927045619 23.6382556971842
8705.69523979124 23.6799944892489
8738.0812415546 23.7165852618235
8770.58772227814 23.7343863520732
8803.2151301549 23.7946323157703
8835.96391504519 23.83546455235
8868.83452848289 23.8867524087698
8901.82742368161 23.9322303258258
8934.94305554094 23.9718719666765
8968.18188065276 24.0297210587464
9001.54435730751 24.1340986808305
9035.03094550052 24.1850352432501
9068.64210693833 24.2051617667181
9102.37830504507 24.2326605804458
9136.24000496888 24.2584913414396
9170.22767358826 24.3169615017793
9204.34177951857 24.3709583008257
9238.58279311844 24.4106080434798
9272.9511864963 24.4514732634875
9307.44743351684 24.5160064708477
9342.07200980759 24.5162372572092
9376.82539276547 24.5297394402392
9411.70806156333 24.5403823826372
9446.72049715662 24.5386810402634
9481.86318228997 24.5304107898471
9517.13660150386 24.538927049992
9552.54124114133 24.5642204556428
9588.07758935464 24.5684946355141
9623.74613611202 24.5554751908566
9659.54737320446 24.5182500081805
9695.48179425241 24.4898733406194
9731.54989471268 24.4335937131681
9767.75217188519 24.4188100606068
9804.08912491989 24.4469719579236
9840.5612548236 24.4560984894271
9877.16906446693 24.4677525562828
9913.91305859123 24.4984149705083
9950.79374381551 24.5001029876209
9987.81162864349 24.5434684900644
10024.9672234705 24.5486588607486
10062.2610405907 24.5913964018139
10099.6935942039 24.6001644219915
10137.265400423 24.6015281595883
10174.9769772805 24.6390382335588
10212.8288447364 24.6524848027326
10250.8215246849 24.67524538151
10288.9555409616 24.690830336633
10327.231419351 24.6995735109264
10365.6496875932 24.7477685980051
10404.210875392 24.7753352675721
10442.9155144215 24.7931195521988
10481.7641383337 24.8030436593566
10520.7572827658 24.8275643717057
10559.8954853477 24.8391227655947
10599.1792857094 24.8492163581369
10638.6092254881 24.8790835203807
10678.1858483363 24.8686337215313
10717.9096999286 24.9279873718169
10757.7813279699 24.9704380796919
10797.8012822023 25.0094523570255
10837.9701144131 25.042814383804
10878.2883784424 25.0562038886121
10918.7566301905 25.0626182230642
10959.3754276259 25.0809214178762
11000.1453307925 25.1042155209945
11041.0669018179 25.1161993528113
11082.1407049206 25.1087588909442
11123.3673064183 25.0905074274494
11164.7472747353 25.0627648179877
11206.2811804106 25.0012208060498
11247.9695961055 24.9832211102996
11289.8130966117 24.9732514331328
11331.8122588594 24.9180548970172
11373.9676619248 24.8787118043196
11416.2798870383 24.8876570839885
11458.7495175926 24.8637831533721
11501.3771391508 24.8597316234313
11544.1633394541 24.8480775125439
11587.1087084304 24.8038614219684
11630.213838202 24.7766475860147
11673.4793230941 24.7384854851751
11716.9057596427 24.7533286851399
11760.4937466031 24.7857014596118
11804.2438849579 24.7960662237235
11848.1567779254 24.7931709584806
11892.2330309682 24.826877313498
11936.473251801 24.8573910951146
11980.8780503993 24.8661117265288
12025.4480390078 24.8554821498073
12070.1838321489 24.8725299464693
12115.0860466309 24.8655644204109
12160.1553015568 24.8961086372221
12205.3922183327 24.9120100666334
12250.7974206764 24.9520717640805
12296.371534626 25.0030516661145
12342.1151885484 24.9935550784659
12388.0290131483 25.0208090054791
12434.1136414765 25.0214978368437
12480.3697089389 25.0356482212898
12526.7978533051 25.0631923679389
12573.3987147173 25.0734728863542
12620.1729356991 25.058259909361
12667.1211611643 25.027833920567
12714.244038426 25.015253094251
12761.5422172051 25.0481833493135
12809.0163496398 25.0288411211265
12856.667090294 25.0166263145041
12904.495096167 24.9954452607567
12952.5010267019 25.0079650856139
13000.6855437952 25.0057811738454
13049.0493118056 25.0131111001079
13097.5929975632 25.0116691836262
13146.317270379 25.0170268889049
13195.2228020538 25.0412368701706
13244.3102668874 25.0387935777531
13293.5803416882 25.0671521738759
13343.0337057825 25.095349995788
13392.6710410235 25.1206265056946
13442.4930318013 25.1401957947038
13492.5003650516 25.1269569996939
13542.6937302658 25.1351908873585
13593.0738195003 25.1248341425914
13643.6413273859 25.113027636528
13694.3969511376 25.0959703193436
13745.3413905639 25.1140039915697
13796.4753480769 25.1039429178093
13847.7995287016 25.0831853073362
13899.3146400859 25.0652942693607
13951.02139251 25.066291807313
14002.9204988965 25.0512810906865
14055.0126748202 25.0498390203416
14107.2986385179 25.0855234761823
14159.7791108982 25.068420470653
14212.4548155516 25.0690479247343
14265.3264787606 25.0961246733034
14318.3948295092 25.1003112192806
14371.6605994936 25.0896132394926
14425.1245231318 25.1231648319088
14478.7873375739 25.1333904824732
14532.6497827125 25.1465456955409
14586.7126011923 25.1883199366827
14640.9765384209 25.2134361155846
14695.442342579 25.252218217865
14750.1107646304 25.2214507022079
14804.9825583328 25.2077331907428
14860.0584802475 25.2224158938697
14915.3392897509 25.2370567175235
14970.8257490437 25.2351360467137
15026.5186231627 25.2687110973114
15082.4186799901 25.2745971400832
15138.5266902652 25.2972431727468
15194.8434275942 25.306718772148
15251.3696684613 25.3135032116235
15308.1061922393 25.3207149184533
15365.0537812003 25.3055114367676
15422.2132205266 25.2747837556584
15479.5852983214 25.2170715242691
15537.1708056196 25.2155494714429
15594.9705363991 25.1828442561521
15652.9852875913 25.1710300575586
15711.2158590922 25.16408156772
15769.6630537736 25.1554069566691
15828.327677494 25.1227305039276
15887.2105391099 25.1262054208671
15946.3124504865 25.1057853869486
16005.6342265097 25.115785452849
16065.1766850963 25.0959625485779
16124.9406472063 25.1007231792317
16184.9269368535 25.0766734981045
16245.1363811172 25.0734558285569
16305.5698101534 25.0406818594554
16366.2280572065 25.0432948869051
16427.1119586206 25.0159736511897
16488.2223538509 24.9778940174298
16549.5600854758 24.9663353834158
16611.1259992079 24.9118355596693
16672.9209439061 24.8865818006965
16734.9457715869 24.8244490300234
16797.2013374366 24.7555311057404
16859.6884998228 24.6781914090273
16922.4081203063 24.6007481642048
16985.3610636531 24.5357497079838
17048.5481978459 24.4570949756159
17111.9703940967 24.387033803268
17175.6285268585 24.3474447698072
17239.523473837 24.2930602596107
17303.6561160034 24.2170907651233
17368.027337606 24.1438674996517
17432.6380261827 24.0846868696267
17497.489072573 24.0346595031879
17562.5813709306 23.9660060204713
17627.9158187353 23.9307309258078
17693.4933168058 23.9010070713225
17759.3147693119 23.8623596865502
17825.3810837868 23.7968596732647
17891.6931711401 23.7768192859076
17958.2519456698 23.7541885401278
18025.0583250755 23.7407494130786
18092.1132304703 23.7197551885987
18159.4175863943 23.6834661634171
18226.9723208268 23.635317087382
18294.7783651994 23.5881926323876
18362.8366544084 23.5258211257441
18431.1481268284 23.4725554023188
18499.7137243246 23.4107659309591
18568.5343922661 23.3555113239184
18637.6110795389 23.2979147118935
18706.9447385587 23.2277742459255
18776.5363252847 23.1734262856415
18846.3867992321 23.1089648428551
18916.4971234854 23.0418481113272
18986.8682647123 22.9867446116038
19057.5011931763 22.9421944634158
19128.3968827505 22.8808935281523
19199.5563109307 22.8489572094598
19270.9804588494 22.8090744073737
19342.6703112886 22.8021106479949
19414.6268566943 22.7976837217419
19486.851087189 22.7937736768075
19559.3439985865 22.7652681919104
19632.1065904049 22.7261490515386
19705.1398658807 22.6898693033998
19778.4448319822 22.6430476391137
19852.0224994243 22.6116108126558
19925.8738826813 22.5652370452881
20000.0000000017 22.5652370452881
