35.0680918703757 0
45.8325024377791 5.29163187871091
48.0991731006096 3.84735268892565
50.4779431606027 2.53480108501439
52.9743565527689 1.16494306363486
55.594231390358 -0.0818185232879294
58.3436735244898 -1.26791051594738
61.2290907743825 -2.46692498232645
64.2572078613447 -3.97500184648965
67.4350820813359 -5.17895218248439
70.7701197526224 -6.34459267035618
74.2700934768597 -7.28587290111459
77.9431602538311 -8.11111294146381
81.7978804920615 -8.61224033158927
85.8432379596091 -8.58787699772749
90.088660721536 -8.07672141845126
94.5440431128511 -6.96908628760686
99.2197687981374 -5.73385114351658
104.126734971605 -4.55819430149526
109.27637775397 -3.50343963651785
114.680698845352 -2.52606631567608
120.3522934963 -1.98316206916027
126.304379862144 -1.43667008886354
132.550829809082 -1.42854806628903
139.106201243796 -1.58665163876255
145.985772041946 -1.70757328035169
153.205575654619 -2.2814079391975
160.78243847571 -2.34937386592416
168.734019057329 -2.18368248176811
177.078849264624 -2.58515879723209
185.836377465944 -2.56615353050221
195.027013858983 -2.5837640276311
204.672178038568 -3.3845649728874
214.794348916918 -3.42711922624308
225.417117112757 -4.15516509746773
236.565239931339 -5.07929116347527
248.264699063551 -5.35491653795334
260.542761138553 -5.91560820628029
273.428041271082 -6.29082252105586
286.950569751514 -6.43314901399809
301.14186203413 -6.69584286232856
316.03499218668 -6.74290174766629
331.664669972436 -6.33848570128471
348.067321744384 -6.06503984579688
365.281175340072 -4.99647063082411
383.346349174985 -4.28734954097754
402.304945742077 -3.17488776578158
422.20114973537 -2.3310689619667
443.081331026313 -1.37125886528012
464.994152732887 -0.793256458710211
487.990684633326 -0.198313065697891
512.124522188771 -0.237434327654293
537.451911452257 -0.513553410394063
564.03188015514 -0.742225495643873
591.926375276465 -1.28276659539001
621.200407415909 -1.93925830749169
651.922202306761 -2.10623459644469
684.163359822055 -2.08596315774969
717.999020844436 -1.72944998539469
753.508042388666 -1.01847251585169
790.773181384902 -0.105925802917695
829.881287551079 0.800564729039306
870.923505803893 2.09454751266531
913.99548868013 2.58421352461831
959.197619263401 2.88614321077631
1006.63524513584 2.60119978520031
1056.41892390001 2.04546937121731
1108.66468084322 1.14999719188231
1163.49427934474 0.588235710583306
1221.03550465623 -0.0981862504026933
1281.42246171659 -0.704356484984692
1344.79588769541 -1.28656119949569
1411.30347999353 -1.74888410211369
1481.10024046487 -2.16047557942569
1554.34883666208 -2.60980015228069
1631.21998094772 -2.67507026008969
1711.89282835457 -2.83794412642769
1796.55539412237 -2.83724457477869
1885.40499188403 -2.88069596145969
1978.6486935226 -2.71759250367969
2076.5038117707 -2.93295064368069
2179.19840667714 -2.94018960082769
2286.97181712113 -3.20989506113069
2400.07521861281 -3.57841212541769
2518.7722086801 -3.87916953338669
2643.33942120615 -3.97936378156969
2774.06717114922 -4.15414890870169
2911.26013114745 -4.08832722772569
3055.23804158553 -3.75311443197369
3206.3364557781 -3.48241479064869
3364.90752200653 -3.27152610396769
3531.32080423182 -2.95394595598869
3705.96414339624 -2.81910098191569
3889.24456132109 -2.56888902094869
4081.58920930724 -2.15351332962369
4283.44636364922 -1.99333680442169
4495.28647038291 -1.71429535324869
4717.60324170188 -1.33778298599269
4950.91480659747 -1.20470525737769
5195.76491840452 -1.10712008183569
5452.72422206679 -0.840832611417695
5722.39158407572 -0.567097763385692
6005.395488182 -0.468382523415694
6302.39550013281 -0.251598712230694
6614.08380484842 -0.222330632864693
6941.18681962062 -0.220366461169692
7284.46688709279 -0.194291554374692
7644.72405196718 -0.177435145840692
8022.79792558017 -0.309693518681693
8419.56964269112 -0.193175869805695
8835.96391504519 -0.280820612663695
9272.9511864963 -0.382007312627695
9731.54989471268 -0.544501079673693
10212.8288447364 -0.516474400178693
10717.9096999286 -0.527693320564693
11247.9695961055 -0.661485176365693
11804.2438849579 -0.713302236273693
12388.0290131483 -0.796872297504694
13000.6855437952 -1.04023591736169
13643.6413273859 -1.16357346782369
14318.3948295092 -1.03811303864569
15026.5186231627 -0.957782056462693
15769.6630537736 -0.584870017042692
16549.5600854758 0.134528907455306
17368.027337606 1.03906819641731
18226.9723208268 1.84329439478931
19128.3968827505 2.49721705494031
