10 14.4611949920654
10.0372009367102 14.4774913763503
10.0745402643896 14.4673851850525
10.1120184978655 14.4356537603335
10.1496361538807 14.4039803515527
10.1873937510998 14.3726123237843
10.2252918101175 14.3421748472371
10.2633308534646 14.311792060211
10.3015114056161 14.2814639076132
10.3398339929981 14.2518502980622
10.3782991439948 14.2223774835569
10.4169073889563 14.1929597271367
10.4556592602056 14.1642100670011
10.4945552920458 14.1360017181403
10.5335960207679 14.1078453193905
10.5727819846578 14.0799767454368
10.6121137240039 14.0529805796096
10.6515917811047 14.0260365851025
10.6912167002759 13.9991434474926
10.7309890278581 13.9729073483648
10.7709093122244 13.9468049984572
10.8109781037879 13.9207543263376
10.8511959550093 13.8953439911868
10.8915634204045 13.870464321957
10.9320810565522 13.845635515647
10.9727494221018 13.8210059953114
11.0135690777806 13.7969712040434
11.0545405864021 13.7729873936244
11.0956645128736 13.7490532716212
11.1369414242037 13.7260615624918
11.1783718895104 13.7032248885087
11.2199564800288 13.6809138819648
11.2616957691193 13.6589670667779
11.3035903322749 13.6375000354623
11.3456407471298 13.6160986015641
11.3878475934668 13.5949908834941
11.4302114532258 13.5746915884699
11.4727329105113 13.5544622593598
11.515412551601 13.5342987960035
11.5582509649534 13.5147964460385
11.6012487412161 13.4954328536691
11.6444064732342 13.4761380487256
11.6877247560581 13.4576188461238
11.7312041869517 13.4399718627208
11.774845365401 13.4226931596892
11.818648893122 13.4059211348019
11.8626153740693 13.3900223540836
11.9067454144441 13.374469599697
11.9510396227028 13.3592595059695
11.9954986095653 13.344952598622
12.0401229880234 13.3310461037676
12.0849133733495 13.3174600264685
12.1298703831044 13.3048305600164
12.1749946371469 13.2929858731382
12.2202867576412 13.2814463624017
12.2657473690664 13.2704028420101
12.3113770982243 13.2602931013511
12.3571765742489 13.2504730666449
12.4031464286144 13.2409392055608
12.4492872951442 13.2322368846613
12.4955998100196 13.2238769420893
12.5420846117884 13.2157898091822
12.5887423413741 13.249435443453
12.6355736420843 13.2596655471256
12.6825791596199 13.2703266430556
12.7297595420838 13.2816658882687
12.7771154399899 13.2941826766643
12.8246475062721 13.3071335666067
12.8723563962932 13.3205194421452
12.9202427678541 13.3348742949956
12.9683072812028 13.3497247036221
13.0165505990434 13.3650148974452
13.0649733865454 13.3812006420588
13.1135763113527 13.3981772815734
13.162360043593 13.4156169364139
13.2113252558868 13.4337604989255
13.260472623357 13.453086030263
13.3098028236379 13.4728774281983
13.3593165368846 13.4931401026002
13.4090144457825 13.5143889288077
13.4588972355569 13.53616317537
13.5089655939818 13.5584173672263
13.5592202113899 13.581579161158
13.6096617806823 13.6055325156952
13.6602909973373 13.6299678279434
13.7111085594207 13.655111494359
13.7621151675953 13.6813829730888
13.8133115251301 13.7081451146194
13.8646983379105 13.7353982543614
13.9162763144479 13.7637836431062
13.9680461658894 13.7926978939703
14.0200086060276 13.8216531242502
14.0721643513105 13.8509730259078
14.1245141208514 13.8805672917036
14.1770586364386 13.9102089387343
14.2297986225456 13.9401170591754
14.2827348063412 13.9706954583763
14.3358679176991 14.0013227669803
14.3891986892083 14.032000769031
14.442727856183 14.0634707310607
14.496456156673 14.0950479568761
14.5503843314737 14.1266831239117
14.6045131241361 14.1586789824061
14.6588432809775 14.190954351244
14.7133755510915 14.2232878564642
14.7681106863584 14.2558710678643
14.8230494414556 14.2890557616781
14.8781925738679 14.3222854550261
14.9335408438982 14.3555619376266
14.9890950146774 14.3894874380187
15.0448558521758 14.4235142325774
15.1008241252129 14.4575909165198
15.1570006054682 14.4920683301192
15.2133860674922 14.526842782797
15.2699812887167 14.5616711983205
15.3267870494654 14.596753154631
15.3838041329651 14.6324547544298
15.4410333253564 14.6682147742819
15.498475415704 14.7040340672423
15.5561311960084 14.740429773069
15.6140014612162 14.7769318806892
15.6720870092313 14.8134939149395
15.730388640926 14.850428580965
15.7889071601517 14.8876257634845
15.8476433737505 14.9248288312487
15.9065980915658 14.9622135165177
15.9657721264536 15.0000870727465
16.0251662942941 15.0379662434047
16.0847814140026 15.075851292808
16.1446183075405 15.1142611911897
16.2046777999274 15.1527167760856
16.2649607192518 15.1911760811748
16.3254678966828 15.2300461654057
16.3862001664817 15.2692061857308
16.447158366013 15.3083941449421
16.5083433357566 15.3477300672633
16.569755919319 15.3874704811699
16.6313969634448 15.4272068104484
16.6932673180286 15.4669386492632
16.7553678361271 15.5072635449221
16.8176993739698 15.5476178745515
16.880262790972 15.5879633740224
16.9430589497458 15.6286016814145
17.0060887161124 15.6694214928025
17.069352959114 15.7102316879501
17.1328525510256 15.7511968591449
17.1965883673671 15.7925776470561
17.2605612869157 15.8339454663155
17.3247721917173 15.8752958411973
17.3892219670996 15.9171643519549
17.4539115016833 15.959041077123
17.5188416873952 16.0008989434714
17.5840134194801 16.0430968243671
17.649427596513 16.0854989278751
17.7150851204118 16.127877633183
17.7809868964498 16.1703587294903
17.8471338332678 16.2131482440641
17.9135268428867 16.255914885891
17.9801668407205 16.2986484833443
18.0470547455885 16.341879184397
18.1141914797281 16.3851092203371
18.1815779688074 16.4283067637634
18.2492151419383 16.4717343996128
18.3171039316889 16.5153043041248
18.3852452740965 16.5588422835223
18.4536401086808 16.6024781069443
18.5222893784564 16.6462708166895
18.5911940299459 16.6897792041662
18.6603550131934 16.7326166681226
18.7297732817769 16.7749199346243
18.799449792822 16.8162898259747
18.8693855070149 16.8567032252447
18.9395813886156 16.8964598406364
19.0100384054711 16.9354343573785
19.0807575290291 16.9734441885511
19.151739734351 17.0106242473908
19.2229860001258 17.0471743404741
19.2944973086829 17.0827468787474
19.3662746460064 17.1173442656785
19.4383190017482 17.1514304737465
19.5106313692418 17.1845473365322
19.5832127455161 17.2166789848746
19.6560641313089 17.2480674877599
19.7291865310809 17.2786233804594
19.8025809530295 17.3082615351442
19.8762484091027 17.3371273318827
19.950189915013 17.3654156930368
20.0244064902514 17.3927860463286
20.0988991581017 17.4192349873665
20.1736689456542 17.4451348159772
20.2487168838201 17.4701291825485
20.3240440073458 17.4941980731047
20.3996513548271 17.5176222277329
20.4755399687231 17.5402869604642
20.5517108953714 17.5620157437865
20.6281651850019 17.5829546437206
20.7049038917513 17.6032674941037
20.7819280736781 17.6226480024439
20.8592387927765 17.6410940207013
20.9368371149918 17.6589185767077
21.0147241102344 17.6763838331269
21.092900852395 17.6935862665822
21.1713684193594 17.7107450254109
21.2501278930231 17.7277679657054
21.3291803593062 17.7445184048717
21.4085269081689 17.7611216525277
21.4881686336258 17.7777366465755
21.5681066337615 17.7940771072099
21.6483420107456 17.8101310486683
21.7288758708478 17.8262481203957
21.8097093244533 17.8420867480855
21.8908434860779 17.8576410557156
21.9722794743837 17.8731385930889
22.0540184121942 17.8884793048369
22.1360614265099 17.9035474195509
22.2184096485239 17.9188555106179
22.3010642136375 17.9345456460864
22.3840262614756 17.9503613836764
22.4672969359028 17.9662953081809
22.5508773850389 17.9826718889285
22.6347687612749 17.9991720775052
22.7189722212887 18.0157926617762
22.8034889260611 18.032745209369
22.8883200408921 18.0499303941727
22.9734667354164 18.0672206599454
23.0589301836202 18.0847245804509
23.1447115638567 18.1025579524948
23.230812058863 18.1204853028992
23.3172328557757 18.1383267943055
23.4039751461482 18.1561986256608
23.491040125966 18.1737863335886
23.5784289956642 18.1912614375755
23.6661429601435 18.2088469544027
23.754183228787 18.2264557705802
23.8425510154766 18.2439805538481
23.9312475386102 18.2615165369895
24.0202740211181 18.2791787794937
24.1096316904802 18.2967546796634
24.1993217787425 18.3142509523319
24.2893455225345 18.3319512849687
24.3797041630861 18.3495751670023
24.4703989462445 18.3671167523584
24.5614311224917 18.3847540334932
24.6528019469616 18.4024086830469
24.7445126794573 18.4199848407494
24.8365645844686 18.4375666746087
24.9289589311891 18.4552574230716
25.0216969935341 18.4728700434298
25.1147800501579 18.4904040583576
25.2082093844715 18.5081290049327
25.3019862846603 18.5257796471551
25.3961120437021 18.5433577748732
25.4905879593843 18.5610104959528
25.5854153343225 18.5786686742564
25.6805954759781 18.595617307553
25.7761296966763 18.6117993901817
25.8720193136242 18.6272812648763
25.9682656489293 18.6418800518358
26.0648700296171 18.6556032947082
26.1618337876502 18.6686209387234
26.2591582599459 18.6806506088822
26.356844788395 18.691791624498
26.4548947198803 18.7022857345899
26.5533094062951 18.7120533824668
26.6520902045621 18.7210102190686
26.7512384766515 18.7292156678763
26.8507555896003 18.7367267531855
26.9506429155313 18.7434310495111
27.0509018316712 18.7493210059741
27.1515337203705 18.7546196247875
27.2525399691221 18.7591037475838
27.3539219705804 18.7627811455656
27.4556811225806 18.7657871307654
27.5578188281582 18.7680568575669
27.6603364955679 18.7695140703476
27.7632355383033 18.770223617628
27.8665173751163 18.7702407835843
27.9701834300368 18.7694511481708
28.0742351323921 18.7678547025544
28.1786739168268 18.7656002212968
28.2835012233224 18.7625388895835
28.3887184972175 18.7586707702912
28.4943271892273 18.7541103516454
28.6003287554639 18.7488059819042
28.7067246574561 18.742691007533
28.81351636217 18.7356281448624
28.9207053420286 18.7276325563305
29.0282930749329 18.7185707541801
29.1362810442814 18.7084504037125
29.2446707389912 18.6973838937544
29.3534636535184 18.6852436592594
29.4626612878783 18.6720314575724
29.5722651476666 18.6581841117081
29.6822767440801 18.6436940469222
29.7926975939372 18.6284809542372
29.9035292196989 18.612589011421
30.0147731494902 18.5960577780501
30.1264309171207 18.5787867846365
30.2385040621058 18.5607681832368
30.3509941296883 18.5422744717867
30.4639026708593 18.5232182823095
30.5772312423796 18.5035894901404
30.6909814068016 18.4834422165058
30.8051547324904 18.462741864099
30.9197527936455 18.4414538057612
31.0347771703225 18.4196146981945
31.1502294484553 18.3972509408873
31.2661112198773 18.3742828673854
31.3824240823437 18.3507040519824
31.4991696395536 18.3265706478274
31.616349501172 18.3018075454761
31.733965282852 18.2764205133231
31.852018606257 18.2504577075132
31.9705110990833 18.2238825338591
32.0894443950822 18.1966626251023
32.2088201340828 18.1688137540958
32.3286399620146 18.1403369956029
32.4489055309299 18.1112004327292
32.569618499027 18.0813922209074
32.6907805306726 18.0516796378806
32.8123932964254 18.0221080519769
32.9344584730584 17.992733293127
33.0569777435824 17.9636608595347
33.1799527972693 17.9348682635465
33.3033853296751 17.9056704867844
33.4272770426635 17.8759688281467
33.5516296444293 17.8457656897462
33.6764448495218 17.815038719806
33.8017243788689 17.7837865463087
33.9274699598002 17.7520297217156
34.0536833260713 17.719797365994
34.1803662178875 17.6870957189305
34.3075203819277 17.6539291311394
34.4351475713689 17.6202808886617
34.5632495459097 17.5861563423637
34.6918280717952 17.5515656025069
34.8208849218411 17.5165042276125
34.9504218754581 17.4807315373155
35.0804407186764 17.4437026400249
35.2109432441705 17.4056154020888
35.3419312512837 17.3662526322913
35.4734065460531 17.3256172065339
35.6053709412345 17.2835955884943
35.7378262563273 17.2402442530287
35.8707743175993 17.1955963490414
36.0042169581128 17.1496232627132
36.1381560177486 17.1022895078157
36.2725933432325 17.0538944413311
36.40753078816 17.0044845238957
36.5429702130224 16.9540056429833
36.6789134852321 16.9028013731906
36.8153624791483 16.8509191650077
36.9523190761032 16.7984890077588
37.0897851644277 16.7457185253873
37.2277626394773 16.6926256181183
37.3662534036585 16.6402605090192
37.5052593664551 16.5887226364813
37.6447824444542 16.5380365551398
37.7848245613726 16.4882067970817
37.9253876480839 16.4392416485561
38.0664736426444 16.3911461389592
38.2080844903204 16.3439234432783
38.3502221436146 16.2975601932055
38.4928885622931 16.2520716485865
38.6360857134129 16.2074736929975
38.7798155713483 16.163772614109
38.9240801178185 16.1209716151092
39.068881341915 16.0790788610418
39.2142212401288 16.0380041229805
39.3601018163781 15.9974885182894
39.5065250820358 15.9575620005188
39.6534930559574 15.9187886366183
39.8010077645086 15.8816009848699
39.9490712415935 15.8459908444238
40.0976855286824 15.8119528741675
40.2468526748401 15.7794886069659
40.3965747367541 15.7486040660196
40.5468537787631 15.7193009234554
40.6976918728852 15.6921779516821
40.8490910988465 15.6674231709817
41.0010535441102 15.6449879691499
41.1535813039047 15.6248748835978
41.3066764812531 15.6071108239631
41.4603411870018 15.5916911393689
41.6145775398498 15.5786095264246
41.7693876663778 15.5678939089772
41.9247737010778 15.5596637973696
42.080737786382 15.5522966517491
42.2372820726929 15.5458049677339
42.3944087184125 15.5402498408018
42.5521198899724 15.5355806444907
42.7104177618635 15.5318079218202
42.869304516666 15.5288877512923
43.0287823450793 15.5267982447096
43.1888534459529 15.5255384505803
43.3495200263157 15.5251140636947
43.5107843014072 15.5255336773426
43.6726484947079 15.5268020560362
43.8351148379697 15.5289259195546
43.9981855712467 15.5318851791526
44.1618629429266 15.5357161023312
44.3261492097609 15.5406150903129
44.4910466368967 15.546909322041
44.6565574979076 15.5548476458304
44.822684074825 15.5644635480005
44.9894286581698 15.5757522031795
45.1567935469838 15.588709040339
45.3247810488614 15.6033832141959
45.4933934799815 15.6197853661127
45.6626331651395 15.6378480379232
45.8325024377791 15.657666946376
46.0030036400248 15.6792594981449
46.1741391227139 15.7022063697274
46.345911245429 15.7265269755066
46.5183223765307 15.7522593144412
46.69137489319 15.7791327129346
46.8650711814213 15.8070756397392
47.0394136361151 15.8359785385811
47.2144046610712 15.8650178248825
47.3900466690317 15.894111882974
47.5663420817144 15.9233428180795
47.743293329846 15.9527053116898
47.9209028531959 15.9821349182807
48.0991731006096 16.0115201555813
48.2781065300423 16.0408515669348
48.4577056085935 16.0700682225213
48.63797281254 16.0991361959568
48.8189106273711 16.1281391952611
49.000521547822 16.158284964422
49.1828080779086 16.1900444316939
49.3657727309621 16.22364435084
49.5494180296635 16.2593648151428
49.7337465060782 16.297130786335
49.9187607016915 16.3371178240586
50.1044631674429 16.3794025188637
50.2908564637618 16.4239065902895
50.4779431606027 16.4705886193749
50.6657258374805 16.519586598414
50.854207083506 16.5708849867807
51.043389497422 16.6242621881229
51.2332756876387 16.679919997719
51.4238682722698 16.7375749831606
51.6151698791687 16.796985738283
51.8071831459647 16.8576529326146
51.9999107200992 16.9195723357497
52.1933552588626 16.982625863231
52.3875194294302 17.0466345401498
52.5824059089 17.1117480169256
52.7780173843286 17.1773962493445
52.9743565527689 17.2432819656784
53.1714261213071 17.3096622904396
53.3692288070999 17.3765241221987
53.5677673374123 17.4437501247727
53.7670444496548 17.5114690180212
53.9670628914213 17.5797249206684
54.1678254205271 17.6484800223912
54.3693348050468 17.7177122756259
54.5715938233525 17.7874678137068
54.7746052641521 17.8577520105089
54.9783719265278 17.9292950372571
55.1828966199745 18.002376906837
55.3881821644389 18.0772089526004
55.594231390358 18.154495524094
55.8010471386984 18.2341151624818
56.0086322609952 18.3154238094928
56.2169896193917 18.3982670295646
56.4261220866785 18.4827161508388
56.6360325463332 18.5685274049215
56.8467238925604 18.6557439033699
57.0581990303312 18.7448017158939
57.2704608754236 18.8352274727512
57.4835123544625 18.9269979131561
57.6973564049602 19.020341536476
57.9119959753568 19.1149926057339
58.1274340250607 19.2108174491305
58.3436735244898 19.3082942145703
58.5607174551122 19.4076151677436
58.7785688094872 19.5084841409758
58.9972305913069 19.6109333329359
59.2167058154372 19.7145636058692
59.4369975079597 19.8198380779374
59.6581087062134 19.9267659079098
59.8800424588363 20.0355870313559
60.1028018258077 20.1461637170678
60.3263898784903 20.2584651022723
60.5508096996726 20.3729085572091
60.7760643836113 20.4911529610646
61.0021570360742 20.6130876611329
61.2290907743825 20.7387194594945
61.4568687274545 20.8681477770804
61.685494035848 21.0012973357091
61.9149698518044 21.1381908979466
62.1452993392914 21.2789086120036
62.376485674047 21.4234191689553
62.6085320436233 21.5715942978922
62.8414416474305 21.7226883765983
63.0752176967808 21.8722874283822
63.3098634149326 22.0203624576428
63.5453820371355 22.1669188286053
63.7817768106743 22.3119547300581
64.0190509949139 22.45547699789
64.2572078613447 22.5974853553262
64.4962506936269 22.7379836904249
64.7361827876367 22.8769777014593
64.9770074515108 23.0144686158502
65.2187280056928 23.150208011766
65.4613477829786 23.2835645861902
65.7048701285624 23.4146641459737
65.9492984000827 23.5436456895376
66.1946359676689 23.6704686408955
66.4408862139876 23.79557165352
66.688052534289 23.9204918844091
66.9361383364543 24.0451184184381
67.1851470410421 24.1695522077504
67.4350820813359 24.2938197235616
67.6859469033913 24.417503066704
67.9377449660834 24.5406688928757
68.190479741155 24.6645396046143
68.4441547132637 24.7891130168685
68.6987733800307 24.9141850729025
68.9543392520884 25.0400262902207
69.2108558531293 25.165869868385
69.4683267199542 25.2910920479118
69.7267554025213 25.4159041310928
69.9861454639949 25.5400831419824
70.2465004807944 25.6631385437744
70.5078240426442 25.7849199175406
70.7701197526224 25.9029507384797
71.0333912272113 26.0171459244019
71.2976420963466 26.1272950029776
71.5628760034677 26.2336128946886
71.8290966055681 26.3360815367605
72.0963075732454 26.4344469514572
72.3645125907524 26.5300818416494
72.6337153560475 26.6235455679328
72.903919580846 26.7147434043178
73.1751289906711 26.8035113446021
73.4473473249052 26.8893768939593
73.7205783368417 26.9722968451768
73.9948257937363 27.0523791777256
74.2700934768597 27.1297619906
74.5463851815488 27.2048564555312
74.82370471726 27.2790138231521
75.1020559076207 27.3522313221957
75.3814425904831 27.4245022807146
75.6618686179762 27.4958256581914
75.9433378565593 27.5659335615319
76.2258541870754 27.6346934364731
76.5094215048047 27.7020986572316
76.7940437195179 27.7681711308235
77.0797247555308 27.833012986897
77.3664685517576 27.8966136794879
77.654279061766 27.9579500486633
77.9431602538311 28.0163763425598
78.2331161109905 28.0718364641287
78.524150631099 28.1241861678992
78.8162678268838 28.1732843471019
79.1094717259999 28.2192016576963
79.4037663710853 28.2609925038992
79.6991558198174 28.298637149081
79.9956441449681 28.3319855253324
80.2932354344608 28.3610019348707
80.5919337914261 28.3858108178389
80.8917433342586 28.4062745784221
81.192668196674 28.4232598798607
81.4947125277655 28.4373531200984
81.7978804920615 28.4484118837091
82.1021762695827 28.4562950641095
82.4076040558999 28.460815444625
82.714168062192 28.4620666259598
83.0218725153037 28.4598121713186
83.3307216578039 28.4540366371172
83.6407197480444 28.4452628032254
83.9518710602185 28.4349881114722
84.2641798844197 28.4237290565817
84.5776505267013 28.4116097056463
84.8922873091352 28.3986473453126
85.2080945698721 28.3846262517716
85.525076663201 28.3693562110104
85.8432379596091 28.3518467427891
86.1625828458423 28.3316859868743
86.4831157249656 28.3081226660681
86.804841016424 28.2814101306407
87.1277631561029 28.2513331003745
87.4518865963899 28.2178022998563
87.7772158062356 28.1809251525679
88.103755271216 28.1407027822081
88.4315094935933 28.0969697951729
88.760482992379 28.0486087485419
89.0906803033954 27.9980072306177
89.4221059793388 27.9449173277399
89.7547645898416 27.889338170338
90.088660721536 27.8313160761855
90.4237989781166 27.7708146384525
90.7601839804045 27.7078173134108
91.0978203664104 27.642151603048
91.436712791399 27.5737975039742
91.7768659279529 27.5026372500061
92.1182844660374 27.428797128001
92.4609731130645 27.3524957566229
92.8049365939585 27.2738214880319
93.1501796512209 27.1929372200701
93.4967070449956 27.1105701984559
93.8445235531347 27.0269291329618
94.1936339712644 26.9425792843467
94.5440431128511 26.8578074930869
94.8957558092676 26.7725991790402
95.2487769098601 26.687193493285
95.6031112820147 26.6033115352775
95.9587638112245 26.521993482883
96.3157394011573 26.4422099334433
96.674042973723 26.3638550956468
97.0336794691412 26.2858650707881
97.39465384601 26.2085360367282
97.7569710813735 26.1319393954435
98.1206361707911 26.0522803841395
98.4856541284063 25.9695497695034
98.8520299870155 25.8841948264852
99.2197687981374 25.7963246207242
99.5888756320832 25.7045324208935
99.9593555780259 25.6127192345246
100.331213744071 25.5222495036694
100.704455257326 25.4335912069513
101.079085263972 25.3469202535262
101.455108929334 25.2622927990057
101.832531437955 25.1796157536879
102.211357993661 25.0977685971255
102.591593819639 25.0170796976185
102.973244158507 24.9380740219879
103.356314272386 24.8608076886859
103.74080944297 24.7861647021254
104.126734971605 24.7141508260356
104.514096179357 24.6447320478159
104.902898407086 24.5777095917993
105.293147015521 24.511126991024
105.684847385335 24.4437232587331
106.078004917216 24.3754879331401
106.472625031943 24.3064996034334
106.868713170461 24.2367172607767
107.266274793956 24.1687429273124
107.665315383931 24.1053330835189
108.065840442278 24.0465089697449
108.467855491361 23.992161049383
108.871366074083 23.9422534009499
109.27637775397 23.8968292873044
109.682896115245 23.85292470912
110.090926762902 23.8061218675172
110.500475322789 23.7564503598251
110.911547441682 23.7041431725642
111.324148787363 23.64933221863
111.738285048698 23.5920233110063
112.153961935718 23.5332087402329
112.571185179695 23.4742198655559
112.98996053322 23.4156569303283
113.410293770289 23.3575210309645
113.832190686372 23.2998906246621
114.255657098502 23.2446894863929
114.680698845352 23.1927570631046
115.107321787315 23.1443101002021
115.535531806584 23.100101310609
115.965334807235 23.0600221228229
116.396736715309 23.024143178603
116.829743478891 22.9935321193761
117.264361068193 22.968093746833
117.700595475639 22.9466894547105
118.138452715943 22.9274748855948
118.577938826195 22.9086171510672
119.019059865945 22.890209132527
119.461821917283 22.8725490805949
119.906231084925 22.8557416388779
120.3522934963 22.8406734947224
120.800015301628 22.8283749451701
121.24940267401 22.8169651597448
121.700461809513 22.8043518214841
122.15319892725 22.7911433965795
122.607620269474 22.7773857105348
123.063732101657 22.7602823373823
123.52154071258 22.7385690905787
123.981052414419 22.7121202744094
124.442273542832 22.6809446085963
124.905210457046 22.6449739057544
125.369869539945 22.6054804916086
125.836257198157 22.5651512781603
126.304379862144 22.5272829136418
126.774243986291 22.4918596038088
127.245856048992 22.4588757391849
127.719222552743 22.4283314053747
128.194350024229 22.4029980329583
128.671245014415 22.3864919266656
129.149914098635 22.3788948614157
129.630363876686 22.3803291105745
130.112600972915 22.3908159480113
130.596632036314 22.4069861740556
131.082463740608 22.4265825830431
131.570102784351 22.4494707221932
132.059555891015 22.4747486587299
132.550829809082 22.5024377618381
133.043931312143 22.5325566176987
133.538867198985 22.5654871306329
134.035644293687 22.6015319652169
134.534269445714 22.6407202266571
135.034749530014 22.6812786141602
135.537091447108 22.7179658851422
136.041302123189 22.748706609576
136.547388510214 22.7714326395404
137.055357586005 22.7868995271193
137.56521635434 22.7954654705456
138.076971845052 22.7975540042411
138.590631114126 22.7966194263484
139.106201243796 22.7925071706211
139.623689342642 22.7852554074881
140.14310254569 22.7772635619014
140.664448014507 22.7699088661092
141.187732937303 22.7648830365571
141.712964529029 22.7642593412116
142.240150031474 22.7664776420612
142.769296713371 22.7706698924158
143.30041187049 22.7768821346379
143.833502825744 22.7860872147131
144.368576929286 22.8002548555762
144.905641558614 22.8208561885083
145.444704118671 22.8473759884227
145.985772041946 22.8799052946233
146.528852788578 22.9146956386188
147.073953846458 22.9498325621245
147.621082731334 22.9855425803915
148.170246986912 23.0221312985638
148.721454184961 23.0612280577796
149.274711925419 23.1036047112974
149.830027836496 23.1496349416228
150.387409574779 23.1992286846918
150.946864825339 23.2524009657125
151.508401301835 23.3056558375932
152.072026746624 23.3511451415873
152.637748930863 23.3888029892651
153.205575654619 23.4186436361409
153.775514746977 23.4400463528943
154.347574066145 23.4518660284329
154.921761499565 23.4576167391632
155.498084964022 23.4618435414728
156.076552405752 23.4657230314342
156.657171800551 23.4733106218076
157.239951153886 23.4873335336566
157.824898501005 23.5079057180578
158.412021907047 23.5335332702508
159.001329467157 23.5585804742139
159.592829306591 23.5814569386326
160.186529580835 23.6011640418646
160.78243847571 23.6183719142181
161.380564207495 23.6325339030124
161.980915023028 23.6417980573605
162.583499199831 23.647855772494
163.188325046216 23.6505432125567
163.795400901405 23.6503543545541
164.40473513564 23.6472320773716
165.016336150303 23.6418228680221
165.630212378031 23.635580125067
166.246372282828 23.6302718935198
166.864824360187 23.6273879995411
167.485577137204 23.6270904556838
168.108639172699 23.6269989018667
168.734019057329 23.6264972726723
169.36172541371 23.6255779238765
169.991766896534 23.6224803188112
170.624152192691 23.615482239178
171.258890021386 23.6068440278657
171.89598913426 23.5989132792216
172.535458315511 23.5903187215346
173.177306382017 23.5785942213817
173.821542183453 23.5664368858389
174.468174602416 23.5549068100359
175.117212554548 23.5497875643717
175.768664988659 23.556694131875
176.422540886846 23.5756052336862
177.078849264624 23.6046164984482
177.737599171045 23.6354753229191
178.398799688823 23.6592100609663
179.062459934462 23.6757165105788
179.728589058382 23.6885737821696
180.397196245039 23.6996993139433
181.068290713059 23.7080725673707
181.741881715363 23.7114067047556
182.417978539291 23.7127189530269
183.096590506735 23.7123660989821
183.777726974264 23.7108917183855
184.461397333255 23.7088508595065
185.147611010021 23.708490373023
185.836377465944 23.7111301324992
186.5277061976 23.7135028710188
187.221606736895 23.7110347365387
187.918088651195 23.7030830630488
188.617161543456 23.6876906246375
189.318835052359 23.6707648535615
190.023118852442 23.6523532375726
190.730022654232 23.6329384834487
191.439556204381 23.6158657970331
192.151729285799 23.6026097108082
192.86655171779 23.5951480600476
193.584033356187 23.5914173021709
194.304184093485 23.589073180865
195.027013858983 23.5875205915407
195.752532618918 23.5865440373221
196.480750376599 23.5911427595903
197.211677172552 23.6021539241721
197.945323084652 23.6169089332682
198.681698228267 23.6340636409015
199.420812756393 23.6460647880347
200.162676859797 23.649814597283
200.907300767158 23.6476612151373
201.654694745203 23.6454658492771
202.404869098855 23.6444473369733
203.157834171373 23.6463546683583
203.913600344492 23.6517581626276
204.672178038568 23.6620158860704
205.433577712722 23.6793021979346
206.197809864986 23.7043264637229
206.964885032443 23.7358892502459
207.734813791375 23.7713735779491
208.50760675741 23.8094783966299
209.283274585667 23.8449151696135
210.061827970903 23.8708953643459
210.84327764766 23.8864250234483
211.627634390414 23.8924274033626
212.414909013722 23.8980999502069
213.205112372374 23.9036159821803
213.998255361539 23.9101199683333
214.794348916918 23.9225885076748
215.593404014895 23.941064986133
216.395431672684 23.9654884381668
217.200442948486 23.9880562714841
218.008448941641 24.0085047557132
218.819460792778 24.0266190249614
219.633489683968 24.0462953016658
220.450546838885 24.0653781989922
221.270643522953 24.0794982631981
222.093791043505 24.0899638529013
222.920000749938 24.0980625377336
223.749284033871 24.1052704020262
224.5816523293 24.1165733879785
225.417117112757 24.1343174802638
226.255689903467 24.1584147940929
227.097382263509 24.1871891299039
227.942205797972 24.22200229876
228.790172155119 24.259429744998
229.641293026544 24.2969206286299
230.495580147337 24.3367521836247
231.35304529624 24.377231727007
232.213700295818 24.4184055745586
233.077557012612 24.4560755198164
233.944627357311 24.489048051435
234.814923284911 24.5163802203252
235.688456794884 24.5375613075006
236.565239931339 24.5524290866511
237.44528478319 24.5633469098286
238.328603484325 24.5781537273003
239.215208213769 24.5971221550724
240.105111195857 24.6198442683877
240.998324700395 24.6487618760495
241.894861042839 24.6845834286194
242.794732584456 24.7249772161627
243.6979517325 24.7615108272779
244.60453094038 24.7959115229242
245.514482707834 24.828937619199
246.427819581099 24.8671261999693
247.344554153085 24.9057519901165
248.264699063551 24.9420778383551
249.188266999274 24.980405981407
250.11527069423 25.0200427208838
251.045722929764 25.06829882677
251.979636534771 25.1280408490622
252.91702438587 25.1994115294
253.85789940758 25.2760642982498
254.802274572504 25.3553140839846
255.750162901502 25.4360137551818
256.701577463874 25.5103479436871
257.656531377538 25.572458603479
258.615037809212 25.6203377688204
259.577109974596 25.6472051313115
260.542761138553 25.6576480551042
261.512004615294 25.6525876703211
262.484853768559 25.6334993318109
263.461322011801 25.6074603471463
264.441422808376 25.5839198598025
265.42516967172 25.5630970260396
266.412576165545 25.5428789321705
267.403655904018 25.5239810962987
268.398422551953 25.5116025873964
269.396889825 25.5061340366786
270.39907148983 25.5065326663361
271.404981364328 25.5117474477161
272.414633317784 25.5184764262276
273.428041271082 25.529579193109
274.445219196894 25.5475864101105
275.466181119869 25.5719183590077
276.490941116832 25.602642234974
277.519513316975 25.6399198258952
278.551911902049 25.6845379624834
279.588151106566 25.7361347782085
280.628245217989 25.7918459596791
281.672208576933 25.8560522687576
282.720055577362 25.9272818802308
283.771800666785 26.0036190555977
284.827458346459 26.0808967279519
285.887043171586 26.1591903002559
286.950569751514 26.2345033292498
288.018052749942 26.3040285769346
289.089506885116 26.3650531102797
290.164946930037 26.4128093462524
291.244387712663 26.4411201826957
292.327844116112 26.4539603450567
293.41533107887 26.4542026490518
294.506863594997 26.4435901919406
295.602456714328 26.4289092371391
296.702125542688 26.4212036077253
297.805885242097 26.4204005994219
298.913751030978 26.4174614119288
300.025738184368 26.404992936234
301.14186203413 26.3936311255926
302.262137969162 26.3869839189994
303.386581435609 26.3821869545601
304.51520793708 26.3766040232581
305.648033034855 26.3702812625836
306.785072348107 26.3763753244175
307.926341554112 26.3951437743488
309.071856388467 26.4227654307665
310.221632645308 26.4506553172107
311.375686177524 26.4781248999577
312.534032896982 26.5001240250454
313.69668877474 26.509609225793
314.86366984127 26.5109290984797
316.03499218668 26.5059929376746
317.210671960934 26.4944818963396
318.390725374075 26.4758737494233
319.57516869645 26.4493750411559
320.764018258932 26.4154831131433
321.957290453147 26.3751978683473
323.1550017317 26.3358382309113
324.3571686084 26.3004954155045
325.563807658489 26.268932462563
326.774935518872 26.2401446734775
327.990568888343 26.2145138035203
329.210724527818 26.1927280326726
330.435419260565 26.1740780719416
331.664669972436 26.1580963508392
332.898493612101 26.1483631521675
334.136907191279 26.1473827391591
335.379927784974 26.148069253883
336.627572531714 26.1370562140396
337.879858633779 26.1181906360279
339.136803357447 26.0925885658853
340.398424033226 26.0655348799155
341.664738056097 26.0415133740539
342.935762885749 26.020536397927
344.211516046826 26.0073089732819
345.492015129163 26.0037594202084
346.777277788032 26.008068068231
348.067321744384 26.0099925994382
349.362164785094 26.0033185101546
350.661824763204 25.9750463739608
351.966319598173 25.921819152043
353.275667276122 25.8582991423065
354.58988585008 25.7838775738653
355.908993440238 25.6983301289125
357.233008234193 25.6006349874517
358.561948487204 25.4906350996768
359.895832522439 25.3697138234293
361.234678731231 25.245060101287
362.578505573331 25.126156616934
363.927331577162 25.0189480828309
365.281175340072 24.9285001303604
366.640055528597 24.8522333888256
368.003990878711 24.7868216968034
369.373000196088 24.7291502435195
370.747102356362 24.6786517579381
372.126316305386 24.6319712268131
373.510661059493 24.5867802659814
374.900155705758 24.5492476067884
376.294819402263 24.5288812321679
377.694671378358 24.5129661588712
379.099730934929 24.4869575594788
380.510017444665 24.4444157811894
381.92555035232 24.3956657692283
383.346349174985 24.3578413607641
384.772433502359 24.3218668943506
386.203822997013 24.2779332404315
387.640537394667 24.2354010550391
389.082596504459 24.1994746972664
390.530020209219 24.1663267305607
391.982828465741 24.1319748704492
393.441041305064 24.0871829530072
394.904678832742 24.0345044674038
396.373761229123 23.9852118954183
397.848308749629 23.9343028746645
399.328341725034 23.8823488942373
400.813880561743 23.8249661202742
402.304945742077 23.7614301570512
403.801557824551 23.699637832932
405.303737444161 23.6409417763047
406.811505312667 23.582877646303
408.324882218878 23.5260165322917
409.843889028939 23.4731697976276
411.368546686621 23.4301704562466
412.898876213606 23.390189792256
414.434898709779 23.3457681854641
415.976635353518 23.2988926154383
417.524107401988 23.2519188377103
419.077336191431 23.2040251332816
420.636343137464 23.1587412698926
422.20114973537 23.1354960936891
423.771777560397 23.126918858083
425.348248268055 23.1104353097282
426.930583594415 23.0876062564107
428.518805356409 23.0627726858253
430.112935452127 23.0469227839953
431.712995861126 23.0215068592042
433.319008644725 22.974179912893
434.930995946316 22.9150601827911
436.548979991665 22.8541736873685
438.172983089221 22.7997967863651
439.803027630423 22.7530425623445
441.439136090005 22.7141592931603
443.081331026313 22.6792220709381
444.72963508161 22.6439840477951
446.384070982391 22.6115435642785
448.044661539696 22.590745845081
449.711429649423 22.5813579571167
451.384398292646 22.5818691250242
453.063590535931 22.6000441630127
454.749029531652 22.6291199599195
456.440738518314 22.6531906136527
458.138740820871 22.6535891246429
459.843059851047 22.6269204964463
461.55371910766 22.5973432647368
463.270742176947 22.5595667124914
464.994152732887 22.5170666374627
466.723974537529 22.4717043330927
468.460231441319 22.4286233023528
470.202947383427 22.388645048812
471.952146392082 22.3494225006136
473.707852584898 22.3173866752739
475.470090169211 22.2984428685193
477.238883442408 22.2869968941311
479.014256792265 22.2895203088717
480.796234697286 22.3053360032705
482.584841727032 22.3202610022383
484.38010254247 22.3206691212775
486.182041896305 22.3050841518855
487.990684633326 22.274631626379
489.806055690746 22.2351075327118
491.628180098547 22.1964739675063
493.457082979826 22.1650869056149
495.292789551138 22.1433620052952
497.135325122848 22.1245344287983
498.984715099477 22.0922373883634
500.840984980053 22.0568426384511
502.704160358464 22.0313625641349
504.574266923808 22.0181961963385
506.451330460749 22.0249348373022
508.335376849875 22.0464514394077
510.226432068048 22.0773657388043
512.124522188771 22.1111260282723
514.029673382538 22.1260604717639
515.941911917204 22.1234511385926
517.86126415834 22.1130581060542
519.787756569601 22.0943338833771
521.721415713088 22.0837823040721
523.662268249716 22.0777912886454
525.610340939583 22.079854953977
527.565660642334 22.0797367103907
529.528254317536 22.0712928984968
531.498149025047 22.0510275025247
533.475371925393 22.038118547303
535.459950280137 22.0502738301098
537.451911452257 22.0711422759224
539.451282906527 22.0932501528241
541.45809220989 22.0978545598695
543.472367031842 22.0931739552237
545.49413514481 22.0899505702445
547.523424424539 22.0841217415893
549.560262850475 22.0703790074715
551.604678506148 22.0462855929888
553.656699579562 22.0231569130479
555.716354363585 22.0041295505516
557.783671256334 21.9982643698045
559.858678761572 21.9954452851652
561.941405489097 21.9906196611836
564.03188015514 21.9828680326606
566.130131582757 21.9657439878275
568.236188702231 21.9517918780483
570.350080551465 21.9239981035085
572.471836276389 21.8812661733111
574.601485131357 21.8393386235821
576.739056479551 21.8044245830549
578.88457979339 21.7902450741355
581.038084654929 21.7878532423887
583.199600756274 21.8002778958136
585.369157899988 21.8257582391662
587.5467859995 21.8583236334704
589.732515079524 21.9049447589735
591.926375276465 21.9493023438755
594.128396838839 21.9819809644743
596.338610127691 21.9964942085381
598.557045617011 22.0011863238688
600.783733894154 22.0113963231939
603.018705660264 22.0105130337863
605.261991730696 21.9894499872289
607.513623035441 21.9530198997074
609.773630619552 21.9167441089066
612.042045643573 21.8888722395575
614.318899383969 21.8640709935297
616.604223233554 21.8424189053097
618.898048701927 21.8157370328777
621.200407415909 21.7917764791895
623.51133111997 21.7776242611774
625.830851676678 21.7763729202636
628.159001067128 21.7854023094827
630.49581139139 21.7913876319868
632.841314868951 21.7989807222473
635.195543839153 21.8024844933121
637.558530761648 21.7822532820727
639.930308216838 21.7371689865247
642.310908906328 21.673158757804
644.700365653376 21.6112864932418
647.098711403346 21.5632588860943
649.505979224161 21.5305939021539
651.922202306761 21.511289551813
654.347413965559 21.5063953410557
656.781647638899 21.5078220194229
659.224936889521 21.5160427636755
661.677315405021 21.5219955790894
664.138816998315 21.5322838935565
666.609475608108 21.5441149639443
669.089325299358 21.5430946474011
671.578400263749 21.5197298945223
674.076734820163 21.4761768958985
676.584363415148 21.417466756053
679.101320623398 21.3467234958189
681.627641148229 21.2791171694734
684.163359822055 21.2160179912239
686.708511606871 21.1574665635848
689.263131594734 21.1040724055134
691.827255008246 21.0572569810727
694.400917201039 21.0099987383234
696.984153658268 20.9617574000161
699.576999997092 20.9322550907515
702.179491967171 20.9015332732612
704.791665451156 20.8631614031659
707.413556465187 20.8141025044278
710.045201159385 20.7913668004168
712.686635818355 20.7854938722109
715.337896861682 20.7404059307268
717.999020844436 20.6954098185443
720.670044457676 20.6617450676343
723.351004528956 20.6420193354108
726.041938022828 20.6363372579136
728.74288204136 20.6275632586289
731.453873824642 20.6020943611075
734.174950751298 20.554213996588
736.906150339008 20.499568495666
739.647510245018 20.4454100060426
742.399068266665 20.3653272481595
745.160862341893 20.28607443886
747.932930549781 20.2208479187796
750.715311111065 20.164968909965
753.508042388666 20.1038897764553
756.311162888217 20.0342214918944
759.124711258597 19.9562086927863
761.948726292463 19.872173433371
764.783246926784 19.7807622734828
767.628312243377 19.6841176808661
770.483961469448 19.5812278433504
773.350233978131 19.4951052996232
776.227169289033 19.4056855353285
779.114807068777 19.3235759752173
782.01318713155 19.2329901632471
784.92234943965 19.1495613245575
787.842334104041 19.0650046981306
790.773181384902 18.9804729094258
793.714931692182 18.8959152694171
796.667625586163 18.8175234072339
799.63130377801 18.7470488326811
802.606007130343 18.6606944391951
805.591776657789 18.5656382309513
808.588653527558 18.4889901275721
811.596679060002 18.4243602887259
814.615894729193 18.3775655545868
817.646342163485 18.3293803550589
820.688063146098 18.2650333396494
823.741099615688 18.1807991383409
826.805493666926 18.0823626502138
829.881287551079 17.9667930240557
832.968523676594 17.8466885235088
836.06724460968 17.725044882613
839.177493074898 17.6199320966895
842.299311955746 17.5343743588065
845.432744295255 17.4602450119389
848.577833296579 17.3851467749947
851.734622323592 17.3103675187123
854.903154901485 17.2452693120878
858.083474717367 17.1621518943041
861.275625620868 17.0694926050428
864.479651624742 16.9690902483564
867.695596905475 16.8740126063319
870.923505803893 16.783384803605
874.163422825774 16.7184168008865
877.415392642464 16.6410678047573
880.679460091487 16.563260666752
883.955670177168 16.4918560194317
887.244068071255 16.4346220110202
890.544699113535 16.3907445675504
893.857608812465 16.2986506379618
897.1828428458 16.2089047642582
900.520447061216 16.1434535908515
903.870467476951 16.0589851571745
907.232950282432 15.9812502917484
910.607941838916 15.9072872860493
913.99548868013 15.8418644919244
917.395637512907 15.7814940222064
920.808435217838 15.7286259451982
924.233928849912 15.6860458812149
927.672165639167 15.6434089552611
931.12319299134 15.5872819283664
934.587058488525 15.5509879814962
938.063809889823 15.5174843522326
941.553495132005 15.4787956265448
945.056162330171 15.4320687207033
948.571859778412 15.3955009110146
952.100635950479 15.3583413328942
955.64253950045 15.3386402538059
959.197619263401 15.3450994263572
962.765924256078 15.3471832240885
966.347503677575 15.3618506138437
969.942406910009 15.3828011822938
973.550683519207 15.4016906535913
977.172383255382 15.4270135275024
980.807556053824 15.4506807320868
984.456252035586 15.4552422319843
988.118521508177 15.4744920270721
991.794414966255 15.4990671822155
995.483983092322 15.5208605204945
999.187276757423 15.5472574168313
1002.90434702185 15.5460910831221
1006.63524513584 15.5568780645942
1010.3800225403 15.601462637255
1014.13873086747 15.6594800634383
1017.9114219417 15.7020061594839
1021.69814778013 15.7178591835379
1025.49896059337 15.7062502118566
1029.31391278631 15.7076082044651
1033.14305695876 15.7321748128515
1036.98644590621 15.7652434934382
1040.84413262056 15.8024342857427
1044.71617029083 15.8773667060993
1048.60261230394 15.9600848314999
1052.50351224539 16.0284628773627
1056.41892390001 16.0835816235662
1060.34890125276 16.1266443598182
1064.29349848938 16.1631490985017
1068.25276999721 16.1839769295415
1072.22677036593 16.2367434462393
1076.21555438826 16.2780130044066
1080.21917706079 16.3210096481654
1084.23769358469 16.3846802448521
1088.27115936647 16.464634816332
1092.31963001878 16.5504199150448
1096.38316136114 16.6366134784926
1100.46180942073 16.7109168626864
1104.55563043316 16.791457469496
1108.66468084322 16.8667164952121
1112.7890173057 16.9235471231583
1116.92869668616 16.9647978318863
1121.08377606168 17.0167720679568
1125.25431272169 17.1040810009752
1129.44036416873 17.187186428155
1133.64198811927 17.2717786020301
1137.85924250447 17.3742616032069
1142.09218547102 17.4581512022548
1146.34087538191 17.5222992104966
1150.60537081725 17.5530340699713
1154.88573057506 17.5957335269511
1159.18201367212 17.6531220363198
1163.49427934474 17.7085783096577
1167.8225870496 17.7604536420817
1172.16699646455 17.8416672428178
1176.52756748948 17.9103829035938
1180.90436024707 17.9501852429496
1185.2974350837 18.0182353830526
1189.70685257023 18.0946416600507
1194.13267350285 18.1694466596244
1198.5749589039 18.243208048192
1203.03377002276 18.3103650236083
1207.50916833664 18.3387642576134
1212.00121555147 18.361740086004
1216.50997360271 18.3909146834284
1221.03550465623 18.4543034925272
1225.57787110919 18.5260542285969
1230.13713559085 18.5810856910089
1234.71336096344 18.6249254418319
1239.30661032308 18.6913028160901
1243.9169470006 18.7491373126213
1248.54443456241 18.7916126297298
1253.18913681141 18.8136659109766
1257.85111778785 18.8622501226274
1262.53044177021 18.9424616617963
1267.22717327611 19.0081272140751
1271.94137706315 19.0253142248428
1276.67311812987 19.06421691494
1281.42246171659 19.1278778728674
1286.18947330632 19.1979735768612
1290.97421862569 19.2750068535954
1295.77676364585 19.3250809561873
1300.59717458334 19.3385391825101
1305.43551790105 19.3815972615499
1310.29186030912 19.4186133592174
1315.16626876584 19.4427566972889
1320.05881047861 19.4668787560904
1324.96955290485 19.4986511713659
1329.8985637529 19.5332737240688
1334.84591098301 19.5653512513937
1339.81166280824 19.5986749700482
1344.79588769541 19.6550024728212
1349.79865436604 19.6864487266032
1354.82003179729 19.7192914483178
1359.86008922295 19.7473372402272
1364.91889613434 19.760545602427
1369.9965222813 19.7846104656364
1375.09303767316 19.8288556015871
1380.20851257966 19.8509770164606
1385.343017532 19.8735122678643
1390.49662332371 19.9057484931685
1395.6694010117 19.9214858019373
1400.86142191724 19.9303359504229
1406.07275762689 19.9623508616001
1411.30347999353 19.9851722610608
1416.55366113734 19.9809360905224
1421.82337344679 19.9784889049361
1427.11268957965 19.9686164842711
1432.42168246399 19.9682409275965
1437.75042529915 19.9877913463273
1443.09899155681 20.0135345100275
1448.46745498195 20.0569365081289
1453.85588959391 20.0844268118229
1459.26436968736 20.0777016115591
1464.69296983337 20.0845813456092
1470.14176488043 20.1099950599791
1475.61082995546 20.132715184217
1481.10024046487 20.1546938171698
1486.61007209556 20.2113529394053
1492.14040081604 20.2142791729498
1497.69130287738 20.2137641683251
1503.26285481435 20.2071170581901
1508.85513344643 20.203762065123
1514.46821587884 20.205697997525
1520.10217950369 20.2153149099237
1525.75710200096 20.2533378970397
1531.43306133963 20.2628821585994
1537.1301357787 20.2796001482517
1542.84840386835 20.2827167378378
1548.58794445092 20.2777179355
1554.34883666208 20.3145921040346
1560.1311599319 20.3408450847207
1565.93499398592 20.3384513500427
1571.76041884628 20.3348639556852
1577.60751483278 20.374748031767
1583.47636256406 20.3751789865012
1589.36704295864 20.3347074142315
1595.27963723608 20.3291168456851
1601.21422691806 20.3753394576764
1607.17089382956 20.3852386398174
1613.14972009994 20.3635656626683
1619.15078816409 20.332902999711
1625.17418076356 20.3504409395593
1631.21998094772 20.3652611402227
1637.28827207488 20.4021202385487
1643.37913781346 20.4064960389553
1649.49266214312 20.4108924767828
1655.62892935595 20.433006248562
1661.7880240576 20.4228801598919
1667.97003116847 20.4215640826397
1674.17503592487 20.4195632976099
1680.40312388019 20.4147222936288
1686.6543809061 20.3952351800057
1692.9288931937 20.3665179543598
1699.22674725475 20.3595963175882
1705.54802992284 20.3515131011318
1711.89282835457 20.3731365289345
1718.26123003079 20.3820610040261
1724.65332275779 20.4149742092308
1731.06919466848 20.4060287742771
1737.50893422366 20.3989810433056
1743.9726302132 20.3847160912905
1750.46037175728 20.3598936869071
1756.97224830763 20.3435860723313
1763.50834964871 20.3555870146253
1770.06876589903 20.3567942248354
1776.65358751231 20.335197418883
1783.26290527881 20.3266582929721
1789.8968103265 20.3246860623616
1796.55539412237 20.3547934321448
1803.23874847367 20.3649749435663
1809.94696552921 20.3471547656779
1816.68013778055 20.3430843582565
1823.43835806337 20.3646659790331
1830.22171955869 20.3531494470065
1837.03031579418 20.3587647586069
1843.86424064544 20.376506760934
1850.72358833728 20.3702907964548
1857.60845344505 20.3757646485156
1864.51893089594 20.3509005856209
1871.45511597026 20.3063012438892
1878.41710430278 20.3296107913161
1885.40499188403 20.3432215916923
1892.41887506164 20.3369767640493
1899.45885054167 20.3043022700704
1906.52501538993 20.3081054639019
1913.61746703332 20.3333874825639
1920.73630326118 20.3550070962605
1927.88162222663 20.3729878220192
1935.05352244795 20.3905907067099
1942.25210280989 20.3956242351284
1949.47746256507 20.4150445695569
1956.72970133535 20.3808957790898
1964.00891911318 20.3467254641907
1971.315216263 20.3470212239295
1978.6486935226 20.3758621552232
1986.00945200454 20.3966636741912
1993.39759319752 20.3978443683842
2000.8132189678 20.4369315393236
2008.25643156057 20.4434661530788
2015.7273336014 20.4279593281274
2023.22602809763 20.4058972759451
2030.75261843979 20.3971084197538
2038.30720840305 20.4439942583619
2045.88990214862 20.44110105148
2053.50080422521 20.4230517485599
2061.14001957043 20.4139672716216
2068.80765351232 20.4485227593578
2076.5038117707 20.4890436929339
2084.22860045872 20.4775732287086
2091.98212608424 20.4624234253183
2099.76449555137 20.4750061919599
2107.57581616189 20.4825629110631
2115.41619561679 20.4908522882602
2123.28574201767 20.5256311275936
2131.18456386831 20.5399188879012
2139.11277007613 20.5510100998696
2147.07046995368 20.5548572121979
2155.05777322019 20.5514679328265
2163.07479000302 20.5612963861106
2171.12163083925 20.5538520710448
2179.19840667714 20.5521583723847
2187.30522887772 20.5708905235467
2195.44220921625 20.5857143553618
2203.60945988384 20.587465542647
2211.80709348895 20.6121806032572
2220.03522305895 20.6270809781086
2228.29396204169 20.6345768524581
2236.58342430704 20.6617658172264
2244.90372414851 20.6814573200475
2253.25497628476 20.6854039002226
2261.63729586123 20.6922397283663
2270.0507984517 20.6891212813773
2278.49560005991 20.7062911877536
2286.97181712113 20.7352558311089
2295.4795665038 20.7427769581501
2304.0189655111 20.75280371171
2312.59013188261 20.7587433621254
2321.19318379588 20.7735769687396
2329.82823986813 20.8027780667157
2338.49541915782 20.7894250192656
2347.19484116633 20.8078976648483
2355.9266258396 20.8578316563261
2364.69089356977 20.8345413855187
2373.48776519685 20.8199024661735
2382.3173620104 20.8459414823459
2391.17980575117 20.8980790328431
2400.07521861281 20.9066676356607
2409.00372324354 20.8784825635225
2417.96544274784 20.8411600843366
2426.96050068814 20.8625505848385
2435.98902108656 20.8361759221987
2445.05112842657 20.8405916551979
2454.14694765475 20.8603763037514
2463.27660418247 20.8938255048741
2472.44022388765 20.9117508736781
2481.63793311651 20.930959688329
2490.86985868525 20.9182186324548
2500.13612788187 20.8999292487373
2509.43686846789 20.9247549555727
2518.7722086801 20.9117450827018
2528.14227723234 20.8914834293767
2537.54720331731 20.8934919692702
2546.98711660828 20.9185964171343
2556.46214726094 20.9438056655213
2565.97242591516 20.9332256490368
2575.51808369681 20.9451809442156
2585.09925221956 20.9735390185392
2594.7160635867 20.9731197357555
2604.36865039294 20.9569454225743
2614.05714572626 20.9412784563658
2623.78168316975 20.940542225234
2633.54239680345 20.9713704332617
2643.33942120615 20.9574469642034
2653.17289145733 20.9443378161624
2663.04294313896 20.9372539703736
2672.94971233738 20.9172763883554
2682.89333564519 20.9283294721799
2692.87395016314 20.9300784936528
2702.89169350199 20.9138983598818
2712.94670378444 20.9020939735262
2723.03911964699 20.9013174842814
2733.16908024193 20.8814737547985
2743.33672523916 20.8865795724329
2753.54219482819 20.897422746516
2763.78562972005 20.9188594508732
2774.06717114922 20.9260234551922
2784.38696087559 20.9171161668971
2794.74514118641 20.911602010661
2805.14185489824 20.9074497113235
2815.57724535896 20.8950270727832
2826.05145644968 20.885549596969
2836.56463258679 20.8826313198001
2847.11691872391 20.8731746893951
2857.7084603539 20.8753318713964
2868.33940351088 20.8565977180855
2879.00989477221 20.8161816176086
2889.72008126055 20.7886332041594
2900.47011064586 20.774812832074
2911.26013114745 20.7774600176762
2922.09029153602 20.7702827721481
2932.9607411357 20.7544383517545
2943.87162982615 20.7433796274634
2954.82310804455 20.7512852021719
2965.81532678776 20.7162936619144
2976.84843761435 20.7085533271048
2987.9225926467 20.7114658316926
2999.0379445731 20.6886517463784
3010.19464664985 20.6569918541634
3021.39285270338 20.6394538814918
3032.63271713238 20.6370773516699
3043.91439490991 20.6663912944641
3055.23804158553 20.6563758775007
3066.60381328749 20.6373442741978
3078.01186672482 20.6190148942138
3089.46235918954 20.5954132967919
3100.95544855881 20.5748655514875
3112.4912932971 20.5741137010834
3124.07005245839 20.5538025180758
3135.69188568836 20.532346741759
3147.35695322657 20.5076999008441
3159.0654159087 20.4686584931253
3170.81743516875 20.4757862439231
3182.61317304128 20.4836158035525
3194.45279216361 20.4792671528794
3206.3364557781 20.4538154363454
3218.26432773439 20.4443455349157
3230.23657249166 20.4302062978931
3242.25335512088 20.3805906978516
3254.3148413071 20.358226961376
3266.42119735174 20.3620451209828
3278.57259017489 20.3250426238893
3290.76918731757 20.3097935968253
3303.01115694409 20.2920762170523
3315.29866784434 20.2764720676895
3327.63188943612 20.2729510888539
3340.01099176749 20.2643489748521
3352.43614551909 20.2440281150877
3364.90752200653 20.2466963348476
3377.42529318271 20.2132530211349
3389.98963164021 20.2070770825219
3402.60071061369 20.2071399682769
3415.25870398225 20.1872731588004
3427.96378627182 20.1809254096145
3440.71613265761 20.1649627134684
3453.51591896648 20.1546438559313
3466.36332167938 20.1143606496525
3479.25851793381 20.0635262597573
3492.20168552621 20.0531615309711
3505.19300291445 20.0070976417819
3518.23264922029 19.9866810107451
3531.32080423182 19.9664878823984
3544.45764840598 19.9584198704641
3557.64336287101 19.959154069905
3570.87812942896 19.9442272686106
3584.16213055823 19.9263038358928
3597.49554941602 19.9089432491169
3610.87856984091 19.9389283977771
3624.31137635539 19.95385925281
3637.79415416837 19.9432640352449
3651.32708917776 19.9400100850231
3664.91036797302 19.9174614489782
3678.54417783777 19.9031467559472
3692.2287067523 19.8622819573316
3705.96414339624 19.8578681168494
3719.75067715111 19.824512615165
3733.58849810294 19.8077470353719
3747.47779704492 19.8249797547301
3761.41876547999 19.7974605385453
3775.4115956235 19.7936630318019
3789.45648040586 19.7721463206441
3803.55361347522 19.7594223900512
3817.70318920008 19.74607065359
3831.90540267205 19.7000926869787
3846.16044970847 19.680793810335
3860.46852685515 19.694730756826
3874.82983138907 19.6934738161447
3889.24456132109 19.6629983420858
3903.7129153987 19.6500186693673
3918.23509310874 19.6367664467531
3932.81129468018 19.5998592275665
3947.44172108682 19.5902671964929
3962.12657405015 19.5933971411259
3976.86605604205 19.5934809553605
3991.66037028761 19.5755310423156
4006.50972076797 19.5476628190138
4021.41431222307 19.5243206005652
4036.37435015451 19.5193671875639
4051.39004082838 19.5138397569125
4066.46159127809 19.5195293130178
4081.58920930724 19.5215226131214
4096.77310349248 19.5356215557523
4112.01348318638 19.527011977734
4127.31055852032 19.5427246069807
4142.6645404074 19.5395736715586
4158.07564054532 19.5361728763033
4173.54407141932 19.5475845123811
4189.07004630512 19.5449658126977
4204.65377927183 19.5497760682365
4220.29548518492 19.5571231890075
4235.99537970918 19.5581264351853
4251.7536793117 19.5680731297246
4267.57060126484 19.5404571195629
4283.44636364922 19.5458336617944
4299.38118535678 19.5616453470658
4315.37528609372 19.5561352471412
4331.42888638358 19.5647276546406
4347.54220757028 19.5529421604431
4363.71547182114 19.5442808309407
4379.94890212999 19.5240059016898
4396.24272232018 19.5251236235322
4412.59715704774 19.5347137387251
4429.01243180443 19.5251922461439
4445.48877292084 19.5241241404487
4462.02640756957 19.4994868230642
4478.62556376828 19.458394994091
4495.28647038291 19.4561519825324
4512.0093571308 19.4322451690155
4528.79445458383 19.4142913071165
4545.64199417167 19.3544295843014
4562.5522081849 19.3254891089467
4579.52532977826 19.3136196561191
4596.56159297383 19.3092364165799
4613.6612326643 19.2822587489798
4630.82448461615 19.2413487957623
4648.05158547297 19.2436733013682
4665.34277275865 19.2162399302743
4682.69828488072 19.2185669003432
4700.11836113359 19.2209335949327
4717.60324170188 19.1926612304825
4735.15316766371 19.1881733330306
4752.76838099403 19.173322823774
4770.44912456798 19.1970270803849
4788.1956421642 19.1871128966771
4806.00817846821 19.2099150048463
4823.88697907579 19.2110500191266
4841.83229049635 19.2185210229879
4859.84436015636 19.1994265388396
4877.92343640271 19.182819394773
4896.06976850618 19.1881313161191
4914.28360666486 19.1760655009796
4932.5652020076 19.1824835933116
4950.91480659747 19.1819667881524
4969.33267343524 19.1695556197726
4987.81905646287 19.1642455490857
5006.374210567 19.1592446003285
5024.99839158248 19.1655005927311
5043.69185629588 19.1596870541054
5062.45486244905 19.1480351831255
5081.28766874266 19.1283644475212
5100.19053483977 19.097717085049
5119.16372136941 19.0616778537597
5138.20748993018 19.0514755407311
5157.32210309384 19.0483856463417
5176.50782440896 19.0384273390331
5195.76491840452 19.0160372406665
5215.09365059358 19.0253810402895
5234.49428747691 19.0050579684153
5253.96709654673 18.9626831336716
5273.51234629033 18.9305455908168
5293.1303061938 18.9001637508352
5312.82124674575 18.8806496085094
5332.58543944101 18.8441810787993
5352.42315678444 18.8330021934197
5372.3346722946 18.8143536403851
5392.32026050759 18.7841282675723
5412.38019698081 18.74090995084
5432.51475829674 18.7185724204579
5452.72422206679 18.6825617311857
5473.00886693511 18.6538466911774
5493.36897258242 18.640916930859
5513.80481972988 18.6422668556133
5534.31669014299 18.5847364425538
5554.9048666354 18.5523203309025
5575.56963307287 18.5144885695039
5596.31127437719 18.4896370661362
5617.13007653004 18.4628180984361
5638.02632657703 18.4577236274361
5659.00031263156 18.459581359593
5680.05232387887 18.4506606395206
5701.18265057998 18.4327526182246
5722.39158407572 18.4384403181952
5743.67941679072 18.4183403799876
5765.04644223748 18.3886394284266
5786.49295502037 18.3802929736592
5808.01925083973 18.3971976772808
5829.62562649593 18.3924140710477
5851.31237989346 18.3889732551047
5873.07981004505 18.3818758493822
5894.92821707578 18.3677692449294
5916.85790222723 18.3849563536605
5938.86916786162 18.405096044885
5960.96231746598 18.3976536082513
5983.13765565636 18.3621807731575
6005.395488182 18.3548545901896
6027.73612192954 18.3480148945537
6050.1598649273 18.3074110831983
6072.66702634946 18.2947901922611
6095.25791652038 18.2448348428607
6117.93284691885 18.232423535803
6140.69213018238 18.2080439904651
6163.53608011154 18.2020778793389
6186.46501167426 18.1801468754995
6209.47924101016 18.1397206901892
6232.57908543496 18.1176891480436
6255.7648634448 18.1258790454338
6279.03689472068 18.0997030760747
6302.39550013281 18.0740013206902
6325.84100174511 18.0427893994435
6349.37372281957 18.0350493425727
6372.99398782075 18.023000794963
6396.70212242028 18.0212898273135
6420.49845350128 18.0168609770831
6444.38330916293 18.0411281564709
6468.35701872496 18.0351369528237
6492.4199127322 17.9720268488857
6516.57232295915 17.9484634002071
6540.81458241452 17.9316938928781
6565.14702534586 17.9057922341473
6589.56998724415 17.9047831593613
6614.08380484842 17.8913441686723
6638.68881615042 17.8965472861188
6663.38536039924 17.9195709404851
6688.17377810601 17.9236678994632
6713.05441104861 17.9128856230059
6738.02760227635 17.9078388677555
6763.09369611472 17.9066276576282
6788.25303817014 17.9134827943372
6813.5059753347 17.9432982818576
6838.85285579099 17.9306469818301
6864.29402901684 17.9417381411644
6889.82984579019 17.9455451619597
6915.4606581939 17.953668637015
6941.18681962062 17.9589099493388
6967.00868477764 17.9797228927843
6992.92660969181 17.9799213398108
7018.94095171442 17.9905948912942
7045.05206952614 18.0117586614738
7071.26032314197 18.023740830727
7097.56607391621 18.0473649129215
7123.96968454742 18.0007763648907
7150.47151908342 18.0025367630327
7177.07194292636 18.0102671914212
7203.77132283768 17.9996014285464
7230.57002694323 18.0094168617979
7257.46842473831 18.0467107810073
7284.46688709279 18.01579660937
7311.5657862562 18.0002041619493
7338.76549586288 17.9875202780035
7366.06639093713 17.9707851503604
7393.46884789835 17.9629954875899
7420.97324456628 17.9513339060253
7448.57996016619 17.9255486634385
7476.28937533407 17.8820460207842
7504.10187212195 17.8539945493665
7532.0178340031 17.8569507353211
7560.03764587737 17.8197287993744
7588.16169407645 17.7894897680344
7616.39036636925 17.7979603517652
7644.72405196718 17.8066291597979
7673.16314152958 17.8191318379291
7701.70802716907 17.812332169787
7730.35910245697 17.8366602348975
7759.11676242871 17.816671338343
7787.98140358931 17.8015766361585
7816.95342391881 17.81138222973
7846.03322287777 17.812782251016
7875.22120141279 17.7588272018571
7904.51776196203 17.736572180471
7933.92330846076 17.7229766990532
7963.4382463469 17.7006418059686
7993.06298256668 17.6723365838191
8022.79792558017 17.6839580465703
8052.64348536698 17.6811332768124
8082.60007343185 17.6630020287948
8112.66810281039 17.6259135097674
8142.84798807473 17.601144918815
8173.14014533922 17.5860309576379
8203.54499226624 17.5774230447774
8234.06294807188 17.5553851370863
8264.69443353176 17.5245074872561
8295.43987098684 17.5133992411749
8326.29968434921 17.5220260284338
8357.27429910795 17.5235977114632
8388.36414233502 17.4978276254483
8419.56964269112 17.4573497560371
8450.89123043159 17.4551906841048
8482.32933741237 17.4600943893483
8513.88439709597 17.4517403622777
8545.55684455738 17.426183484214
8577.34711649014 17.3925208571948
8609.25565121232 17.3890686259953
8641.28288867257 17.3976306076195
8673.42927045619 17.4012794022145
8705.69523979124 17.3824329800129
8738.0812415546 17.3461398486285
8770.58772227814 17.3358593518487
8803.2151301549 17.3589096621321
8835.96391504519 17.3652095452534
8868.83452848289 17.3417533140057
8901.82742368161 17.3401905481094
8934.94305554094 17.2994388497637
8968.18188065276 17.3062057537461
9001.54435730751 17.3067931009371
9035.03094550052 17.2977105011377
9068.64210693833 17.3055704924319
9102.37830504507 17.2828919702997
9136.24000496888 17.2597619667132
9170.22767358826 17.2712307203435
9204.34177951857 17.2769794434917
9238.58279311844 17.2921580318365
9272.9511864963 17.3048076820817
9307.44743351684 17.3498288085984
9342.07200980759 17.3680475798769
9376.82539276547 17.3824177449762
9411.70806156333 17.3940811420133
9446.72049715662 17.4111746737999
9481.86318228997 17.4156093472768
9517.13660150386 17.4488715021927
9552.54124114133 17.4740848252764
9588.07758935464 17.469547494737
9623.74613611202 17.4875545442651
9659.54737320446 17.4825726219845
9695.48179425241 17.4729418901443
9731.54989471268 17.4252604975066
9767.75217188519 17.4066697822333
9804.08912491989 17.4341143515941
9840.5612548236 17.4193421496098
9877.16906446693 17.4110718347126
9913.91305859123 17.4287299978688
9950.79374381551 17.4134655831203
9987.81162864349 17.4197787768873
10024.9672234705 17.403223190596
10062.2610405907 17.4165629310662
10099.6935942039 17.4036672439906
10137.265400423 17.3707754190173
10174.9769772805 17.3871553133313
10212.8288447364 17.3671609325301
10250.8215246849 17.3808937850842
10288.9555409616 17.3934627008954
10327.231419351 17.3576488737339
10365.6496875932 17.3520851789808
10404.210875392 17.361295685266
10442.9155144215 17.3625277636992
10481.7641383337 17.3557087259989
10520.7572827658 17.3265111818931
10559.8954853477 17.3089237313897
10599.1792857094 17.3146304501632
10638.6092254881 17.2924252396831
10678.1858483363 17.2392730744939
10717.9096999286 17.2396945905038
10757.7813279699 17.2499828328981
10797.8012822023 17.2494888364263
10837.9701144131 17.228767043202
10878.2883784424 17.1922623919739
10918.7566301905 17.1566945927284
10959.3754276259 17.1301155357099
11000.1453307925 17.1326541790613
11041.0669018179 17.1299648600433
11082.1407049206 17.1020640810733
11123.3673064183 17.0754870790915
11164.7472747353 17.0554293938175
11206.2811804106 17.0422878485157
11247.9695961055 17.0479297461712
11289.8130966117 17.0586337073064
11331.8122588594 17.0412465138305
11373.9676619248 17.0508594259119
11416.2798870383 17.0566501089602
11458.7495175926 17.0377142192108
11501.3771391508 17.0312098849375
11544.1633394541 17.0172651891625
11587.1087084304 16.9951722767913
11630.213838202 16.9641075342781
11673.4793230941 16.9356576122046
11716.9057596427 16.8983113010236
11760.4937466031 16.8702166231252
11804.2438849579 16.8164771353613
11848.1567779254 16.784012171883
11892.2330309682 16.7786198111065
11936.473251801 16.7682457862007
11980.8780503993 16.7139280801734
12025.4480390078 16.6614172463817
12070.1838321489 16.6329438682213
12115.0860466309 16.5880431589208
12160.1553015568 16.565795880371
12205.3922183327 16.5367853560401
12250.7974206764 16.5428637882464
12296.371534626 16.5572371184166
12342.1151885484 16.5047607946614
12388.0290131483 16.514259279791
12434.1136414765 16.4957178385523
12480.3697089389 16.4747278155263
12526.7978533051 16.480415344678
12573.3987147173 16.4921511968072
12620.1729356991 16.4814452493618
12667.1211611643 16.4462794595896
12714.244038426 16.4001141593848
12761.5422172051 16.4340113919744
12809.0163496398 16.4198227680238
12856.667090294 16.4148234362603
12904.495096167 16.3681850637946
12952.5010267019 16.3847713333795
13000.6855437952 16.3716621407289
13049.0493118056 16.3761744859505
13097.5929975632 16.3320158209433
13146.317270379 16.2950688259435
13195.2228020538 16.2870273792091
13244.3102668874 16.2938155741459
13293.5803416882 16.2893122018653
13343.0337057825 16.2591956158269
13392.6710410235 16.2747383272552
13442.4930318013 16.2801399087828
13492.5003650516 16.2554796779389
13542.6937302658 16.2369955880124
13593.0738195003 16.222215769375
13643.6413273859 16.2110176692458
13694.3969511376 16.1922015774037
13745.3413905639 16.1881733261354
13796.4753480769 16.1839618878402
13847.7995287016 16.1712189404662
13899.3146400859 16.1607856449862
13951.02139251 16.1524868158643
14002.9204988965 16.1291238672686
14055.0126748202 16.1193923988406
14107.2986385179 16.1169204801388
14159.7791108982 16.0856095467874
14212.4548155516 16.0569993488922
14265.3264787606 16.0389250206684
14318.3948295092 16.012994625172
14371.6605994936 15.9878493392445
14425.1245231318 16.0003355821956
14478.7873375739 15.9545669374721
14532.6497827125 15.9503039286821
14586.7126011923 15.9352722971216
14640.9765384209 15.9105596651815
14695.442342579 15.8872137241837
14750.1107646304 15.8528011195777
14804.9825583328 15.8258371284831
14860.0584802475 15.8230848368993
14915.3392897509 15.7971266152256
14970.8257490437 15.7768384569303
15026.5186231627 15.7574672396761
15082.4186799901 15.7328416083648
15138.5266902652 15.7185715661497
15194.8434275942 15.7017375000637
15251.3696684613 15.6742231641814
15308.1061922393 15.638048333056
15365.0537812003 15.6079539672856
15422.2132205266 15.5608717182372
15479.5852983214 15.498432986807
15537.1708056196 15.476917301461
15594.9705363991 15.4169856843348
15652.9852875913 15.3859539373525
15711.2158590922 15.3749427488914
15769.6630537736 15.328834559018
15828.327677494 15.2424008274847
15887.2105391099 15.2007725665857
15946.3124504865 15.1723032235744
16005.6342265097 15.1460242327652
16065.1766850963 15.082004625158
16124.9406472063 15.0084588229826
16184.9269368535 14.9346321632971
16245.1363811172 14.8882992476787
16305.5698101534 14.801176755965
16366.2280572065 14.7668478694296
16427.1119586206 14.6902427675511
16488.2223538509 14.5980009820317
16549.5600854758 14.5341801666863
16611.1259992079 14.429519364609
16672.9209439061 14.3208329334227
16734.9457715869 14.2185462665102
16797.2013374366 14.137216281176
16859.6884998228 14.0291650059659
16922.4081203063 13.9336491890009
16985.3610636531 13.8395809303465
17048.5481978459 13.7498282785533
17111.9703940967 13.647793312412
17175.6285268585 13.563327338101
17239.523473837 13.4622983309259
17303.6561160034 13.3525049591979
17368.027337606 13.235942851681
17432.6380261827 13.112334530729
17497.489072573 12.9916930921723
17562.5813709306 12.8801776733438
17627.9158187353 12.7649940140726
17693.4933168058 12.6486287403202
17759.3147693119 12.5107416669884
17825.3810837868 12.4021843041719
17891.6931711401 12.348440322564
17958.2519456698 12.293124205098
18025.0583250755 12.2330381898076
18092.1132304703 12.1646414320099
18159.4175863943 12.0980867345124
18226.9723208268 12.0518724824552
18294.7783651994 11.9786415606865
18362.8366544084 11.916693223651
18431.1481268284 11.8725826358451
18499.7137243246 11.8149252655491
18568.5343922661 11.7422598307429
18637.6110795389 11.6801063862812
18706.9447385587 11.6040970406947
18776.5363252847 11.5434224276537
18846.3867992321 11.462916283217
18916.4971234854 11.3837996393185
18986.8682647123 11.3189962808812
19057.5011931763 11.2602612127356
19128.3968827505 11.1768545869894
19199.5563109307 11.0876564336227
19270.9804588494 11.0229597181189
19342.6703112886 10.973418764814
19414.6268566943 10.8950987909822
19486.851087189 10.8252730187941
19559.3439985865 10.7434641500004
19632.1065904049 10.6499987772453
19705.1398658807 10.5626420501139
19778.4448319822 10.4339913202667
19852.0224994243 10.3500043112926
19925.8738826813 10.2832221984863
20000.0000000017 10.2832221984863
