10 4.76416311071049
10.0372009367102 4.76828366103275
10.0745402643896 4.77237101668991
10.1120184978655 4.77642524049063
10.1496361538807 4.78044454478717
10.1873937510998 4.78442849459125
10.2252918101175 4.78837592935511
10.2633308534646 4.79228607803308
10.3015114056161 4.79615778325763
10.3398339929981 4.79999030088401
10.3782991439948 4.80378240734293
10.4169073889563 4.80753315861373
10.4556592602056 4.8112421322881
10.4945552920458 4.81490769085609
10.5335960207679 4.81852923303611
10.5727819846578 4.82210599635929
10.6121137240039 4.82563671410896
10.6515917811047 4.82912093463503
10.6912167002759 4.83255701913034
10.7309890278581 4.83594469485648
10.7709093122244 4.83928317447453
10.8109781037879 4.84257163119996
10.8511959550093 4.8458088724951
10.8915634204045 4.84899391879267
10.9320810565522 4.8521262198369
10.9727494221018 4.85520475932753
11.0135690777806 4.85822928264436
11.0545405864021 4.86119881333361
11.0956645128736 4.86411234550014
11.1369414242037 4.86696924024842
11.1783718895104 4.86976868812817
11.2199564800288 4.87251035359009
11.2616957691193 4.87519294112223
11.3035903322749 4.87781597097593
11.3456407471298 4.88037890298156
11.3878475934668 4.8828805767993
11.4302114532258 4.88532070451572
11.4727329105113 4.8876987407219
11.515412551601 4.89001350210633
11.5582509649534 4.89226496514173
11.6012487412161 4.89445203511872
11.6444064732342 4.89657410338314
11.6877247560581 4.89863051199327
11.7312041869517 4.90062113656125
11.774845365401 4.90254477759602
11.818648893122 4.90440111752949
11.8626153740693 4.90618951302508
11.9067454144441 4.90790926165981
11.9510396227028 4.90956004332811
11.9954986095653 4.91114109104986
12.0401229880234 4.91265192546902
12.0849133733495 4.91409237736475
12.1298703831044 4.91546119011947
12.1749946371469 4.91675865496409
12.2202867576412 4.91798383925689
12.2657473690664 4.91913655982475
12.3113770982243 4.92021583142473
12.3571765742489 4.92122162924951
12.4031464286144 4.92215336331126
12.4492872951442 4.92301064626813
12.4955998100196 4.92379313472637
12.5420846117884 4.92450023163298
12.5887423413741 4.9251320580033
12.6355736420843 4.92568756441616
12.6825791596199 4.92616683883772
12.7297595420838 4.92656927893232
12.7771154399899 4.92689450010491
12.8246475062721 4.92714247108787
12.8723563962932 4.92731232513346
12.9202427678541 4.92740432516243
12.9683072812028 4.92741790778
13.0165505990434 4.9273529746702
13.0649733865454 4.92720880375849
13.1135763113527 4.9269856193405
13.162360043593 4.92668289621546
13.2113252558868 4.92630049491451
13.260472623357 4.92583818981314
13.3098028236379 4.92529589241416
13.3593165368846 4.92467329786901
13.4090144457825 4.92397032081257
13.4588972355569 4.92318689267471
13.5089655939818 4.9223227516585
13.5592202113899 4.92137805970052
13.6096617806823 4.92035266925393
13.6602909973373 4.9192465224855
13.7111085594207 4.91805983226372
13.7621151675953 4.91679250690121
13.8133115251301 4.9154442175649
13.8646983379105 4.91401539130588
13.9162763144479 4.91250557949341
13.9680461658894 4.91091530487062
14.0200086060276 4.90924451628957
14.0721643513105 4.90749334839479
14.1245141208514 4.90566176490763
14.1770586364386 4.90376442758717
14.2297986225456 4.90178708781462
14.2827348063412 4.89972997600682
14.3358679176991 4.89759313047045
14.3891986892083 4.89537666217992
14.442727856183 4.89308104425208
14.496456156673 4.89070606222107
14.5503843314737 4.88825221774665
14.6045131241361 4.88571935835165
14.6588432809775 4.88310788367725
14.7133755510915 4.88041824933053
14.7681106863584 4.87765043171543
14.8230494414556 4.87480487128575
14.8781925738679 4.87188164168183
14.9335408438982 4.86888106151187
14.9890950146774 4.8658033854556
15.0448558521758 4.86264885141776
15.1008241252129 4.85941799884617
15.1570006054682 4.8561110336787
15.2133860674922 4.85272831027758
15.2699812887167 4.84927006525131
15.3267870494654 4.84573661800072
15.3838041329651 4.84212822495249
15.4410333253564 4.83844526669773
15.498475415704 4.8346883092144
15.5561311960084 4.83085756638094
15.6140014612162 4.82695350847335
15.6720870092313 4.82297626062011
15.730388640926 4.81892640272335
15.7889071601517 4.8148044212141
15.8476433737505 4.81061052235998
15.9065980915658 4.80634521215628
15.9657721264536 4.80200876481778
16.0251662942941 4.79760176296179
16.0847814140026 4.79312460234257
16.1446183075405 4.78857761300792
16.2046777999274 4.78396150490775
16.2649607192518 4.77927658793488
16.3254678966828 4.77452331358042
16.3862001664817 4.76970195861338
16.447158366013 4.76481340842164
16.5083433357566 4.75985794281969
16.569755919319 4.7548360426874
16.6313969634448 4.74974813960932
16.6932673180286 4.74459481130629
16.7553678361271 4.73937665247722
16.8176993739698 4.73409406866564
16.880262790972 4.72874759249124
16.9430589497458 4.72333797289598
17.0060887161124 4.71786557374085
17.069352959114 4.71233115578805
17.1328525510256 4.70673502213905
17.1965883673671 4.70107799939739
17.2605612869157 4.69536063767781
17.3247721917173 4.68958364596361
17.3892219670996 4.68374729701646
17.4539115016833 4.677852674332
17.5188416873952 4.67190024740161
17.5840134194801 4.66589073752742
17.649427596513 4.65982497045127
17.7150851204118 4.65370317793129
17.7809868964498 4.64752641078316
17.8471338332678 4.64129499374398
17.9135268428867 4.63501007103901
17.9801668407205 4.62867207527835
18.0470547455885 4.62228178075272
18.1141914797281 4.61584012358668
18.1815779688074 4.60934758032447
18.2492151419383 4.60280516994907
18.3171039316889 4.59621369070293
18.3852452740965 4.58957369569626
18.4536401086808 4.5828862137172
18.5222893784564 4.5761518742342
18.5911940299459 4.56937162072549
18.6603550131934 4.56254622560355
18.7297732817769 4.55567658672321
18.799449792822 4.54876351965879
18.8693855070149 4.54180790260583
18.9395813886156 4.53481069102347
19.0100384054711 4.52777251626302
19.0807575290291 4.52069434429711
19.151739734351 4.51357723615769
19.2229860001258 4.50642189310406
19.2944973086829 4.4992293971746
19.3662746460064 4.49200062238189
19.4383190017482 4.48473614615197
19.5106313692418 4.47743700516121
19.5832127455161 4.47010435641601
19.6560641313089 4.46273883244859
19.7291865310809 4.45534147497134
19.8025809530295 4.44791336439112
19.8762484091027 4.44045532549291
19.950189915013 4.43296832480099
20.0244064902514 4.42632549071704
20.0988991581017 4.41960538893001
20.1736689456542 4.41280856780969
20.2487168838201 4.40593560451155
20.3240440073458 4.39898700324124
20.3996513548271 4.39196368715816
20.4755399687231 4.38486591444507
20.5517108953714 4.37769438051614
20.6281651850019 4.37044959257055
20.7049038917513 4.36313256740041
20.7819280736781 4.3557437462535
20.8592387927765 4.34828369625573
20.9368371149918 4.34075335285983
21.0147241102344 4.33315354529071
21.092900852395 4.32548449404638
21.1713684193594 4.31774736838658
21.2501278930231 4.30994263892728
21.3291803593062 4.30207131511473
21.4085269081689 4.29413418557684
21.4881686336258 4.28613168167314
21.5681066337615 4.27806475430378
21.6483420107456 4.26993373079388
21.7288758708478 4.26173996568129
21.8097093244533 4.25348397759907
21.8908434860779 4.24516698626077
21.9722794743837 4.23678927470439
22.0540184121942 4.22835199528782
22.1360614265099 4.21985567563279
22.2184096485239 4.21130134864988
22.3010642136375 4.20268992087331
22.3840262614756 4.19402216997998
22.4672969359028 4.18529887432698
22.5508773850389 4.17652084721058
22.6347687612749 4.16768893278849
22.7189722212887 4.1588042763905
22.8034889260611 4.149867330666
22.8883200408921 4.140879256024
22.9734667354164 4.13184082694222
23.0589301836202 4.12275291494925
23.1447115638567 4.11361619669991
23.230812058863 4.10443204583653
23.3172328557757 4.09520084934703
23.4039751461482 4.08592382255639
23.491040125966 4.07660152266541
23.5784289956642 4.06723494734297
23.6661429601435 4.05782507814329
23.754183228787 4.0483728301317
23.8425510154766 4.03887857366813
23.9312475386102 4.02934376174872
24.0202740211181 4.01976912417939
24.1096316904802 4.01015527220351
24.1993217787425 4.00050334166651
24.2893455225345 3.99081411253449
24.3797041630861 3.98108847916997
24.4703989462445 3.97132688458763
24.5614311224917 3.96153010933086
24.6528019469616 3.95169930663894
24.7445126794573 3.94183513771246
24.8365645844686 3.93193826173706
24.9289589311891 3.92200917908086
25.0216969935341 3.91204878870066
25.1147800501579 3.90205756540943
25.2082093844715 3.89203606648176
25.3019862846603 3.88198506017924
25.3961120437021 3.87190475302391
25.4905879593843 3.86179593813407
25.5854153343225 3.85165883715988
25.6805954759781 3.8414939785869
25.7761296966763 3.83130201661641
25.8720193136242 3.8210827633602
25.9682656489293 3.81083666034673
26.0648700296171 3.80056433001067
26.1618337876502 3.7902658043168
26.2591582599459 3.7799414688512
26.356844788395 3.76959169061386
26.4548947198803 3.75921666660523
26.5533094062951 3.74881657976268
26.6520902045621 3.73839175358317
26.7512384766515 3.72794233761141
26.8507555896003 3.71746867105972
26.9506429155313 3.70697108054707
27.0509018316712 3.69644976778478
27.1515337203705 3.68590500438686
27.2525399691221 3.67533713333976
27.3539219705804 3.66474609324656
27.4556811225806 3.65413220765128
27.5578188281582 3.64349569029832
27.6603364955679 3.63283664881779
27.7632355383033 3.62215549397403
27.8665173751163 3.61145247068607
27.9701834300368 3.60072785516772
28.0742351323921 3.58998178930227
28.1786739168268 3.57921442412633
28.2835012233224 3.56841338289019
28.3887184972175 3.5575785276603
28.4943271892273 3.5467096950295
28.6003287554639 3.53580713250658
28.7067246574561 3.52487068108862
28.81351636217 3.51390011003876
28.9207053420286 3.50289557021114
29.0282930749329 3.49185689742466
29.1362810442814 3.48078441222084
29.2446707389912 3.46967811177408
29.3534636535184 3.4585378052105
29.4626612878783 3.44736383862996
29.5722651476666 3.4361561252438
29.6822767440801 3.42491433627839
29.7926975939372 3.4136393253168
29.9035292196989 3.40233073426695
30.0147731494902 3.3909891048342
30.1264309171207 3.37961428289126
30.2385040621058 3.36820635544591
30.3509941296883 3.35676563290535
30.4639026708593 3.34529216360686
30.5772312423796 3.33378625284504
30.6909814068016 3.32224797286014
30.8051547324904 3.31067777569838
30.9197527936455 3.29907570944857
31.0347771703225 3.28744184901807
31.1502294484553 3.27577652891681
31.2661112198773 3.26407972861251
31.3824240823437 3.25235191789473
31.4991696395536 3.24059303598225
31.616349501172 3.22880302367536
31.733965282852 3.21698226678644
31.852018606257 3.20513084388037
31.9705110990833 3.19324881837921
32.0894443950822 3.18133612177083
32.2088201340828 3.16939327960094
32.3286399620146 3.15742013049436
32.4489055309299 3.14541675375738
32.569618499027 3.13338307425971
32.6907805306726 3.12131968147929
32.8123932964254 3.10922606013846
32.9344584730584 3.09710244180017
33.0569777435824 3.08494876250976
33.1799527972693 3.07276517330364
33.3033853296751 3.06055181748063
33.4272770426635 3.04830851729422
33.5516296444293 3.03603549011424
33.6764448495218 3.0237331035311
33.8017243788689 3.01140114662122
33.9274699598002 2.99903977896986
34.0536833260713 2.98664912506563
34.1803662178875 2.97422938845211
34.3075203819277 2.9617805755429
34.4351475713689 2.94930265911102
34.5632495459097 2.93679558584019
34.6918280717952 2.92425979864264
34.8208849218411 2.91169534545379
34.9504218754581 2.89910198412929
35.0804407186764 2.88647973106105
35.2109432441705 2.87382885324504
35.3419312512837 2.86114927736907
35.4734065460531 2.8484411674181
35.6053709412345 2.83570482173408
35.7378262563273 2.82294008676669
35.8707743175993 2.81014740273223
36.0042169581128 2.79732700328179
36.1381560177486 2.78447892268411
36.2725933432325 2.77160352371643
36.40753078816 2.75870096943408
36.5429702130224 2.74577153510279
36.6789134852321 2.73281560728483
36.8153624791483 2.71983368756789
36.9523190761032 2.70682585073954
37.0897851644277 2.69379282659414
37.2277626394773 2.68073497195775
37.3662534036585 2.66765272900339
37.5052593664551 2.65454674093238
37.6447824444542 2.64141754494073
37.7848245613726 2.62826570728918
37.9253876480839 2.61509203779747
38.0664736426444 2.60189721051151
38.2080844903204 2.58868176284846
38.3502221436146 2.57544663279208
38.4928885622931 2.5621921022169
38.6360857134129 2.54891909156168
38.7798155713483 2.53562815779082
38.9240801178185 2.52232054727373
39.068881341915 2.50899655975159
39.2142212401288 2.49565747882647
39.3601018163781 2.4823038124468
39.5065250820358 2.46893644762207
39.6534930559574 2.45555629911077
39.8010077645086 2.44216391563879
39.9490712415935 2.42876035986971
40.0976855286824 2.4153466379815
40.2468526748401 2.40192339288764
40.3965747367541 2.38849147216591
40.5468537787631 2.37505193848234
40.6976918728852 2.36160552171076
40.8490910988465 2.34815327457116
41.0010535441102 2.33469608140539
41.1535813039047 2.32123540486417
41.3066764812531 2.30777185358486
41.4603411870018 2.29430656309598
41.6145775398498 2.28084056414678
41.7693876663778 2.26737493821742
41.9247737010778 2.25391074799314
42.080737786382 2.24044907941881
42.2372820726929 2.2269909627306
42.3944087184125 2.2135370879571
42.5521198899724 2.20008902395023
42.7104177618635 2.18664744811697
42.869304516666 2.17321370164208
43.0287823450793 2.15978866691645
43.1888534459529 2.14637352783672
43.3495200263157 2.13296946540948
43.5107843014072 2.11957743105901
43.6726484947079 2.10619831120506
43.8351148379697 2.09283353422846
43.9981855712467 2.07948367616445
44.1618629429266 2.06615010238149
44.3261492097609 2.05283388553603
44.4910466368967 2.03953617698283
44.6565574979076 2.02625798513678
44.822684074825 2.01300032702954
44.9894286581698 1.99976443100346
45.1567935469838 1.98655108299205
45.3247810488614 1.97336105049809
45.4933934799815 1.960195651399
45.6626331651395 1.94705565686171
45.8325024377791 1.93394224756241
46.0030036400248 1.92085618374814
46.1741391227139 1.90779905314247
46.345911245429 1.89477154499407
46.5183223765307 1.88177495096968
46.69137489319 1.86881026931715
46.8650711814213 1.85587891790747
47.0394136361151 1.84298172142856
47.2144046610712 1.83011982077347
47.3900466690317 1.81729415197888
47.5663420817144 1.80450585866126
47.743293329846 1.7917557523569
47.9209028531959 1.77904470100563
48.0991731006096 1.76637384272551
48.2781065300423 1.75374407920062
48.4577056085935 1.74115609555897
48.63797281254 1.7286105211556
48.8189106273711 1.71610830815978
49.000521547822 1.70365056683667
49.1828080779086 1.69123772732967
49.3657727309621 1.67887044886492
49.5494180296635 1.6665493869494
49.7337465060782 1.65427558822156
49.9187607016915 1.64204967576618
50.1044631674429 1.62987232838903
50.2908564637618 1.61774455245815
50.4779431606027 1.6056668717223
50.6657258374805 1.59364028110288
50.854207083506 1.58166555437591
51.043389497422 1.56974348963399
51.2332756876387 1.55787497472264
51.4238682722698 1.54606080011655
51.6151698791687 1.53430224242736
51.8071831459647 1.52260056253494
51.9999107200992 1.51095665693822
52.1933552588626 1.49937173019814
52.3875194294302 1.48784725721984
52.5824059089 1.47638441122647
52.7780173843286 1.46498449444925
52.9743565527689 1.45364868008613
53.1714261213071 1.44237837261071
53.3692288070999 1.43117505536329
53.5677673374123 1.42003974730982
53.7670444496548 1.40897390250588
53.9670628914213 1.39797860645921
54.1678254205271 1.38705545472609
54.3693348050468 1.37620546850109
54.5715938233525 1.3654299804001
54.7746052641521 1.35473017402814
54.9783719265278 1.34410716707596
55.1828966199745 1.33356206836481
55.3881821644389 1.32309599299749
55.594231390358 1.31270949226254
55.8010471386984 1.30240372052392
56.0086322609952 1.2921793409085
56.2169896193917 1.28203736808343
56.4261220866785 1.2719783673104
56.6360325463332 1.26200324285493
56.8467238925604 1.25211258986515
57.0581990303312 1.24230699338244
57.2704608754236 1.23258729332526
57.4835123544625 1.22295415020356
57.6973564049602 1.21340821088237
57.9119959753568 1.20394997923997
58.1274340250607 1.19457995874535
58.3436735244898 1.18529862191632
58.5607174551122 1.17610629656731
58.7785688094872 1.16700348618509
58.9972305913069 1.15799046334855
59.2167058154372 1.14906793461505
59.4369975079597 1.14023571114449
59.6581087062134 1.13149441386169
59.8800424588363 1.12284402714845
60.1028018258077 1.11428521368028
60.3263898784903 1.10581833420141
60.5508096996726 1.09744379547494
60.7760643836113 1.08916213666094
61.0021570360742 1.08097373568709
61.2290907743825 1.07287939418404
61.4568687274545 1.06487933412149
61.685494035848 1.0569742809729
61.9149698518044 1.04916472001574
62.1452993392914 1.0414513217097
62.376485674047 1.03383466929185
62.6085320436233 1.02631527000028
62.8414416474305 1.01889386532719
63.0752176967808 1.01157101272777
63.3098634149326 1.00434707996303
63.5453820371355 0.997222451529691
63.7817768106743 0.990197622613723
64.0190509949139 0.983273274971316
64.2572078613447 0.976449860862587
64.4962506936269 0.969727669034786
64.7361827876367 0.963106970206399
64.9770074515108 0.956588122356791
65.2187280056928 0.950171381695966
65.4613477829786 0.943856605432507
65.7048701285624 0.937644081019449
65.9492984000827 0.931533715093746
66.1946359676689 0.92552528034851
66.4408862139876 0.919618517337313
66.688052534289 0.913813237730237
66.9361383364543 0.908109182774839
67.1851470410421 0.902505752796531
67.4350820813359 0.897002725899374
67.6859469033913 0.891599898876258
67.9377449660834 0.886297081963467
68.190479741155 0.881093340088865
68.4441547132637 0.875989017469419
68.6987733800307 0.870983542151355
68.9543392520884 0.866076740766497
69.2108558531293 0.861268686406336
69.4683267199542 0.856558868338857
69.7267554025213 0.851947288343117
69.9861454639949 0.847434003703433
70.2465004807944 0.843019027140075
70.5078240426442 0.838702059153506
70.7701197526224 0.834483173760736
71.0333912272113 0.83036212858929
71.2976420963466 0.826338884625215
71.5628760034677 0.8224130986263
71.8290966055681 0.818584734022753
72.0963075732454 0.814853381297582
72.3645125907524 0.811218732760486
72.6337153560475 0.807680424223158
72.903919580846 0.804237859245958
73.1751289906711 0.800890594540503
73.4473473249052 0.797637747620412
73.7205783368417 0.794478459008554
73.9948257937363 0.79141199898521
74.2700934768597 0.788437156494365
74.5463851815488 0.785552761003744
74.82370471726 0.782757512686428
75.1020559076207 0.780050216403147
75.3814425904831 0.777429510640397
75.6618686179762 0.774893571887346
75.9433378565593 0.772440835750918
76.2258541870754 0.770069719730983
76.5094215048047 0.767778327798966
76.7940437195179 0.765564872836019
77.0797247555308 0.763427384163915
77.3664685517576 0.761364116888557
77.654279061766 0.75937288771286
77.9431602538311 0.757451793459056
78.2331161109905 0.755598935708186
78.524150631099 0.753812164082562
78.8162678268838 0.752090153945428
79.1094717259999 0.750430719041529
79.4037663710853 0.748832330816616
79.6991558198174 0.747293075354814
79.9956441449681 0.745811410925628
80.2932354344608 0.744385492197662
80.5919337914261 0.74301443358809
80.8917433342586 0.741696035327494
81.192668196674 0.740428907309004
81.4947125277655 0.739211522367861
81.7978804920615 0.738042534311128
82.1021762695827 0.736919992907371
82.4076040558999 0.735842404964253
82.714168062192 0.734808238322239
83.0218725153037 0.733815826527338
83.3307216578039 0.732863558118363
83.6407197480444 0.73194961497936
83.9518710602185 0.731072332007152
84.2641798844197 0.730229871205578
84.5776505267013 0.729420825850425
84.8922873091352 0.72864304560758
85.2080945698721 0.727894585434103
85.525076663201 0.727173446461756
85.8432379596091 0.726477259081494
86.1625828458423 0.725803940636981
86.4831157249656 0.725150959344296
86.804841016424 0.724515951676694
87.1277631561029 0.723896618778052
87.4518865963899 0.723290450429007
87.7772158062356 0.722694853399513
88.103755271216 0.722107683858564
88.4315094935933 0.721526395780147
88.760482992379 0.72094838897972
89.0906803033954 0.720371447736452
89.4221059793388 0.719793165899131
89.7547645898416 0.719211419826224
90.088660721536 0.718624258510038
90.4237989781166 0.718029719508062
90.7601839804045 0.717425881096186
91.0978203664104 0.716810821042993
91.436712791399 0.716182411200591
91.7768659279529 0.715539259951088
92.1182844660374 0.714879175053963
92.4609731130645 0.714200555373129
92.8049365939585 0.713501615920726
93.1501796512209 0.712780785212754
93.4967070449956 0.712036305481882
93.8445235531347 0.711266355204977
94.1936339712644 0.710469560325316
94.5440431128511 0.709644390484391
94.8957558092676 0.708789369922541
95.2487769098601 0.707902976147978
95.6031112820147 0.706984082183573
95.9587638112245 0.706031012014462
96.3157394011573 0.705042384182555
96.674042973723 0.704016858939784
97.0336794691412 0.702953363908787
97.39465384601 0.701850682935539
97.7569710813735 0.700707866220607
98.1206361707911 0.699523711341011
98.4856541284063 0.698297422528367
98.8520299870155 0.697028355058499
99.2197687981374 0.695715557116391
99.5888756320832 0.694358390871714
99.9593555780259 0.692956151796445
100.331213744071 0.691508341879655
100.704455257326 0.690014414130999
101.079085263972 0.688474112731925
101.455108929334 0.686887008175995
101.832531437955 0.685252971450347
102.211357993661 0.683571802454269
102.591593819639 0.681843307275439
102.973244158507 0.68006738367463
103.356314272386 0.678243519859448
103.74080944297 0.676371931145898
104.126734971605 0.674452280278658
104.514096179357 0.672484436673389
104.902898407086 0.670468361781853
105.293147015521 0.668403930535713
105.684847385335 0.666291569634693
106.078004917216 0.664131200434143
106.472625031943 0.66192274570431
106.868713170461 0.659666270036705
107.266274793956 0.657362482506327
107.665315383931 0.655011398607315
108.065840442278 0.652613338847096
108.467855491361 0.650168823640034
108.871366074083 0.647678419404897
109.27637775397 0.645142523300945
109.682896115245 0.642561963159169
110.090926762902 0.639937765311283
110.500475322789 0.637270383301002
110.911547441682 0.634561096102201
111.324148787363 0.631810585725225
111.738285048698 0.629019615177217
112.153961935718 0.626189433424924
112.571185179695 0.623320737461697
112.98996053322 0.620414761303889
113.410293770289 0.617472169371879
113.832190686372 0.614493592364002
114.255657098502 0.611479739021722
114.680698845352 0.608431154367802
115.107321787315 0.605348174502272
115.535531806584 0.602231390436843
115.965334807235 0.599081091494269
116.396736715309 0.595898120123821
116.829743478891 0.592682659776603
117.264361068193 0.589435198572171
117.700595475639 0.586156726943963
118.138452715943 0.582847455059281
118.577938826195 0.579508192302412
119.019059865945 0.576139628303067
119.461821917283 0.572742461373127
119.906231084925 0.569317288362315
120.3522934963 0.5658648491722
120.800015301628 0.562385979007673
121.24940267401 0.558881032238437
121.700461809513 0.555350834148174
122.15319892725 0.551796038622179
122.607620269474 0.548217470455293
123.063732101657 0.544615708432882
123.52154071258 0.540991477640831
123.981052414419 0.53734513327714
124.442273542832 0.53367741044375
124.905210457046 0.529988690494709
125.369869539945 0.526279354445985
125.836257198157 0.522549503625905
126.304379862144 0.518799550809203
126.774243986291 0.51502984982896
127.245856048992 0.511240797008844
127.719222552743 0.507432553428734
128.194350024229 0.50360502397946
128.671245014415 0.499758629499466
129.149914098635 0.495893645011618
129.630363876686 0.492010525989652
130.112600972915 0.488109481782527
130.596632036314 0.484191362378078
131.082463740608 0.480256482941885
131.570102784351 0.476305587141296
132.059555891015 0.47233922037545
132.550829809082 0.468358228350689
133.043931312143 0.464363571374649
133.538867198985 0.460355928752671
134.035644293687 0.456336131519611
134.534269445714 0.452305102766861
135.034749530014 0.448263906638869
135.537091447108 0.4442130892783
136.041302123189 0.440153371410084
136.547388510214 0.436085838121035
137.055357586005 0.43201116187186
137.56521635434 0.427930096422614
138.076971845052 0.423843623729689
138.590631114126 0.419752183299551
139.106201243796 0.415656533157098
139.623689342642 0.411557485668696
140.14310254569 0.407454848254043
140.664448014507 0.403349109596165
141.187732937303 0.399240452472825
141.712964529029 0.395128912574757
142.240150031474 0.391014913286202
142.769296713371 0.386898398012739
143.30041187049 0.382779922285366
143.833502825744 0.378659445322483
144.368576929286 0.374537839319888
144.905641558614 0.370415471688751
145.444704118671 0.366292945994121
145.985772041946 0.362170780106084
146.528852788578 0.358049289333002
147.073953846458 0.353929259328937
147.621082731334 0.349811208247272
148.170246986912 0.345695456948258
148.721454184961 0.34158280351716
149.274711925419 0.337473640100781
149.830027836496 0.333368763845786
150.387409574779 0.329268592370314
150.946864825339 0.325174255275727
151.508401301835 0.321086372911028
152.072026746624 0.317005281708573
152.637748930863 0.312931925157814
153.205575654619 0.308866761463912
153.775514746977 0.304810431542865
154.347574066145 0.300763728314839
154.921761499565 0.296727772009604
155.498084964022 0.292703058382783
156.076552405752 0.288690271970383
156.657171800551 0.284690182778986
157.239951153886 0.280703251200993
157.824898501005 0.276729848272925
158.412021907047 0.272769895194584
159.001329467157 0.268824005588444
159.592829306591 0.264891794878705
160.186529580835 0.260973105240527
160.78243847571 0.257067931272632
161.380564207495 0.253175895093387
161.980915023028 0.249296995691018
162.583499199831 0.245431116967138
163.188325046216 0.241577864355745
163.795400901405 0.237737199888593
164.40473513564 0.233908174130257
165.016336150303 0.230090337473428
165.630212378031 0.226283473248484
166.246372282828 0.222487114302929
166.864824360187 0.21870095153965
167.485577137204 0.214924739341411
168.108639172699 0.211158675565751
168.734019057329 0.207402413904858
169.36172541371 0.203656011596803
169.991766896534 0.199919677930045
170.624152192691 0.19619335488824
171.258890021386 0.192477236631531
171.89598913426 0.188771856010191
172.535458315511 0.185077532300563
173.177306382017 0.181394731530676
173.821542183453 0.17772390859295
174.468174602416 0.174065017099129
175.117212554548 0.170418809254367
175.768664988659 0.166785212925973
176.422540886846 0.163164491217238
177.078849264624 0.159556613375645
177.737599171045 0.155961425440389
178.398799688823 0.152379265113831
179.062459934462 0.148810054962662
179.728589058382 0.145253702689545
180.397196245039 0.141710325131786
181.068290713059 0.138179895069191
181.741881715363 0.134662198476943
182.417978539291 0.131157241480481
183.096590506735 0.12766491805098
183.777726974264 0.124184909963143
184.461397333255 0.120717127611896
185.147611010021 0.117261761347234
185.836377465944 0.113818547562773
186.5277061976 0.11038757356452
187.221606736895 0.106968573612943
187.918088651195 0.103561348598618
188.617161543456 0.100165386089921
189.318835052359 0.0967805600958913
190.023118852442 0.0934067726388657
190.730022654232 0.0900438263683663
191.439556204381 0.0866918482661916
192.151729285799 0.0833512853380833
192.86655171779 0.0800225832635517
193.584033356187 0.0767058171765198
194.304184093485 0.0734015725023438
195.027013858983 0.0701100186638115
195.752532618918 0.0668315531739045
196.480750376599 0.0635659589601802
197.211677172552 0.0603131234652263
197.945323084652 0.0570734358650276
198.681698228267 0.0538470257245693
199.420812756393 0.0506348721643191
200.162676859797 0.0474377337739007
200.907300767158 0.0442562694905666
201.654694745203 0.0410914124924995
202.404869098855 0.0379436645802276
203.157834171373 0.0348138302345466
203.913600344492 0.031702132041751
204.672178038568 0.0286089259887223
205.433577712722 0.0255343807589981
206.197809864986 0.0224789333063091
206.964885032443 0.0194429629484301
207.734813791375 0.0164268022302991
208.50760675741 0.0134308443919071
209.283274585667 0.0104550875070002
210.061827970903 0.00749970818445078
210.84327764766 0.0045645245060113
211.627634390414 0.00164944997587746
212.414909013722 -0.00124584506927761
213.205112372374 -0.00412169455742362
213.998255361539 -0.00697884011303884
214.794348916918 -0.0098177523658638
215.593404014895 -0.0126388015495609
216.395431672684 -0.0154422820648037
217.200442948486 -0.0182287659091429
218.008448941641 -0.0209984783526878
218.819460792778 -0.0237520323995488
219.633489683968 -0.0264899249707549
220.450546838885 -0.0292126204286269
221.270643522953 -0.0319205215116884
222.093791043505 -0.0346138448059703
222.920000749938 -0.0372927854724088
223.749284033871 -0.0399571588493375
224.5816523293 -0.042606407555529
225.417117112757 -0.0452401952811776
226.255689903467 -0.0478579293222916
227.097382263509 -0.0504585074138166
227.942205797972 -0.0530411969877669
228.790172155119 -0.0556047739067171
229.641293026544 -0.0581483441039152
230.495580147337 -0.060670737410466
231.35304529624 -0.0631711541842073
232.213700295818 -0.0656490921550503
233.077557012612 -0.0681028739408527
233.944627357311 -0.0705315547573484
234.814923284911 -0.0729341781205113
235.688456794884 -0.0753095387284963
236.565239931339 -0.0776565885685185
237.44528478319 -0.0799742343279899
238.328603484325 -0.0822618787810319
239.215208213769 -0.0845186782502401
240.105111195857 -0.0867444817580134
240.998324700395 -0.0889391835862607
241.894861042839 -0.0911034251533733
242.794732584456 -0.0932371834984602
243.6979517325 -0.0953411761591472
244.60453094038 -0.0974159551604545
245.514482707834 -0.0994623378353081
246.427819581099 -0.101481229229889
247.344554153085 -0.103473092602158
248.264699063551 -0.105438790177663
249.188266999274 -0.107378414707656
250.11527069423 -0.10929291306445
251.045722929764 -0.111182352848312
251.979636534771 -0.113046714853277
252.91702438587 -0.114886426513626
253.85789940758 -0.116701678112901
254.802274572504 -0.11849208166628
255.750162901502 -0.120257251148403
256.701577463874 -0.121996837280024
257.656531377538 -0.123710053232224
258.615037809212 -0.125396637729193
259.577109974596 -0.12705578039522
260.542761138553 -0.128687128808608
261.512004615294 -0.130290310768446
262.484853768559 -0.131865083189487
263.461322011801 -0.133411129108575
264.441422808376 -0.134928115201629
265.42516967172 -0.136415565767346
266.412576165545 -0.137873308328838
267.403655904018 -0.139300515642756
268.398422551953 -0.140696593480108
269.396889825 -0.142061467797604
270.39907148983 -0.143395260690647
271.404981364328 -0.144698055316325
272.414633317784 -0.145970672780082
273.428041271082 -0.147214105652224
274.445219196894 -0.148428985234099
275.466181119869 -0.149616447076052
276.490941116832 -0.15077739068582
277.519513316975 -0.151913089857051
278.551911902049 -0.153024199948452
279.588151106566 -0.154111293571245
280.628245217989 -0.155174981859118
281.672208576933 -0.156215571590317
282.720055577362 -0.157234149945873
283.771800666785 -0.158231569209049
284.827458346459 -0.159208874714493
285.887043171586 -0.160167011167148
286.950569751514 -0.16110714507024
288.018052749942 -0.16203035963416
289.089506885116 -0.162937621876382
290.164946930037 -0.16382948322445
291.244387712663 -0.164706289047938
292.327844116112 -0.165568408766839
293.41533107887 -0.166416178971431
294.506863594997 -0.16724990122824
295.602456714328 -0.168069904576828
296.702125542688 -0.168876464663735
297.805885242097 -0.169669556328865
298.913751030978 -0.170449559408824
300.025738184368 -0.171216553324127
301.14186203413 -0.171970440483197
302.262137969162 -0.172710772447895
303.386581435609 -0.173437271833809
304.51520793708 -0.174149162378678
305.648033034855 -0.17484638177577
306.785072348107 -0.175528620609493
307.926341554112 -0.176195569718884
309.071856388467 -0.176847052946642
310.221632645308 -0.177482294353654
311.375686177524 -0.175991588536239
312.534032896982 -0.17410781250403
313.69668877474 -0.171830501078444
314.86366984127 -0.169161020830776
316.03499218668 -0.16610728476545
317.210671960934 -0.162667910158994
318.390725374075 -0.15885158974286
319.57516869645 -0.154667053030419
320.764018258932 -0.150117705468098
321.957290453147 -0.14520526946467
323.1550017317 -0.139943561153524
324.3571686084 -0.134342266412668
325.563807658489 -0.128420402422023
326.774935518872 -0.12219514826244
327.990568888343 -0.115689905437104
329.210724527818 -0.108916280649086
330.435419260565 -0.101865720803904
331.664669972436 -0.094537841563112
332.898493612101 -0.0869397090535775
334.136907191279 -0.0790693192199079
335.379927784974 -0.0709309925079858
336.627572531714 -0.0625365777943043
337.879858633779 -0.0538846133558379
339.136803357447 -0.0449797853418393
340.398424033226 -0.0358511078248325
341.664738056097 -0.0265005819599017
342.935762885749 -0.0169087993833983
344.211516046826 -0.00708300193304395
345.492015129163 0.00296294284204085
346.777277788032 0.0132367229810759
348.067321744384 0.0237235775001158
349.362164785094 0.034430339097258
350.661824763204 0.0453357927761023
351.966319598173 0.0564709499124857
353.275667276122 0.0677238068029427
354.58988585008 0.0791147612098305
355.908993440238 0.0906669396568112
357.233008234193 0.102352121062978
358.561948487204 0.114163376996852
359.895832522439 0.1261051849056
361.234678731231 0.138115729488979
362.578505573331 0.150242150561521
363.927331577162 0.162425020280759
365.281175340072 0.174680578543951
366.640055528597 0.186934877075005
368.003990878711 0.199215947794971
369.373000196088 0.2114799951926
370.747102356362 0.223730467643921
372.126316305386 0.23596917940717
373.510661059493 0.248155643837773
374.900155705758 0.260293504373665
376.294819402263 0.272322939901191
377.694671378358 0.284301565497698
379.099730934929 0.296157800508642
380.510017444665 0.307940711627954
381.92555035232 0.31965140091541
383.346349174985 0.331301642513028
384.772433502359 0.342861934776709
386.203822997013 0.354275127832722
387.640537394667 0.365565166589045
389.082596504459 0.376721728383897
390.530020209219 0.387632925138682
391.982828465741 0.398369575381352
393.441041305064 0.40889873955429
394.904678832742 0.419277897313352
396.373761229123 0.429509368224056
397.848308749629 0.439767892891722
399.328341725034 0.449936525455193
400.813880561743 0.459998564394762
402.304945742077 0.469964254661673
403.801557824551 0.479828831323352
405.303737444161 0.489554546192231
406.811505312667 0.499153195078496
408.324882218878 0.508597320202575
409.843889028939 0.517926215398751
411.368546686621 0.527091428322748
412.898876213606 0.536183130382377
414.434898709779 0.545180734910782
415.976635353518 0.554121646175324
417.524107401988 0.562941306806546
419.077336191431 0.571599498333037
420.636343137464 0.580140751083971
422.20114973537 0.588560286513441
423.771777560397 0.59677926043897
425.348248268055 0.604853392760135
426.930583594415 0.612681173602081
428.518805356409 0.620291868387928
430.112935452127 0.627792850993105
431.712995861126 0.635132761749785
433.319008644725 0.642275209135262
434.930995946316 0.649189589551179
436.548979991665 0.655816244103094
438.172983089221 0.662092888971997
439.803027630423 0.668095602663202
441.439136090005 0.673787873567663
443.081331026313 0.679261719411975
444.72963508161 0.684364764015421
446.384070982391 0.689254753767569
448.044661539696 0.693899167131058
449.711429649423 0.698369680523928
451.384398292646 0.702577713204525
453.063590535931 0.706644169884936
454.749029531652 0.710624787240991
456.440738518314 0.714467544987414
458.138740820871 0.718147573857388
459.843059851047 0.721699644384872
461.55371910766 0.725160012414648
463.270742176947 0.728500493623478
464.994152732887 0.731951679220734
466.723974537529 0.73542661992491
468.460231441319 0.738908052666351
470.202947383427 0.742414053323357
471.952146392082 0.745853810551357
473.707852584898 0.749361120217724
475.470090169211 0.752748521442201
477.238883442408 0.756162214249664
479.014256792265 0.759469737928084
480.796234697286 0.762661710650141
482.584841727032 0.765749380324873
484.38010254247 0.768814204302226
486.182041896305 0.771810023959409
487.990684633326 0.774841799419136
489.806055690746 0.777727016600955
491.628180098547 0.78063207960985
493.457082979826 0.783507803949166
495.292789551138 0.786290856515042
497.135325122848 0.789108668197209
498.984715099477 0.791357800773749
500.840984980053 0.793713453020353
502.704160358464 0.795927045789067
504.574266923808 0.797877136395126
506.451330460749 0.799746378628951
508.335376849875 0.801415649801957
510.226432068048 0.802987876432497
512.124522188771 0.804503945126093
514.029673382538 0.80595664306385
515.941911917204 0.807269082103489
517.86126415834 0.808527974706317
519.787756569601 0.809614381537608
521.721415713088 0.810496458788974
523.662268249716 0.81110264472801
525.610340939583 0.811424531106144
527.565660642334 0.81138664870627
529.528254317536 0.810900543817695
531.498149025047 0.810091521434142
533.475371925393 0.809065001195765
535.459950280137 0.807832786256436
537.451911452257 0.806347153765131
539.451282906527 0.804779723764905
541.45809220989 0.802882632024956
543.472367031842 0.800654203018838
545.49413514481 0.798179438548036
547.523424424539 0.795370342643001
549.560262850475 0.792334767908948
551.604678506148 0.788929039371089
553.656699579562 0.785303650931693
555.716354363585 0.781547560663692
557.783671256334 0.777609557792475
559.858678761572 0.773529227658853
561.941405489097 0.769591712856622
564.03188015514 0.76505826932224
566.130131582757 0.760234230356078
568.236188702231 0.755065406709465
570.350080551465 0.74953469482192
572.471836276389 0.743499301237026
574.601485131357 0.73693898622521
576.739056479551 0.7299714848582
578.88457979339 0.722599768402508
581.038084654929 0.714928936860708
583.199600756274 0.70707911048104
585.369157899988 0.698708104139676
587.5467859995 0.689823233126953
589.732515079524 0.680105872573757
591.926375276465 0.669655000254348
594.128396838839 0.658275748349722
596.338610127691 0.645821893942477
598.557045617011 0.63241070715035
600.783733894154 0.61800867552145
603.018705660264 0.602979485128083
605.261991730696 0.587605935037817
607.513623035441 0.57186729834292
609.773630619552 0.555536194260318
612.042045643573 0.538402899694357
614.318899383969 0.520528664214828
616.604223233554 0.501904287062288
618.898048701927 0.482635692250429
621.200407415909 0.462872719116001
623.51133111997 0.440654196592124
625.830851676678 0.418286910435751
628.159001067128 0.395859968005405
630.49581139139 0.373377046282322
632.841314868951 0.350972026436456
635.195543839153 0.328647688053538
637.558530761648 0.306405887805854
639.930308216838 0.284318337774643
642.310908906328 0.26243645316196
644.700365653376 0.240547499927848
647.098711403346 0.218770475414225
649.505979224161 0.197394469831985
651.922202306761 0.176393965094839
654.347413965559 0.155908164293643
656.781647638899 0.135940024709051
659.224936889521 0.116369750890892
661.677315405021 0.0969161215296905
664.138816998315 0.0775158046797486
666.609475608108 0.0579731063495368
669.089325299358 0.0382477585706082
671.578400263749 0.0185502801965436
674.076734820163 -0.00109416311236732
676.584363415148 -0.0207171813597231
679.101320623398 -0.0401239402075655
681.627641148229 -0.0593015267049077
684.163359822055 -0.0782904184308491
686.708511606871 -0.0971786119154112
689.263131594734 -0.115940007666853
691.827255008246 -0.134536365921389
694.400917201039 -0.153072913681206
696.984153658268 -0.171238956261431
699.576999997092 -0.189182698422421
702.179491967171 -0.207102107381455
704.791665451156 -0.224378847958609
707.413556465187 -0.241072329992074
710.045201159385 -0.257700680800698
712.686635818355 -0.273927336202379
715.337896861682 -0.28975447312562
717.999020844436 -0.305228905568341
720.670044457676 -0.3199545012548
723.351004528956 -0.334215376750574
726.041938022828 -0.347736814934382
728.74288204136 -0.360886678044688
731.453873824642 -0.373732768504688
734.174950751298 -0.386278595688248
736.906150339008 -0.398708974276018
739.647510245018 -0.411114338932215
742.399068266665 -0.423138613352279
745.160862341893 -0.435006057730341
747.932930549781 -0.446451648198747
750.715311111065 -0.457416832407561
753.508042388666 -0.467835540169614
756.311162888217 -0.477895307789558
759.124711258597 -0.487851912156681
761.948726292463 -0.497756973400726
764.783246926784 -0.507559535848754
767.628312243377 -0.517054480490056
770.483961469448 -0.525949804028913
773.350233978131 -0.534489517164842
776.227169289033 -0.542269666505084
779.114807068777 -0.549426564673003
782.01318713155 -0.555774911625224
784.92234943965 -0.561541569658631
787.842334104041 -0.566886129184954
790.773181384902 -0.571909319881323
793.714931692182 -0.577306876749052
796.667625586163 -0.582677173914036
799.63130377801 -0.587963253871377
802.606007130343 -0.593110788803955
805.591776657789 -0.598177604229678
808.588653527558 -0.60311968567643
811.596679060002 -0.607675219463601
814.615894729193 -0.611790000874094
817.646342163485 -0.61562874184497
820.688063146098 -0.619402438069354
823.741099615688 -0.623309703500687
826.805493666926 -0.6275772714929
829.881287551079 -0.632193287092446
832.968523676594 -0.637185107177592
836.06724460968 -0.642252544703789
839.177493074898 -0.647512677922568
842.299311955746 -0.652797997985884
845.432744295255 -0.657931766924127
848.577833296579 -0.663161431666918
851.734622323592 -0.668424968101621
854.903154901485 -0.674036726594481
858.083474717367 -0.679951613949252
861.275625620868 -0.686279014066868
864.479651624742 -0.692713817373346
867.695596905475 -0.699006665956777
870.923505803893 -0.705145868522148
874.163422825774 -0.711031064596911
877.415392642464 -0.716652112422506
880.679460091487 -0.722012343852984
883.955670177168 -0.727322129078351
887.244068071255 -0.732425149613074
890.544699113535 -0.737628033576571
893.857608812465 -0.742717263872538
897.1828428458 -0.748002966535759
900.520447061216 -0.753231956255348
903.870467476951 -0.758410399725254
907.232950282432 -0.763903934933578
910.607941838916 -0.769454656681656
913.99548868013 -0.775056279448806
917.395637512907 -0.780969967059875
920.808435217838 -0.787092352428732
924.233928849912 -0.793322675060168
927.672165639167 -0.799856918246812
931.12319299134 -0.806593467666223
934.587058488525 -0.813500912560694
938.063809889823 -0.820642736988293
941.553495132005 -0.827858370515778
945.056162330171 -0.835198067259955
948.571859778412 -0.842718473410135
952.100635950479 -0.850373609919211
955.64253950045 -0.85816561002998
959.197619263401 -0.866252014537347
962.765924256078 -0.874474374988967
966.347503677575 -0.882930259616938
969.942406910009 -0.891789660952988
973.550683519207 -0.90075948448632
977.172383255382 -0.91014153115717
980.807556053824 -0.919808613876473
984.456252035586 -0.929788628252722
988.118521508177 -0.940163545915469
991.794414966255 -0.950783015473124
995.483983092322 -0.961687994214931
999.187276757423 -0.972749682700872
1002.90434702185 -0.98373248769223
1006.63524513584 -0.99458031905755
1010.3800225403 -1.00546995491584
1014.13873086747 -1.01634926453394
1017.9114219417 -1.02734862071868
1021.69814778013 -1.0386755211821
1025.49896059337 -1.05045009564078
1029.31391278631 -1.0629769347771
1033.14305695876 -1.07593861598827
1036.98644590621 -1.08917608013265
1040.84413262056 -1.10244867211645
1044.71617029083 -1.11534477263583
1048.60261230394 -1.12799688692763
1052.50351224539 -1.14037681823123
1056.41892390001 -1.15241053079914
1060.34890125276 -1.16440480924926
1064.29349848938 -1.17660377445671
1068.25276999721 -1.18858930271151
1072.22677036593 -1.20051215158626
1076.21555438826 -1.21197392117443
1080.21917706079 -1.22290193940383
1084.23769358469 -1.2330211913696
1088.27115936647 -1.24276706521679
1092.31963001878 -1.25179040083238
1096.38316136114 -1.2604444676927
1100.46180942073 -1.26874859546535
1104.55563043316 -1.2769893749858
1108.66468084322 -1.28521961169537
1112.7890173057 -1.29354654025916
1116.92869668616 -1.30197962463432
1121.08377606168 -1.31024272523568
1125.25431272169 -1.31844255171433
1129.44036416873 -1.32653323097735
1133.64198811927 -1.33457667259515
1137.85924250447 -1.34257268565056
1142.09218547102 -1.35035279884832
1146.34087538191 -1.35787316079889
1150.60537081725 -1.36552471927306
1154.88573057506 -1.37331695393844
1159.18201367212 -1.38130296444065
1163.49427934474 -1.38960087287541
1167.8225870496 -1.39791253014243
1172.16699646455 -1.40612184931772
1176.52756748948 -1.41376226511164
1180.90436024707 -1.42060829725915
1185.2974350837 -1.42672589787175
1189.70685257023 -1.43199694408851
1194.13267350285 -1.43659443718501
1198.5749589039 -1.44062741409857
1203.03377002276 -1.44418049978484
1207.50916833664 -1.44714491976124
1212.00121555147 -1.44942684578217
1216.50997360271 -1.45084698015262
1221.03550465623 -1.45142029305014
1225.57787110919 -1.45120856995775
1230.13713559085 -1.45041633590967
1234.71336096344 -1.44894814371118
1239.30661032308 -1.44735208877449
1243.9169470006 -1.44564875211581
1248.54443456241 -1.4439477087568
1253.18913681141 -1.44230274224261
1257.85111778785 -1.4407691948078
1262.53044177021 -1.43956371097723
1267.22717327611 -1.4385845090764
1271.94137706315 -1.43772923760917
1276.67311812987 -1.43716337975857
1281.42246171659 -1.43664871679942
1286.18947330632 -1.43602599354097
1290.97421862569 -1.43545440706525
1295.77676364585 -1.43482056566452
1300.59717458334 -1.43418653593585
1305.43551790105 -1.4336147772874
1310.29186030912 -1.4331933936911
1315.16626876584 -1.43283304359249
1320.05881047861 -1.43244216903767
1324.96955290485 -1.432001940465
1329.8985637529 -1.43144996683953
1334.84591098301 -1.43066803148306
1339.81166280824 -1.4296066277587
1344.79588769541 -1.42843430445696
1349.79865436604 -1.42715717554398
1354.82003179729 -1.42610407550241
1359.86008922295 -1.42505334899994
1364.91889613434 -1.42421779490371
1369.9965222813 -1.42328446910317
1375.09303767316 -1.42241728023646
1380.20851257966 -1.42176095094441
1385.343017532 -1.42136385943492
1390.49662332371 -1.42097724580005
1395.6694010117 -1.42080106753148
1400.86142191724 -1.42063691784714
1406.07275762689 -1.4204139943321
1411.30347999353 -1.42008977415269
1416.55366113734 -1.41938942493929
1421.82337344679 -1.41884970308347
1427.11268957965 -1.41820422159219
1432.42168246399 -1.4176685339458
1437.75042529915 -1.41740227019894
1443.09899155681 -1.41745951322752
1448.46745498195 -1.41788848645531
1453.85588959391 -1.41836772128477
1459.26436968736 -1.41890237252106
1464.69296983337 -1.41928006332252
1470.14176488043 -1.41955213596354
1475.61082995546 -1.41993368950036
1481.10024046487 -1.42053202502987
1486.61007209556 -1.42160290822443
1492.14040081604 -1.42330307835123
1497.69130287738 -1.42557888816291
1503.26285481435 -1.42806412369131
1508.85513344643 -1.43055734523745
1514.46821587884 -1.43304542818492
1520.10217950369 -1.43531713009805
1525.75710200096 -1.43809034903149
1531.43306133963 -1.44121371801003
1537.1301357787 -1.44489759623547
1542.84840386835 -1.44878177729916
1548.58794445092 -1.45317307812552
1554.34883666208 -1.4584023115656
1560.1311599319 -1.46393419835198
1565.93499398592 -1.46997184316429
1571.76041884628 -1.47610891443607
1577.60751483278 -1.48212730398845
1583.47636256406 -1.48802125722539
1589.36704295864 -1.49388497486881
1595.27963723608 -1.49957596718974
1601.21422691806 -1.50509523450233
1607.17089382956 -1.51034874709671
1613.14972009994 -1.51552640849025
1619.15078816409 -1.52073444988383
1625.17418076356 -1.52609749899246
1631.21998094772 -1.53139660512734
1637.28827207488 -1.53663347957099
1643.37913781346 -1.54185742464674
1649.49266214312 -1.5468509039013
1655.62892935595 -1.55177121052174
1661.7880240576 -1.55656546696654
1667.97003116847 -1.56161440299997
1674.17503592487 -1.56702756918069
1680.40312388019 -1.57274703957669
1686.6543809061 -1.57872114786188
1692.9288931937 -1.58472797709453
1699.22674725475 -1.59068931200457
1705.54802992284 -1.5962166284474
1711.89282835457 -1.60166853810146
1718.26123003079 -1.60707731586288
1724.65332275779 -1.61291311980816
1731.06919466848 -1.61919514928108
1737.50893422366 -1.62550767344585
1743.9726302132 -1.63210988724797
1750.46037175728 -1.63887139253584
1756.97224830763 -1.64589097718784
1763.50834964871 -1.65297535876305
1770.06876589903 -1.66014085105633
1776.65358751231 -1.66746695045586
1783.26290527881 -1.67489296519527
1789.8968103265 -1.68231453297393
1796.55539412237 -1.68973376125983
1803.23874847367 -1.69727647596399
1809.94696552921 -1.7044932897268
1816.68013778055 -1.71174614027975
1823.43835806337 -1.71901108548535
1830.22171955869 -1.72611769397575
1837.03031579418 -1.73313929615155
1843.86424064544 -1.74035078835141
1850.72358833728 -1.74722529488719
1857.60845344505 -1.75418435350211
1864.51893089594 -1.76139413207526
1871.45511597026 -1.76875845254732
1878.41710430278 -1.77599727879742
1885.40499188403 -1.78311787227606
1892.41887506164 -1.79034162060933
1899.45885054167 -1.79781687517752
1906.52501538993 -1.80546397451385
1913.61746703332 -1.81342142528369
1920.73630326118 -1.82106879045135
1927.88162222663 -1.82877256485576
1935.05352244795 -1.83650483964801
1942.25210280989 -1.84450674927548
1949.47746256507 -1.85254616408994
1956.72970133535 -1.86015911724309
1964.00891911318 -1.8676352088235
1971.315216263 -1.87462816940131
1978.6486935226 -1.88165161911605
1986.00945200454 -1.88858993732251
1993.39759319752 -1.89559979561773
2000.8132189678 -1.90249824469097
2008.25643156057 -1.90985915564231
2015.7273336014 -1.91727190865178
2023.22602809763 -1.9250741028984
2030.75261843979 -1.93290031684447
2038.30720840305 -1.94081138700314
2045.88990214862 -1.94849214697959
2053.50080422521 -1.95606166208251
2061.14001957043 -1.96359735770648
2068.80765351232 -1.97096704365647
2076.5038117707 -1.97844346104741
2084.22860045872 -1.98628778010382
2091.98212608424 -1.99452876332572
2099.76449555137 -2.00310972447909
2107.57581616189 -2.01151720884794
2115.41619561679 -2.01975575852873
2123.28574201767 -2.02765986932831
2131.18456386831 -2.03562554124447
2139.11277007613 -2.04384596271692
2147.07046995368 -2.05258120398044
2155.05777322019 -2.06193180090407
2163.07479000302 -2.07172247061307
2171.12163083925 -2.08170555636637
2179.19840667714 -2.09180084319049
2187.30522887772 -2.10245996920889
2195.44220921625 -2.11289077151475
2203.60945988384 -2.12329121176817
2211.80709348895 -2.13374847265664
2220.03522305895 -2.1436988585071
2228.29396204169 -2.15350801445353
2236.58342430704 -2.16348537533241
2244.90372414851 -2.17368259906534
2253.25497628476 -2.18365295541336
2261.63729586123 -2.19369331704093
2270.0507984517 -2.20374844902398
2278.49560005991 -2.21432856893343
2286.97181712113 -2.22490914427522
2295.4795665038 -2.23535198226676
2304.0189655111 -2.24581908821181
2312.59013188261 -2.25640608806987
2321.19318379588 -2.26691313148961
2329.82823986813 -2.27750436375939
2338.49541915782 -2.28827907980371
2347.19484116633 -2.29916133926544
2355.9266258396 -2.31018878544697
2364.69089356977 -2.32133943949059
2373.48776519685 -2.33256538846797
2382.3173620104 -2.34381847352896
2391.17980575117 -2.35506437391235
2400.07521861281 -2.36623555513225
2409.00372324354 -2.37778009086114
2417.96544274784 -2.38971870451806
2426.96050068814 -2.40222879736707
2435.98902108656 -2.41494509420913
2445.05112842657 -2.42775860546514
2454.14694765475 -2.44054879493943
2463.27660418247 -2.45356539253097
2472.44022388765 -2.46663160313437
2481.63793311651 -2.47976665294953
2490.86985868525 -2.49275807825071
2500.13612788187 -2.50571598849748
2509.43686846789 -2.51831063205074
2518.7722086801 -2.53105285205315
2528.14227723234 -2.54338582067652
2537.54720331731 -2.55550589071487
2546.98711660828 -2.56723148951138
2556.46214726094 -2.57882097043354
2565.97242591516 -2.59058679193054
2575.51808369681 -2.60216666869794
2585.09925221956 -2.61372339832463
2594.7160635867 -2.62514196382403
2604.36865039294 -2.6365995417324
2614.05714572626 -2.64816012633014
2623.78168316975 -2.65963329112142
2633.54239680345 -2.67057251010523
2643.33942120615 -2.68142693907796
2653.17289145733 -2.69186425198568
2663.04294313896 -2.70241709127172
2672.94971233738 -2.71304446047201
2682.89333564519 -2.72372998312488
2692.87395016314 -2.73416041316569
2702.89169350199 -2.7440517612657
2712.94670378444 -2.75361567650632
2723.03911964699 -2.76297557549488
2733.16908024193 -2.77182608144836
2743.33672523916 -2.78034650964319
2753.54219482819 -2.78861169503312
2763.78562972005 -2.79656007511541
2774.06717114922 -2.80440111921708
2784.38696087559 -2.81188114688923
2794.74514118641 -2.8194397741105
2805.14185489824 -2.82726704693365
2815.57724535896 -2.8347871349839
2826.05145644968 -2.84251687118285
2836.56463258679 -2.8502304189406
2847.11691872391 -2.8578386836402
2857.7084603539 -2.86508470782287
2868.33940351088 -2.87187692887176
2879.00989477221 -2.87835213928514
2889.72008126055 -2.88491381906044
2900.47011064586 -2.89123870508039
2911.26013114745 -2.89709633586466
2922.09029153602 -2.9027739928202
2932.9607411357 -2.90850005207314
2943.87162982615 -2.91379661571808
2954.82310804455 -2.91838954123841
2965.81532678776 -2.92236145502414
2976.84843761435 -2.9258381689299
2987.9225926467 -2.92882823628299
2999.0379445731 -2.93145913707888
3010.19464664985 -2.93385556220737
3021.39285270338 -2.93604575108567
3032.63271713238 -2.93737418592895
3043.91439490991 -2.93826763609275
3055.23804158553 -2.93854761620319
3066.60381328749 -2.93790285588687
3078.01186672482 -2.93668107560536
3089.46235918954 -2.93519347685543
3100.95544855881 -2.93304242405864
3112.4912932971 -2.93051544923247
3124.07005245839 -2.92721525775103
3135.69188568836 -2.92315987611969
3147.35695322657 -2.91885938572443
3159.0654159087 -2.91423819831548
3170.81743516875 -2.9094010807884
3182.61317304128 -2.90418896018977
3194.45279216361 -2.89908519357918
3206.3364557781 -2.89416030887889
3218.26432773439 -2.88941572873403
3230.23657249166 -2.88410595591779
3242.25335512088 -2.8789046915945
3254.3148413071 -2.87359794620825
3266.42119735174 -2.86834954691733
3278.57259017489 -2.86291898249938
3290.76918731757 -2.85731113301279
3303.01115694409 -2.85160367538841
3315.29866784434 -2.84557643278039
3327.63188943612 -2.8395500242467
3340.01099176749 -2.83359432130389
3352.43614551909 -2.82736526924346
3364.90752200653 -2.82098440973847
3377.42529318271 -2.81411495877077
3389.98963164021 -2.80739697783641
3402.60071061369 -2.80061567272092
3415.25870398225 -2.79341682259135
3427.96378627182 -2.78594436358307
3440.71613265761 -2.77847749573473
3453.51591896648 -2.7706842408094
3466.36332167938 -2.76261407568736
3479.25851793381 -2.75434682946661
3492.20168552621 -2.74620174260233
3505.19300291445 -2.73785244248428
3518.23264922029 -2.72956405512224
3531.32080423182 -2.72081484415814
3544.45764840598 -2.7117926165805
3557.64336287101 -2.70246396095772
3570.87812942896 -2.6928650064686
3584.16213055823 -2.68316755067358
3597.49554941602 -2.67349096346031
3610.87856984091 -2.66381526653465
3624.31137635539 -2.65404393048487
3637.79415416837 -2.64411161231921
3651.32708917776 -2.63425235092706
3664.91036797302 -2.62439417821866
3678.54417783777 -2.61423890887122
3692.2287067523 -2.60418765952819
3705.96414339624 -2.59365760545751
3719.75067715111 -2.58351902346723
3733.58849810294 -2.57338963450123
3747.47779704492 -2.56323470144468
3761.41876547999 -2.55274642769291
3775.4115956235 -2.54238868086776
3789.45648040586 -2.53195969981016
3803.55361347522 -2.52148432684691
3817.70318920008 -2.51125860708903
3831.90540267205 -2.5013103072316
3846.16044970847 -2.49122068414697
3860.46852685515 -2.48152382660542
3874.82983138907 -2.47197418919862
3889.24456132109 -2.46238687018337
3903.7129153987 -2.45268834605518
3918.23509310874 -2.44338064253562
3932.81129468018 -2.43427293424518
3947.44172108682 -2.42566573517028
3962.12657405015 -2.41687039910015
3976.86605604205 -2.40808026001061
3991.66037028761 -2.39940149446211
4006.50972076797 -2.39083891149871
4021.41431222307 -2.3820687902746
4036.37435015451 -2.37315398403662
4051.39004082838 -2.36427739817453
4066.46159127809 -2.35555579632089
4081.58920930724 -2.34684944407549
4096.77310349248 -2.33782919568085
4112.01348318638 -2.32875088478168
4127.31055852032 -2.31962965791605
4142.6645404074 -2.31074305816603
4158.07564054532 -2.30134947128442
4173.54407141932 -2.29212685503689
4189.07004630512 -2.28279044908876
4204.65377927183 -2.2731355676004
4220.29548518492 -2.26344066110388
4235.99537970918 -2.25371453312566
4251.7536793117 -2.24416255690198
4267.57060126484 -2.23437713148359
4283.44636364922 -2.22454490549623
4299.38118535678 -2.21510173792775
4315.37528609372 -2.20530811680847
4331.42888638358 -2.19552051435617
4347.54220757028 -2.18610813370316
4363.71547182114 -2.17676757928202
4379.94890212999 -2.16762525939562
4396.24272232018 -2.15837517598415
4412.59715704774 -2.14902576426099
4429.01243180443 -2.13959756093793
4445.48877292084 -2.13049524693014
4462.02640756957 -2.12141600083274
4478.62556376828 -2.11263841906103
4495.28647038291 -2.10389873025537
4512.0093571308 -2.09545182645803
4528.79445458383 -2.08685366454135
4545.64199417167 -2.07807675434512
4562.5522081849 -2.06904383349442
4579.52532977826 -2.05995392555703
4596.56159297383 -2.05086596823785
4613.6612326643 -2.04174048129617
4630.82448461615 -2.03281870188219
4648.05158547297 -2.0237355994284
4665.34277275865 -2.01477136529872
4682.69828488072 -2.00591469411163
4700.11836113359 -1.9971232545977
4717.60324170188 -1.98846175947296
4735.15316766371 -1.97959104376094
4752.76838099403 -1.97088657165464
4770.44912456798 -1.96221382483122
4788.1956421642 -1.9537167868275
4806.00817846821 -1.94501508031157
4823.88697907579 -1.93617855396414
4841.83229049635 -1.92745701372067
4859.84436015636 -1.91859259184089
4877.92343640271 -1.90992924375458
4896.06976850618 -1.90108683188567
4914.28360666486 -1.89250251100956
4932.5652020076 -1.88403931884553
4950.91480659747 -1.87558914563328
4969.33267343524 -1.86693058482844
4987.81905646287 -1.85824412816331
5006.374210567 -1.84953201565512
5024.99839158248 -1.84093122828904
5043.69185629588 -1.8324451985603
5062.45486244905 -1.82429455697601
5081.28766874266 -1.81630045508056
5100.19053483977 -1.80829931152885
5119.16372136941 -1.80018490826899
5138.20748993018 -1.79200575387547
5157.32210309384 -1.78409472867973
5176.50782440896 -1.77628959368041
5195.76491840452 -1.7684658974154
5215.09365059358 -1.76044440298389
5234.49428747691 -1.75282282209836
5253.96709654673 -1.74524767187447
5273.51234629033 -1.73762919905272
5293.1303061938 -1.73006913625395
5312.82124674575 -1.7227164274946
5332.58543944101 -1.71563727352485
5352.42315678444 -1.70861283668349
5372.3346722946 -1.70147764082396
5392.32026050759 -1.69449434449313
5412.38019698081 -1.687504131072
5432.51475829674 -1.68049187921257
5452.72422206679 -1.6735765620015
5473.00886693511 -1.6665836787711
5493.36897258242 -1.65937685723037
5513.80481972988 -1.65210692864042
5534.31669014299 -1.64488609686325
5554.9048666354 -1.63759653458261
5575.56963307287 -1.63064468368382
5596.31127437719 -1.62353486598905
5617.13007653004 -1.61635900036639
5638.02632657703 -1.60923887453047
5659.00031263156 -1.602190656162
5680.05232387887 -1.59502346932508
5701.18265057998 -1.58811091205971
5722.39158407572 -1.58114339402055
5743.67941679072 -1.57440172831543
5765.04644223748 -1.56778368137756
5786.49295502037 -1.5610503852725
5808.01925083973 -1.55453337348843
5829.62562649593 -1.54844368472145
5851.31237989346 -1.54241972013638
5873.07981004505 -1.53675351353199
5894.92821707578 -1.5309608576573
5916.85790222723 -1.52500992035166
5938.86916786162 -1.51926496311273
5960.96231746598 -1.51378639031167
5983.13765565636 -1.50845651274562
6005.395488182 -1.50302190832165
6027.73612192954 -1.49779438012838
6050.1598649273 -1.49292666208335
6072.66702634946 -1.48791227619252
6095.25791652038 -1.48320726793684
6117.93284691885 -1.47891780435692
6140.69213018238 -1.47505177449687
6163.53608011154 -1.47135502225508
6186.46501167426 -1.46803724848777
6209.47924101016 -1.4651964228691
6232.57908543496 -1.46293018149796
6255.7648634448 -1.46108192876105
6279.03689472068 -1.45971020271137
6302.39550013281 -1.45902379286391
6325.84100174511 -1.45849688129766
6349.37372281957 -1.45817946088667
6372.99398782075 -1.45843848153047
6396.70212242028 -1.45858747002524
6420.49845350128 -1.45878629789533
6444.38330916293 -1.45908070429147
6468.35701872496 -1.45973624179751
6492.4199127322 -1.46085224734364
6516.57232295915 -1.46211391666163
6540.81458241452 -1.46331992418272
6565.14702534586 -1.46498506429458
6589.56998724415 -1.46668965411106
6614.08380484842 -1.46870466584513
6638.68881615042 -1.47066152293173
6663.38536039924 -1.4727158899778
6688.17377810601 -1.47481954256537
6713.05441104861 -1.47697184448453
6738.02760227635 -1.4793283544064
6763.09369611472 -1.48178970405824
6788.25303817014 -1.48414522307877
6813.5059753347 -1.48618891354695
6838.85285579099 -1.48861752909315
6864.29402901684 -1.49067685444889
6889.82984579019 -1.492632181004
6915.4606581939 -1.49475197045442
6941.18681962062 -1.49666679122809
6967.00868477764 -1.49863678055619
6992.92660969181 -1.50086263113253
7018.94095171442 -1.50266297812742
7045.05206952614 -1.50456850151373
7071.26032314197 -1.50663499541189
7097.56607391621 -1.50896563232835
7123.96968454742 -1.51156365925477
7150.47151908342 -1.51441873930696
7177.07194292636 -1.51715254310496
7203.77132283768 -1.52019254101689
7230.57002694323 -1.52341887830796
7257.46842473831 -1.52705205216895
7284.46688709279 -1.53083972675442
7311.5657862562 -1.53493747390505
7338.76549586288 -1.53901023935946
7366.06639093713 -1.543397625867
7393.46884789835 -1.54762360835027
7420.97324456628 -1.55194393767405
7448.57996016619 -1.55672588197903
7476.28937533407 -1.56176622337481
7504.10187212195 -1.56711973854529
7532.0178340031 -1.57235207926076
7560.03764587737 -1.57768318974692
7588.16169407645 -1.58320623559074
7616.39036636925 -1.58834947521953
7644.72405196718 -1.59375130068102
7673.16314152958 -1.59913907929793
7701.70802716907 -1.60440655328102
7730.35910245697 -1.60949087311359
7759.11676242871 -1.61500549083701
7787.98140358931 -1.62056400821215
7816.95342391881 -1.62585044236294
7846.03322287777 -1.63129256371313
7875.22120141279 -1.63704251458222
7904.51776196203 -1.64257751360967
7933.92330846076 -1.64789710652404
7963.4382463469 -1.65338960444103
7993.06298256668 -1.65904544949275
8022.79792558017 -1.66433048395856
8052.64348536698 -1.66964691645386
8082.60007343185 -1.67517375029611
8112.66810281039 -1.68082369571097
8142.84798807473 -1.68642830867856
8173.14014533922 -1.69191461771203
8203.54499226624 -1.69769256289167
8234.06294807188 -1.70352986048646
8264.69443353176 -1.70905784763082
8295.43987098684 -1.71474067618793
8326.29968434921 -1.72012248484597
8357.27429910795 -1.72620010506641
8388.36414233502 -1.73244478390881
8419.56964269112 -1.73894745964092
8450.89123043159 -1.74536904072562
8482.32933741237 -1.75189877950665
8513.88439709597 -1.75862377728428
8545.55684455738 -1.76563746382768
8577.34711649014 -1.77285082541963
8609.25565121232 -1.78018815337877
8641.28288867257 -1.78772997691878
8673.42927045619 -1.79545580543389
8705.69523979124 -1.80367789540212
8738.0812415546 -1.81217910034264
8770.58772227814 -1.82077682776198
8803.2151301549 -1.82912127776632
8835.96391504519 -1.83787604267159
8868.83452848289 -1.84687438374761
8901.82742368161 -1.85584947576457
8934.94305554094 -1.86504330583064
8968.18188065276 -1.87411227835392
9001.54435730751 -1.88344283077726
9035.03094550052 -1.89282534077344
9068.64210693833 -1.90230751192084
9102.37830504507 -1.91223043546652
9136.24000496888 -1.92226500256722
9170.22767358826 -1.9324151330189
9204.34177951857 -1.94261339696711
9238.58279311844 -1.95280866291691
9272.9511864963 -1.96316137707772
9307.44743351684 -1.97357277332088
9342.07200980759 -1.98395569697129
9376.82539276547 -1.99438666185581
9411.70806156333 -2.0049218423861
9446.72049715662 -2.01548970312792
9481.86318228997 -2.02616633653787
9517.13660150386 -2.03698859143921
9552.54124114133 -2.04789142826296
9588.07758935464 -2.05900126645778
9623.74613611202 -2.0704955211724
9659.54737320446 -2.08197630272966
9695.48179425241 -2.09391747358474
9731.54989471268 -2.10631602656978
9767.75217188519 -2.11875502596987
9804.08912491989 -2.13138920902405
9840.5612548236 -2.14418749763433
9877.16906446693 -2.15709232559118
9913.91305859123 -2.16997855570025
9950.79374381551 -2.18321093497878
9987.81162864349 -2.19665689238058
10024.9672234705 -2.21031832858629
10062.2610405907 -2.22382698625357
10099.6935942039 -2.23738485530491
10137.265400423 -2.25106486442701
10174.9769772805 -2.26494956805019
10212.8288447364 -2.27935792899454
10250.8215246849 -2.29398278609364
10288.9555409616 -2.30851238840835
10327.231419351 -2.32317146738627
10365.6496875932 -2.33825978594882
10404.210875392 -2.35354108856021
10442.9155144215 -2.3690337602893
10481.7641383337 -2.38498733507291
10520.7572827658 -2.4011657581585
10559.8954853477 -2.41717588858641
10599.1792857094 -2.4332196751958
10638.6092254881 -2.44947951601306
10678.1858483363 -2.46593734479082
10717.9096999286 -2.48280247854124
10757.7813279699 -2.49985875488086
10797.8012822023 -2.51723198060939
10837.9701144131 -2.53491842942381
10878.2883784424 -2.55303457275906
10918.7566301905 -2.57163627132226
10959.3754276259 -2.59022318713397
11000.1453307925 -2.60904693318822
11041.0669018179 -2.62836070699081
11082.1407049206 -2.64823932441196
11123.3673064183 -2.66833415541689
11164.7472747353 -2.68827929609627
11206.2811804106 -2.70862573308952
11247.9695961055 -2.72915360537625
11289.8130966117 -2.74969367683646
11331.8122588594 -2.7703843635312
11373.9676619248 -2.79124524549436
11416.2798870383 -2.81245268204802
11458.7495175926 -2.83363504528946
11501.3771391508 -2.8550220089196
11544.1633394541 -2.87676757557583
11587.1087084304 -2.89858270857008
11630.213838202 -2.920430439209
11673.4793230941 -2.94234267842308
11716.9057596427 -2.96473452654028
11760.4937466031 -2.98763247749882
11804.2438849579 -3.01089914754789
11848.1567779254 -3.03420414684298
11892.2330309682 -3.05778879237489
11936.473251801 -3.08168844085053
11980.8780503993 -3.1056087003697
12025.4480390078 -3.12975926821897
12070.1838321489 -3.15413674055716
12115.0860466309 -3.1784664056401
12160.1553015568 -3.20325167767496
12205.3922183327 -3.22797992507662
12250.7974206764 -3.25272325796683
12296.371534626 -3.27742423561572
12342.1151885484 -3.30191929872262
12388.0290131483 -3.32612619019936
12434.1136414765 -3.35025743519178
12480.3697089389 -3.37474883743876
12526.7978533051 -3.39927443942668
12573.3987147173 -3.42374105511236
12620.1729356991 -3.44793334580539
12667.1211611643 -3.47227954987681
12714.244038426 -3.49625145086715
12761.5422172051 -3.52007015215091
12809.0163496398 -3.5438225898731
12856.667090294 -3.56730746230382
12904.495096167 -3.5906062929167
12952.5010267019 -3.61364951026815
13000.6855437952 -3.63657831573366
13049.0493118056 -3.65940000195407
13097.5929975632 -3.68198099014519
13146.317270379 -3.70436336725688
13195.2228020538 -3.72683956116712
13244.3102668874 -3.74916054236247
13293.5803416882 -3.77136835775945
13343.0337057825 -3.79387516563712
13392.6710410235 -3.81624943254802
13442.4930318013 -3.83888167933502
13492.5003650516 -3.86162720434792
13542.6937302658 -3.88448069559446
13593.0738195003 -3.90766767510451
13643.6413273859 -3.93113656713717
13694.3969511376 -3.9550425261933
13745.3413905639 -3.97920743073659
13796.4753480769 -4.00357950711135
13847.7995287016 -4.02835243285342
13899.3146400859 -4.05314922099198
13951.02139251 -4.0779312631413
14002.9204988965 -4.10294235217464
14055.0126748202 -4.12815797842612
14107.2986385179 -4.15366315958383
14159.7791108982 -4.17912006594232
14212.4548155516 -4.19198809594684
14265.3264787606 -4.20486290598028
14318.3948295092 -4.21768923408017
14371.6605994936 -4.23050886425922
14425.1245231318 -4.2431826672391
14478.7873375739 -4.2555537546929
14532.6497827125 -4.26782739635411
14586.7126011923 -4.28021543812117
14640.9765384209 -4.29247846061283
14695.442342579 -4.30481232701454
14750.1107646304 -4.31724568930981
14804.9825583328 -4.32968118137567
14860.0584802475 -4.3419184531449
14915.3392897509 -4.35399792848821
14970.8257490437 -4.36614807853614
15026.5186231627 -4.37831213521866
15082.4186799901 -4.39054835902553
15138.5266902652 -4.4027115109962
15194.8434275942 -4.41491882587535
15251.3696684613 -4.42706755853621
15308.1061922393 -4.43934816847321
15365.0537812003 -4.45164442875719
15422.2132205266 -4.46370528079507
15479.5852983214 -4.4756616715781
15537.1708056196 -4.48788595887242
15594.9705363991 -4.50045839412641
15652.9852875913 -4.51311021071387
15711.2158590922 -4.52543187419132
15769.6630537736 -4.53788315335346
15828.327677494 -4.55064907425876
15887.2105391099 -4.5634757038282
15946.3124504865 -4.5763465369737
16005.6342265097 -4.58976701472925
16065.1766850963 -4.60362669786088
16124.9406472063 -4.6175469857733
16184.9269368535 -4.63188106652097
16245.1363811172 -4.64669934751262
16305.5698101534 -4.66148958554707
16366.2280572065 -4.67671499264909
16427.1119586206 -4.69204726849788
16488.2223538509 -4.70806554811093
16549.5600854758 -4.72422087640851
16611.1259992079 -4.74019883251634
16672.9209439061 -4.75620370741611
16734.9457715869 -4.77246232852598
16797.2013374366 -4.78858394822277
16859.6884998228 -4.80469564653547
16922.4081203063 -4.82078339705377
16985.3610636531 -4.83676988398585
17048.5481978459 -4.85266924951328
17111.9703940967 -4.86855583893896
17175.6285268585 -4.88451198998777
17239.523473837 -4.90018717538217
17303.6561160034 -4.91552563002667
17368.027337606 -4.93060617517432
17432.6380261827 -4.9453815955988
17497.489072573 -4.96035850138928
17562.5813709306 -4.97591931055438
17627.9158187353 -4.99129626895375
17693.4933168058 -5.00655559474784
17759.3147693119 -5.02172228787511
17825.3810837868 -5.03712881724588
17891.6931711401 -5.05261244946202
17958.2519456698 -5.06803537682328
18025.0583250755 -5.08377873669958
18092.1132304703 -5.099324911801
18159.4175863943 -5.11512821400251
18226.9723208268 -5.13105170805674
18294.7783651994 -5.1474915384146
18362.8366544084 -5.16374291033725
18431.1481268284 -5.17994800241712
18499.7137243246 -5.19658292919735
18568.5343922661 -5.21328495952766
18637.6110795389 -5.22988346268246
18706.9447385587 -5.24651658117705
18776.5363252847 -5.26360499836527
18846.3867992321 -5.28059538550926
18916.4971234854 -5.29774085798991
18986.8682647123 -5.31513935056692
19057.5011931763 -5.33212294884793
19128.3968827505 -5.34919948879929
19199.5563109307 -5.36637207478171
19270.9804588494 -5.38367706168423
19342.6703112886 -5.40076762903425
19414.6268566943 -5.41789075762827
19486.851087189 -5.43486022495598
19559.3439985865 -5.45163856021333
19632.1065904049 -5.46875445611218
19705.1398658807 -5.4861315470431
19778.4448319822 -5.50381416683882
19852.0224994243 -5.52177702014851
19925.8738826813 -5.53968763484495
20000.0000000017 -5.55767164157588
