10 13.4496669769287
10.0372009367102 13.4607028923954
10.0745402643896 13.4452446637796
10.1120184978655 13.4080735117563
10.1496361538807 13.370874518155
10.1873937510998 13.3338989265533
10.2252918101175 13.2977765986822
10.2633308534646 13.2616325455652
10.3015114056161 13.225469928544
10.3398339929981 13.1899521004273
10.3782991439948 13.1545063295225
10.4169073889563 13.1190470942099
10.4556592602056 13.0841938756309
10.4945552920458 13.0498191525272
10.5335960207679 13.0154323736574
10.5727819846578 12.9812752001686
10.6121137240039 12.9479305294695
10.6515917811047 12.9145797907753
10.6912167002759 12.8812234876125
10.7309890278581 12.8484691326038
10.7709093122244 12.8157949424453
10.8109781037879 12.7831200210487
10.8511959550093 12.751032141641
10.8915634204045 12.7194251976046
10.9320810565522 12.6878196101293
10.9727494221018 12.6563637095765
11.0135690777806 12.6254557054764
11.0545405864021 12.5945501687057
11.0956645128736 12.5636495264211
11.1369414242037 12.5336443378134
11.1783718895104 12.5037485663514
11.2199564800288 12.4742116354366
11.2616957691193 12.445068423978
11.3035903322749 12.4163582965969
11.3456407471298 12.3876650598921
11.3878475934668 12.3592197575541
11.4302114532258 12.3315360414603
11.4727329105113 12.303876639002
11.515412551601 12.2762373481414
11.5582509649534 12.249214434273
11.6012487412161 12.2222833633009
11.6444064732342 12.1953763025484
11.6877247560581 12.1691848724926
11.7312041869517 12.1437205375883
11.774845365401 12.1184862667313
11.818648893122 12.0936214799635
11.8626153740693 12.0694943631517
11.9067454144441 12.0455815723801
11.9510396227028 12.0218799904896
11.9954986095653 11.9989528901335
12.0401229880234 11.9763002384662
12.0849133733495 11.9538449665008
12.1298703831044 11.9322242888646
12.1749946371469 11.9112662495017
12.2202867576412 11.8904941721145
12.2657473690664 11.8701027539901
12.3113770982243 11.8505288999173
12.3571765742489 11.8311301150534
12.4031464286144 11.8119050387854
12.4492872951442 11.793400812263
12.4955998100196 11.775128339855
12.5420846117884 11.7570219359192
12.5887423413741 11.765712728533
12.6355736420843 11.7604989733131
12.6825791596199 11.7554864768093
12.7297595420838 11.7509259928573
12.7771154399899 11.7473125748587
12.8246475062721 11.743904142197
12.8723563962932 11.7406997693068
12.9202427678541 11.7382316378736
12.9683072812028 11.7360267737107
13.0165505990434 11.7340278798656
13.0649733865454 11.7326889160805
13.1135763113527 11.7319002107748
13.162360043593 11.7313337343175
13.2113252558868 11.7312326439302
13.260472623357 11.7320747446264
13.3098028236379 11.7331447561179
13.3593165368846 11.7344446106527
13.4090144457825 11.7364902391135
13.4588972355569 11.7388219667702
13.5089655939818 11.7413883274719
13.5592202113899 11.7446174555755
13.6096617806823 11.748395899217
13.6602909973373 11.7524099596434
13.7111085594207 11.7568865192449
13.7621151675953 11.7622432382817
13.8133115251301 11.7678422871406
13.8646983379105 11.7736844934634
13.9162763144479 11.7804079511866
13.9680461658894 11.7874145477464
14.0200086060276 11.7943028828362
14.0721643513105 11.8013925302429
14.1245141208514 11.8085984553183
14.1770586364386 11.8156891438252
14.2297986225456 11.8228817431411
14.2827348063412 11.8305816556644
14.3358679176991 11.8381652882438
14.3891986892083 11.8456345189335
14.442727856183 11.8537301735797
14.496456156673 11.8617687240704
14.5503843314737 11.8696946819033
14.6045131241361 11.8778142862899
14.6588432809775 11.8860435844532
14.7133755510915 11.8941612934875
14.7681106863584 11.9023791013868
14.8230494414556 11.911108000501
14.8781925738679 11.9197930774432
14.9335408438982 11.9284333475304
14.9890950146774 11.9376287924202
15.0448558521758 11.9468335744012
15.1008241252129 11.9559955219699
15.1570006054682 11.9654626955913
15.2133860674922 11.9751338157264
15.2699812887167 11.9847631292179
15.3267870494654 11.9945516685112
15.3838041329651 12.0048637050168
15.4410333253564 12.0151367119439
15.498475415704 12.0253706612979
15.5561311960084 12.03608223681
15.6140014612162 12.0468016015451
15.6720870092313 12.0574818210522
15.730388640926 12.0684461592818
15.7889071601517 12.0795831885957
15.8476433737505 12.0906382507237
15.9065980915658 12.1017856598761
15.9657721264536 12.1133309283223
16.0251662942941 12.1247922398036
16.0847814140026 12.1361693892619
16.1446183075405 12.1479796022652
16.2046777999274 12.1597433513527
16.2649607192518 12.1714199961532
16.3254678966828 12.1834678318651
16.3862001664817 12.1958132228196
16.447158366013 12.2081917809468
16.5083433357566 12.2207337679494
16.569755919319 12.2336970145736
16.6313969634448 12.2466744780056
16.6932673180286 12.2596625225189
16.7553678361271 12.2732592850876
16.8176993739698 12.286905275934
16.880262790972 12.300559136563
16.9430589497458 12.3145200929042
17.0060887161124 12.328684909888
17.069352959114 12.3428554211795
17.1328525510256 12.3571996681412
17.1965883673671 12.371977771638
17.2605612869157 12.3867598266273
17.3247721917173 12.4015436912152
17.3892219670996 12.4168626721781
17.4539115016833 12.4322110818616
17.5188416873952 12.4475586197329
17.5840134194801 12.4632645712867
17.649427596513 12.479195639158
17.7150851204118 12.4951227006222
17.7809868964498 12.5111694610235
17.8471338332678 12.5275497922666
17.9135268428867 12.5439205927079
17.9801668407205 12.5602854338661
18.0470547455885 12.577161903636
18.1141914797281 12.5940610043847
18.1815779688074 12.6109476816336
18.2492151419383 12.6280868065729
18.3171039316889 12.6453951751259
18.3852452740965 12.6627094676221
18.4536401086808 12.6801786745136
18.5222893784564 12.6979160570326
18.5911940299459 12.7154903099023
18.6603550131934 12.7329665257515
18.7297732817769 12.7508069913297
18.799449792822 12.7686175973892
18.8693855070149 12.7863761900117
18.9395813886156 12.8043853067898
19.0100384054711 12.8225240783275
19.0807575290291 12.8406086963028
19.151739734351 12.8587819739088
19.2229860001258 12.8772401237712
19.2944973086829 12.8956424783733
19.3662746460064 12.9139883132444
19.4383190017482 12.9327489888866
19.5106313692418 12.9514712791074
19.5832127455161 12.9701340009668
19.6560641313089 12.9889877015819
19.7291865310809 13.0079392143457
19.8025809530295 13.0268981690376
19.8762484091027 13.0460031076007
19.950189915013 13.065456475647
20.0244064902514 13.0849180371189
20.0988991581017 13.1043871050964
20.1736689456542 13.1242387374924
20.2487168838201 13.1441155880441
20.3240440073458 13.1640035683076
20.3996513548271 13.1841833306534
20.4755399687231 13.2045411548399
20.5517108953714 13.2249109421984
20.6281651850019 13.2454292821586
20.7049038917513 13.2662714110376
20.7819280736781 13.2871281937648
20.8592387927765 13.308000352909
20.9368371149918 13.3293001665363
21.0147241102344 13.3506696907169
21.092900852395 13.3720978657847
21.1713684193594 13.393804765808
21.2501278930231 13.4157038015159
21.3291803593062 13.4376651521755
21.4085269081689 13.4598110807836
21.4881686336258 13.4823112254289
21.5681066337615 13.5048744939462
21.6483420107456 13.5275039329902
21.7288758708478 13.5505427620208
21.8097093244533 13.5736607864388
21.8908434860779 13.5968463354816
21.9722794743837 13.6203444175127
22.0540184121942 13.6440507119315
22.1360614265099 13.6678478440167
22.2184096485239 13.6921737091385
22.3010642136375 13.7171747375347
22.3840262614756 13.7425920717129
22.4672969359028 13.7684308167628
22.5508773850389 13.7950136753923
22.6347687612749 13.8220298493715
22.7189722212887 13.8494726942719
22.8034889260611 13.877562271099
22.8883200408921 13.9062039264076
22.9734667354164 13.9352788455662
23.0589301836202 13.9648764363259
23.1447115638567 13.9951111543624
23.230812058863 14.0257530163058
23.3172328557757 14.0568163669791
23.4039751461482 14.0886232743684
23.491040125966 14.1208709086874
23.5784289956642 14.1535590078784
23.6661429601435 14.1868827993369
23.754183228787 14.2207576452164
23.8425510154766 14.2550757452062
23.9312475386102 14.2899350443016
24.0202740211181 14.3254502711534
24.1096316904802 14.3614136336764
24.1993217787425 14.3978262079591
24.2893455225345 14.4349778379048
24.3797041630861 14.472587855132
24.4703989462445 14.5106531144279
24.5614311224917 14.5493532760866
24.6528019469616 14.5886079760587
24.7445126794573 14.6283207472017
24.8365645844686 14.6685846344625
24.9289589311891 14.7094965152577
25.0216969935341 14.7508730186074
25.1147800501579 14.7927168113294
25.2082093844715 14.8352973084133
25.3019862846603 14.8783519774815
25.3961120437021 14.9218776771756
25.4905879593843 14.966031416928
25.5854153343225 15.0107404944843
25.6805954759781 15.0562076948048
25.7761296966763 15.1025786216009
25.8720193136242 15.1498749368178
25.9682656489293 15.197880803277
26.0648700296171 15.2465959313107
26.1618337876502 15.2962594050525
26.2591582599459 15.3466449272607
26.356844788395 15.3977379489367
26.4548947198803 15.449685891951
26.5533094062951 15.5024142478243
26.6520902045621 15.5558367497809
26.7512384766515 15.6100181127975
26.8507555896003 15.6650180254372
26.9506429155313 15.7207208975363
27.0509018316712 15.7771303659311
27.1515337203705 15.8344596464903
27.2525399691221 15.8924976611933
27.3539219705804 15.951247262404
27.4556811225806 16.0108491621616
27.5578188281582 16.0712372464135
27.6603364955679 16.1323408181911
27.7632355383033 16.194225582705
27.8665173751163 16.2569442651059
27.9701834300368 16.3202356599505
28.0742351323921 16.3838477120529
28.1786739168268 16.4479327186481
28.2835012233224 16.5123408858474
28.3887184972175 16.5770726665325
28.4943271892273 16.6422479344301
28.6003287554639 16.70781154795
28.7067246574561 16.7737029269103
28.81351636217 16.8400705665231
28.9207053420286 16.9069993055226
29.0282930749329 16.974372529561
29.1362810442814 17.0421899732543
29.2446707389912 17.1105784557906
29.3534636535184 17.1794163577186
29.4626612878783 17.2487084366067
29.5722651476666 17.3184754199894
29.6822767440801 17.3886293179592
29.7926975939372 17.4591367636825
29.9035292196989 17.5300458875333
30.0147731494902 17.6014084773237
30.1264309171207 17.6731302967777
30.2385040621058 17.7452104243837
30.3509941296883 17.8174209720071
30.4639026708593 17.8895640318398
30.5772312423796 17.9616456271429
30.6909814068016 18.0337222371271
30.8051547324904 18.1057719756479
30.9197527936455 18.177763406921
31.0347771703225 18.2497370874801
31.1502294484553 18.3217378791383
31.2661112198773 18.3936823844108
31.3824240823437 18.4655250928339
31.4991696395536 18.5372367603767
31.616349501172 18.6087566091793
31.733965282852 18.6800863550907
31.852018606257 18.7512876104477
31.9705110990833 18.8223270279769
32.0894443950822 18.8931777373424
32.2088201340828 18.9638575272805
32.3286399620146 19.0343837608102
32.4489055309299 19.1047208277196
32.569618499027 19.1748677911453
32.6907805306726 19.2460097627922
32.8123932964254 19.3182621652146
32.9344584730584 19.3916199082267
33.0569777435824 19.466128273755
33.1799527972693 19.541756520716
33.3033853296751 19.6184855614684
33.4272770426635 19.6963255765016
33.5516296444293 19.775280982945
33.6764448495218 19.8553332272256
33.8017243788689 19.9364954165009
33.9274699598002 20.0187923214585
34.0536833260713 20.1020673490433
34.1803662178875 20.1862867283753
34.3075203819277 20.2714528959606
34.4351475713689 20.3575753069818
34.5632495459097 20.4446442999335
34.6918280717952 20.532667967508
34.8208849218411 20.6216680126664
34.9504218754581 20.7113734107112
35.0804407186764 20.8011895592154
35.2109432441705 20.8913179753322
35.3419312512837 20.9815622541252
35.4734065460531 21.0719081282053
35.6053709412345 21.1622609946863
35.7378262563273 21.25266957634
35.8707743175993 21.3431803843362
36.0042169581128 21.4337665756749
36.1381560177486 21.5243886773168
36.2725933432325 21.6150047472611
36.40753078816 21.7055829357914
36.5429702130224 21.7960653568098
36.6789134852321 21.886955508675
36.8153624791483 21.9783411269816
36.9523190761032 22.070157320361
37.0897851644277 22.1624327096217
37.2277626394773 22.2551831737333
37.3662534036585 22.3479980028995
37.5052593664551 22.4408180527515
37.6447824444542 22.5336776724522
37.7848245613726 22.626573688502
37.9253876480839 22.7195105779946
38.0664736426444 22.8124896265944
38.2080844903204 22.9055159225534
38.3502221436146 22.9985685752316
38.4928885622931 23.0916609048437
38.6360857134129 23.1848126777635
38.7798155713483 23.2780169777356
38.9240801178185 23.3712789066778
39.068881341915 23.4646030081059
39.2142212401288 23.5578856661056
39.3601018163781 23.6508453422857
39.5065250820358 23.7435729635792
39.6534930559574 23.8372409200614
39.8010077645086 23.9326200457153
39.9490712415935 24.0297116119997
40.0976855286824 24.1285048847423
40.2468526748401 24.2290114011941
40.3965747367541 24.3312293519783
40.5468537787631 24.4351684795464
40.6976918728852 24.5405647945297
40.8490910988465 24.6474288856627
41.0010535441102 24.7556996531598
41.1535813039047 24.8653881205835
41.3066764812531 24.9765121198697
41.4603411870018 25.0890608449879
41.6145775398498 25.2030367403178
41.7693876663778 25.3184653094404
41.9247737010778 25.4346882180878
42.080737786382 25.5495851356016
42.2372820726929 25.6631567051382
42.3944087184125 25.7754513311054
42.5521198899724 25.8864076283225
42.7104177618635 25.9960225288735
42.869304516666 26.1044768331101
43.0287823450793 26.2117827572235
43.1888534459529 26.3179373402135
43.3495200263157 26.4229287132302
43.5107843014072 26.5267697348119
43.6726484947079 26.6294473742285
43.8351148379697 26.7309635623088
43.9981855712467 26.8312863064866
44.1618629429266 26.930447537261
44.3261492097609 27.0286809341968
44.4910466368967 27.1267259910917
44.6565574979076 27.2249899602289
44.822684074825 27.3235104329319
44.9894286581698 27.422271246278
45.1567935469838 27.5212718532456
45.3247810488614 27.6205529731087
45.4933934799815 27.7201217000755
45.6626331651395 27.8199069293395
45.8325024377791 27.9200009045771
46.0030036400248 28.0204228453183
46.1741391227139 28.1205414707946
46.345911245429 28.220349286559
46.5183223765307 28.3198778429925
46.69137489319 28.4177565605113
46.8650711814213 28.5136627900055
47.0394136361151 28.6074276924446
47.2144046610712 28.6980035629129
47.3900466690317 28.7852942972408
47.5663420817144 28.8693717261686
47.743293329846 28.9502199108548
47.9209028531959 29.027759803939
48.0991731006096 29.1023515580914
48.2781065300423 29.1740741091949
48.4577056085935 29.2428509351668
48.63797281254 29.3086391719817
48.8189106273711 29.3715127150748
49.000521547822 29.4327522505622
49.1828080779086 29.4928551224387
49.3657727309621 29.5520497913931
49.5494180296635 29.6106257834481
49.7337465060782 29.6684554123889
49.9187607016915 29.7256713035234
50.1044631674429 29.7823357323202
50.2908564637618 29.8383601456861
50.4779431606027 29.8936938472507
50.6657258374805 29.9484596625273
50.854207083506 30.0026343304914
51.043389497422 30.0559809976673
51.2332756876387 30.1088312168544
51.4238682722698 30.1617026073503
51.6151698791687 30.2143441198127
51.8071831459647 30.2658579146574
51.9999107200992 30.3161731516801
52.1933552588626 30.3651580048643
52.3875194294302 30.412034890325
52.5824059089 30.4567949183356
52.7780173843286 30.4996258171763
52.9743565527689 30.5402963370102
53.1714261213071 30.5790541129472
53.3692288070999 30.615875322188
53.5677673374123 30.6507052045294
53.7670444496548 30.6840229643987
53.9670628914213 30.7158582986379
54.1678254205271 30.746164554712
54.3693348050468 30.774909920531
54.5715938233525 30.8021354117805
54.7746052641521 30.8278275108403
54.9783719265278 30.852762373296
55.1828966199745 30.8772278966493
55.3881821644389 30.9014528498338
55.594231390358 30.9261723462111
55.8010471386984 30.951257567658
56.0086322609952 30.9755687247301
56.2169896193917 30.9986493975722
56.4261220866785 31.0205613481367
56.6360325463332 31.0410423679819
56.8467238925604 31.0601290235677
57.0581990303312 31.0782335645586
57.2704608754236 31.094869522846
57.4835123544625 31.1100844963428
57.6973564049602 31.1245688869634
57.9119959753568 31.1380463243491
58.1274340250607 31.150375379744
58.3436735244898 31.1621436974125
58.5607174551122 31.1735782054705
58.7785688094872 31.1843757882217
58.9972305913069 31.1945629149575
59.2167058154372 31.2051391866326
59.4369975079597 31.2169438027858
59.6581087062134 31.2299881603109
59.8800424588363 31.2445048913122
60.1028018258077 31.2603988326408
60.3263898784903 31.2778511536989
60.5508096996726 31.2972375731853
60.7760643836113 31.3200129006543
61.0021570360742 31.346050486683
61.2290907743825 31.3753737281357
61.4568687274545 31.4080679413383
61.685494035848 31.4440632838982
61.9149698518044 31.4833773632723
62.1452993392914 31.5260870738309
62.376485674047 31.572161095308
62.6085320436233 31.6215324604467
62.8414416474305 31.6728877007254
63.0752176967808 31.7222861180847
63.3098634149326 31.7697046917975
63.5453820371355 31.8151452198149
63.7817768106743 31.8586064054928
64.0190509949139 31.9000912372017
64.2572078613447 31.9395958588368
64.4962506936269 31.9771227475257
64.7361827876367 32.0126761829768
64.9770074515108 32.0462458900228
65.2187280056928 32.0773163833053
65.4613477829786 32.1041715646305
65.7048701285624 32.1269567526542
65.9492984000827 32.1464922292535
66.1946359676689 32.1628991568762
66.4408862139876 32.1767081521865
66.688052534289 32.1898461998232
66.9361383364543 32.2022359945196
67.1851470410421 32.2139509650109
67.4350820813359 32.2250366476121
67.6859469033913 32.2361146526088
67.9377449660834 32.2475891536926
68.190479741155 32.2605360224474
68.4441547132637 32.2749596804869
68.6987733800307 32.2906683111159
68.9543392520884 32.3079377049706
69.2108558531293 32.3259507830957
69.4683267199542 32.3440739918851
69.7267554025213 32.3625070285699
69.9861454639949 32.3818703046418
70.2465004807944 32.4022562059818
70.5078240426442 32.4235836816506
70.7701197526224 32.4439583590774
71.0333912272113 32.4633291218417
71.2976420963466 32.4814832213535
71.5628760034677 32.4986573582601
71.8290966055681 32.5148355076523
72.0963075732454 32.5298043381303
72.3645125907524 32.5466158153589
72.6337153560475 32.5657999191385
72.903919580846 32.5872723700854
73.1751289906711 32.6106793024882
73.4473473249052 32.6347577993009
73.7205783368417 32.6594693591405
73.9948257937363 32.6859358318682
74.2700934768597 32.714526886666
74.5463851815488 32.7448538049719
74.82370471726 32.775722185539
75.1020559076207 32.8071362536829
75.3814425904831 32.8390812022214
75.6618686179762 32.8715023215235
75.9433378565593 32.9046251038952
76.2258541870754 32.9385797092771
76.5094215048047 32.9733466126157
76.7940437195179 33.008968256443
77.0797247555308 33.0441014183561
77.3664685517576 33.0786741015692
77.654279061766 33.1115872328373
77.9431602538311 33.1421584283484
78.2331161109905 33.1703453026209
78.524150631099 33.1965830970486
78.8162678268838 33.221130279332
79.1094717259999 33.2442052819158
79.4037663710853 33.2646906145282
79.6991558198174 33.2825583267471
79.9956441449681 33.2976608496107
80.2932354344608 33.3099937296524
80.5919337914261 33.3196792468974
80.8917433342586 33.326602862335
81.192668196674 33.3328476527714
81.4947125277655 33.3384513799088
81.7978804920615 33.341907483151
82.1021762695827 33.3430862276637
82.4076040558999 33.3417472388499
82.714168062192 33.3379706640706
83.0218725153037 33.3315506181125
83.3307216578039 33.3224829615349
83.6407197480444 33.3107260284091
83.9518710602185 33.2973748417983
84.2641798844197 33.2843705536997
84.5776505267013 33.2718544584556
84.8922873091352 33.2597732888447
85.2080945698721 33.2475928145664
85.525076663201 33.2351494288649
85.8432379596091 33.2216377627493
86.1625828458423 33.2068328623101
86.4831157249656 33.1901130897516
86.804841016424 33.171665132935
87.1277631561029 33.1512831730786
87.4518865963899 33.1288797155766
87.7772158062356 33.1045492666059
88.103755271216 33.0783116487445
88.4315094935933 33.0499879164634
88.760482992379 33.016712165974
89.0906803033954 32.98001509832
89.4221059793388 32.9396092489062
89.7547645898416 32.8954930543041
90.088660721536 32.8476868350769
90.4237989781166 32.7961537965199
90.7601839804045 32.7408678216596
91.0978203664104 32.6828467091754
91.436712791399 32.6219751926559
91.7768659279529 32.5569871913639
92.1182844660374 32.4882129205766
92.4609731130645 32.4166379489126
92.8049365939585 32.3422819189755
93.1501796512209 32.2650788800605
93.4967070449956 32.1843636062501
93.8445235531347 32.1003143612531
94.1936339712644 32.0147552641751
94.5440431128511 31.9291232618535
94.8957558092676 31.8434228537433
95.2487769098601 31.7578912785584
95.6031112820147 31.6737003292031
95.9587638112245 31.591914975569
96.3157394011573 31.5116946479123
96.674042973723 31.4331032984832
97.0336794691412 31.3561012972753
97.39465384601 31.280988586932
97.7569710813735 31.207857572212
98.1206361707911 31.1337852098249
98.4856541284063 31.0587735761094
98.8520299870155 30.9826197966094
99.2197687981374 30.9050262278929
99.5888756320832 30.8229406422077
99.9593555780259 30.7393785692075
100.331213744071 30.6549017677127
100.704455257326 30.5695603735552
101.079085263972 30.4835188388187
101.455108929334 30.396816187078
101.832531437955 30.309342206125
102.211357993661 30.2195184488145
102.591593819639 30.1274731093174
102.973244158507 30.0338858454118
103.356314272386 29.9390548203454
103.74080944297 29.8448956214702
104.126734971605 29.7513897109001
104.514096179357 29.6582858467387
104.902898407086 29.5636678533068
105.293147015521 29.4655735459867
105.684847385335 29.3648618060773
106.078004917216 29.2615084071762
106.472625031943 29.1555864303463
106.868713170461 29.0470390890007
107.266274793956 28.9373928358683
107.665315383931 28.8289771389466
108.065840442278 28.7218001796654
108.467855491361 28.6157403146802
108.871366074083 28.5119901925389
109.27637775397 28.4106476396923
109.682896115245 28.3130768242094
110.090926762902 28.217382515566
110.500475322789 28.1236147471907
110.911547441682 28.0312723028837
111.324148787363 27.940031338157
111.738285048698 27.8499271002105
112.153961935718 27.7623289486528
112.571185179695 27.6778825803643
112.98996053322 27.5968397537205
113.410293770289 27.5192088744246
113.832190686372 27.4450761257317
114.255657098502 27.3749536245018
114.680698845352 27.3065725006685
115.107321787315 27.2400113562316
115.535531806584 27.1774537601151
115.965334807235 27.1188026714906
116.396736715309 27.0640773099312
116.829743478891 27.0130060956662
117.264361068193 26.965509148485
117.700595475639 26.9200149798212
118.138452715943 26.874809046644
118.577938826195 26.8290236802705
119.019059865945 26.7807615306523
119.461821917283 26.7300244055367
119.906231084925 26.6769070218955
120.3522934963 26.6219541395322
120.800015301628 26.565857309894
121.24940267401 26.5086577391687
121.700461809513 26.4501152727507
122.15319892725 26.3910178238579
122.607620269474 26.3314552268174
123.063732101657 26.272761815868
123.52154071258 26.2142387337203
123.981052414419 26.1537327991029
124.442273542832 26.0912784084144
124.905210457046 26.0268214068258
125.369869539945 25.9634804728953
125.836257198157 25.904592606848
126.304379862144 25.8538382333647
126.774243986291 25.8112451663309
127.245856048992 25.7768460186276
127.719222552743 25.7506771346836
128.194350024229 25.7315502637701
128.671245014415 25.716276308693
129.149914098635 25.7050419674597
129.630363876686 25.6992512617498
130.112600972915 25.6989307904631
130.596632036314 25.7027320714853
131.082463740608 25.708932970096
131.570102784351 25.7176114054332
132.059555891015 25.7291851291254
132.550829809082 25.7436829502289
133.043931312143 25.7594070822099
133.538867198985 25.7746201470931
134.035644293687 25.7893409658738
134.534269445714 25.803592630689
135.034749530014 25.8158723091951
135.537091447108 25.8269919759393
136.041302123189 25.8368624972839
136.547388510214 25.8453444549848
137.055357586005 25.8521022623911
137.56521635434 25.8575401332088
138.076971845052 25.8621102035755
138.590631114126 25.8672770842111
139.106201243796 25.8707752230389
139.623689342642 25.8726463313872
140.14310254569 25.8725166414557
140.664448014507 25.873384505116
141.187732937303 25.8771820836916
141.712964529029 25.8871173407405
142.240150031474 25.9030154368885
142.769296713371 25.9250066318792
143.30041187049 25.9531591646316
143.833502825744 25.9857029313358
144.368576929286 26.018760734803
144.905641558614 26.051462285635
145.444704118671 26.0830594222648
145.985772041946 26.1135822300706
146.528852788578 26.1414679670386
147.073953846458 26.1667611433927
147.621082731334 26.1898748267464
148.170246986912 26.2128469694533
148.721454184961 26.2379571636901
149.274711925419 26.2645870510074
149.830027836496 26.2921903278873
150.387409574779 26.3206693938098
150.946864825339 26.3500135197695
151.508401301835 26.3774048603278
152.072026746624 26.4019472235083
152.637748930863 26.4236256623609
153.205575654619 26.4424989613644
153.775514746977 26.4588718955438
154.347574066145 26.4739321114632
154.921761499565 26.4867132608081
155.498084964022 26.4991456791625
156.076552405752 26.5122127321247
156.657171800551 26.5293104505239
157.239951153886 26.5500891620328
157.824898501005 26.5744683258578
158.412021907047 26.6012670405682
159.001329467157 26.6271305903533
159.592829306591 26.6519048438413
160.186529580835 26.675697569752
160.78243847571 26.6992339413816
161.380564207495 26.7236211547274
161.980915023028 26.7483026112232
162.583499199831 26.7724858538543
163.188325046216 26.7959690508653
163.795400901405 26.8194162774102
164.40473513564 26.8428438465201
165.016336150303 26.8683564543569
165.630212378031 26.8970658302817
166.246372282828 26.9309580526004
166.864824360187 26.9721280654264
167.485577137204 27.0195596080011
168.108639172699 27.0691487468007
168.734019057329 27.1202960708733
169.36172541371 27.1729965679056
169.991766896534 27.2256570394659
170.624152192691 27.2760262804018
171.258890021386 27.3242011404868
171.89598913426 27.370231126532
172.535458315511 27.4144685504945
173.177306382017 27.4579143019549
173.821542183453 27.4993301177566
174.468174602416 27.5394461745623
175.117212554548 27.5828872845652
175.768664988659 27.6339438712974
176.422540886846 27.6925883137976
177.078849264624 27.7571208122045
177.737599171045 27.8200591955226
178.398799688823 27.8739506310356
179.062459934462 27.9187110083794
179.728589058382 27.953611224307
180.397196245039 27.9793279523082
181.068290713059 27.9992845178835
181.741881715363 28.0192107974518
182.417978539291 28.0465505299691
183.096590506735 28.0819017045028
183.777726974264 28.1261025847832
184.461397333255 28.1794931446737
185.147611010021 28.243776086214
185.836377465944 28.3199059546306
186.5277061976 28.4034114115043
187.221606736895 28.4886593223661
187.918088651195 28.5754372760169
188.617161543456 28.660721412209
189.318835052359 28.7508605733074
190.023118852442 28.8459379815508
190.730022654232 28.9457030006294
191.439556204381 29.0441813066956
192.151729285799 29.1408609539627
192.86655171779 29.235821434449
193.584033356187 29.3293270392005
194.304184093485 29.4211883710732
195.027013858983 29.5107829530884
195.752532618918 29.5995540203578
196.480750376599 29.6916112478492
197.211677172552 29.7870474153944
197.945323084652 29.8863156681625
198.681698228267 29.9875769672995
199.420812756393 30.0837428367357
200.162676859797 30.1713927400773
200.907300767158 30.2478425745889
201.654694745203 30.3121834589145
202.404869098855 30.3638567460605
203.157834171373 30.4042776545532
203.913600344492 30.4400251222429
204.672178038568 30.4805086904745
205.433577712722 30.5297088120936
206.197809864986 30.5887676137998
206.964885032443 30.657235698865
207.734813791375 30.732755297441
208.50760675741 30.8145076590171
209.283274585667 30.895934552154
210.061827970903 30.9703826291171
210.84327764766 31.0389500218892
211.627634390414 31.1037421558864
212.414909013722 31.1755893405083
213.205112372374 31.2549709632631
213.998255361539 31.3425745069611
214.794348916918 31.4346264523788
215.593404014895 31.5305277334589
216.395431672684 31.6302261546455
217.200442948486 31.7313198664377
218.008448941641 31.8326009932965
218.819460792778 31.9336017214808
219.633489683968 32.0334060038587
220.450546838885 32.1318665201833
221.270643522953 32.2246740420163
222.093791043505 32.3120646229727
222.920000749938 32.3942492051235
223.749284033871 32.4720917849459
224.5816523293 32.5485422407427
225.417117112757 32.6198732706436
226.255689903467 32.6854780835664
227.097382263509 32.7439003379614
227.942205797972 32.7927210749308
228.790172155119 32.8316648448583
229.641293026544 32.8607519910917
230.495580147337 32.884624593317
231.35304529624 32.9030914715964
232.213700295818 32.9161453298742
233.077557012612 32.9208106810691
233.944627357311 32.915660831077
234.814923284911 32.9000092066588
235.688456794884 32.8738023200773
236.565239931339 32.8377993448542
237.44528478319 32.7971724335448
238.328603484325 32.761649901997
239.215208213769 32.7319260228216
240.105111195857 32.7087175180508
240.998324700395 32.694244365135
241.894861042839 32.6886978513779
242.794732584456 32.6904487489739
243.6979517325 32.6959609952578
244.60453094038 32.7036055927408
245.514482707834 32.7113609461989
246.427819581099 32.7177352463155
247.344554153085 32.7227668512241
248.264699063551 32.7240524144289
249.188266999274 32.7212447819008
250.11527069423 32.7143821419148
251.045722929764 32.7096252375181
251.979636534771 32.7088127394895
252.91702438587 32.7122612138516
253.85789940758 32.720027975255
254.802274572504 32.7308273082714
255.750162901502 32.7434081376119
256.701577463874 32.7530631669765
257.656531377538 32.74930559559
258.615037809212 32.7308657369866
259.577109974596 32.6943934586109
260.542761138553 32.6416392912112
261.512004615294 32.5743284346022
262.484853768559 32.4927414273964
263.461322011801 32.4046832590883
264.441422808376 32.3177006689355
265.42516967172 32.2307091842037
266.412576165545 32.1408835582549
267.403655904018 32.0487022494451
268.398422551953 31.9592107844053
269.396889825 31.8742478314183
270.39907148983 31.7970319316409
271.404981364328 31.7272616555091
272.414633317784 31.6625429200068
273.428041271082 31.6015528644934
274.445219196894 31.5432644891554
275.466181119869 31.484346701022
276.490941116832 31.42413874618
277.519513316975 31.3654263495461
278.551911902049 31.3107547021652
279.588151106566 31.2598979265296
280.628245217989 31.2117896737615
281.672208576933 31.1704216840516
282.720055577362 31.1368257752512
283.771800666785 31.1149481574694
284.827458346459 31.104024886735
285.887043171586 31.1039466866214
286.950569751514 31.1138364148541
288.018052749942 31.1302049454047
289.089506885116 31.1455745529282
290.164946930037 31.1520996058641
291.244387712663 31.1456508152989
292.327844116112 31.1279088084239
293.41533107887 31.1022666213604
294.506863594997 31.0653782855645
295.602456714328 31.0237042467093
296.702125542688 30.9900644358576
297.805885242097 30.9633100351151
298.913751030978 30.9330789372787
300.025738184368 30.8902926069394
301.14186203413 30.8419977593233
302.262137969162 30.7909530475596
303.386581435609 30.7374808871522
304.51520793708 30.6800550690137
305.648033034855 30.6190647468157
306.785072348107 30.5569911561766
307.926341554112 30.494311671739
309.071856388467 30.4303519544132
310.221632645308 30.3650180374875
311.375686177524 30.2985754712436
312.534032896982 30.2294937273705
313.69668877474 30.1559331966638
314.86366984127 30.0843110301046
316.03499218668 30.0187651368107
317.210671960934 29.9603286713453
318.390725374075 29.9106728228472
319.57516869645 29.8679693953555
320.764018258932 29.8322064522253
321.957290453147 29.8016964512867
323.1550017317 29.7758178207528
324.3571686084 29.7553578973384
325.563807658489 29.7361775174009
326.774935518872 29.7187575969356
327.990568888343 29.7039375448767
329.210724527818 29.6956539109369
330.435419260565 29.6872616193419
331.664669972436 29.6783409327203
332.898493612101 29.6810741315705
334.136907191279 29.6942425594695
335.379927784974 29.7133217752549
336.627572531714 29.7210292470311
337.879858633779 29.7162550948981
339.136803357447 29.6978303018133
340.398424033226 29.666958184149
341.664738056097 29.6253965630124
342.935762885749 29.5750368954639
344.211516046826 29.5179195979263
345.492015129163 29.4565043016485
346.777277788032 29.3943445676697
348.067321744384 29.3350429550035
349.362164785094 29.272145454346
350.661824763204 29.1933389965941
351.966319598173 29.0974532507957
353.275667276122 29.0000380035917
354.58988585008 28.9056617078455
355.908993440238 28.8114492748783
357.233008234193 28.7130789454889
358.561948487204 28.6100084097788
359.895832522439 28.5024937883146
361.234678731231 28.3903542772629
362.578505573331 28.2742430650648
363.927331577162 28.1576867570173
365.281175340072 28.0434009588041
366.640055528597 27.9381725567152
368.003990878711 27.8413014552101
369.373000196088 27.7532302360364
370.747102356362 27.675601882904
372.126316305386 27.6067598564351
373.510661059493 27.5492340373794
374.900155705758 27.5022867162757
376.294819402263 27.4728891762846
377.694671378358 27.4444694570211
379.099730934929 27.4053955219797
380.510017444665 27.3507057459766
381.92555035232 27.2854817994422
383.346349174985 27.2204606458619
384.772433502359 27.1529100772105
386.203822997013 27.0809118325227
387.640537394667 27.0056379164431
389.082596504459 26.9304798081381
390.530020209219 26.8657478574478
391.982828465741 26.8048090989709
393.441041305064 26.7352465933452
394.904678832742 26.6602619095039
396.373761229123 26.5856812445139
397.848308749629 26.5063832055632
399.328341725034 26.418700960726
400.813880561743 26.3177694553713
402.304945742077 26.2054107882422
403.801557824551 26.0864704338858
405.303737444161 25.9628985837276
406.811505312667 25.8316238759277
408.324882218878 25.6964690590771
409.843889028939 25.5619785847367
411.368546686621 25.4427882709772
412.898876213606 25.3349887461358
414.434898709779 25.2278180435155
415.976635353518 25.1232978723818
417.524107401988 25.0223179830586
419.077336191431 24.9190289350507
420.636343137464 24.818337092913
422.20114973537 24.7266440440014
423.771777560397 24.6383235032009
425.348248268055 24.5426284840114
426.930583594415 24.4443791456883
428.518805356409 24.3498703606624
430.112935452127 24.2716069404712
431.712995861126 24.1931908058365
433.319008644725 24.1085505751103
434.930995946316 24.0223066456995
436.548979991665 23.9437351576394
438.172983089221 23.8803517402091
439.803027630423 23.8321670234697
441.439136090005 23.7985117486217
443.081331026313 23.7742976819924
444.72963508161 23.742735094335
446.384070982391 23.710309834335
448.044661539696 23.676536259397
449.711429649423 23.6416129250038
451.384398292646 23.6063919303037
453.063590535931 23.5766488553101
454.749029531652 23.5576190438196
456.440738518314 23.5434798919526
458.138740820871 23.5307368881564
459.843059851047 23.5231972518752
461.55371910766 23.534498336162
463.270742176947 23.5599726182881
464.994152732887 23.5922414491523
466.723974537529 23.6153316836025
468.460231441319 23.6250495678553
470.202947383427 23.610338133318
471.952146392082 23.5856094648979
473.707852584898 23.5543880931191
475.470090169211 23.5253963898102
477.238883442408 23.4978143054625
479.014256792265 23.4814567517567
480.796234697286 23.4797649415866
482.584841727032 23.4899520855059
484.38010254247 23.4887637721539
486.182041896305 23.4778518403949
487.990684633326 23.4670105429517
489.806055690746 23.4687023115398
491.628180098547 23.4784375124654
493.457082979826 23.5042780517523
495.292789551138 23.5466214201974
497.135325122848 23.5925523352317
498.984715099477 23.6197796811048
500.840984980053 23.6594394311905
502.704160358464 23.7124423344897
504.574266923808 23.7762236985201
506.451330460749 23.8517535008118
508.335376849875 23.9351382017115
510.226432068048 24.0337233960726
512.124522188771 24.1479403117551
514.029673382538 24.2623183033055
515.941911917204 24.382037312392
517.86126415834 24.5036104256227
519.787756569601 24.6237072196449
521.721415713088 24.7483831992614
523.662268249716 24.8695987855
525.610340939583 24.9829724816706
527.565660642334 25.0686544373102
529.528254317536 25.1357172228033
531.498149025047 25.19295634669
533.475371925393 25.2558128584153
535.459950280137 25.3325496375089
537.451911452257 25.4152339313173
539.451282906527 25.5042757849349
541.45809220989 25.581766896248
543.472367031842 25.6478353722574
545.49413514481 25.7230069987666
547.523424424539 25.8082250836403
549.560262850475 25.8887431625028
551.604678506148 25.9577828602417
553.656699579562 26.0310123462595
555.716354363585 26.1014170206608
557.783671256334 26.1773254638927
559.858678761572 26.2583494037152
561.941405489097 26.3447189016097
564.03188015514 26.4401998225084
566.130131582757 26.5379393096597
568.236188702231 26.6460085564256
570.350080551465 26.7500582874394
572.471836276389 26.8419158921061
574.601485131357 26.9441654007153
576.739056479551 27.0324184535576
578.88457979339 27.111925024287
581.038084654929 27.1791266995526
583.199600756274 27.2334921340759
585.369157899988 27.2659151578486
587.5467859995 27.2962203909574
589.732515079524 27.3387846104255
591.926375276465 27.3859497381831
594.128396838839 27.4237648203069
596.338610127691 27.4484270564292
598.557045617011 27.4679353668007
600.783733894154 27.4927785715274
603.018705660264 27.5100901332938
605.261991730696 27.5301572495727
607.513623035441 27.5426522472986
609.773630619552 27.5643254881878
612.042045643573 27.5994948167944
614.318899383969 27.6431921129629
616.604223233554 27.6724964780674
618.898048701927 27.6914270447738
621.200407415909 27.7022953656629
623.51133111997 27.7072524565812
625.830851676678 27.7129497040063
628.159001067128 27.7334652045205
630.49581139139 27.7385712397873
632.841314868951 27.7460403702964
635.195543839153 27.755798286882
637.558530761648 27.7656173625043
639.930308216838 27.7684114807917
642.310908906328 27.7327500014594
644.700365653376 27.7114888371223
647.098711403346 27.6870476390391
649.505979224161 27.6433411047057
651.922202306761 27.5911001938624
654.347413965559 27.5365313999069
656.781647638899 27.4731014322894
659.224936889521 27.4133543710865
661.677315405021 27.3582838762117
664.138816998315 27.3225495121882
666.609475608108 27.2896273606543
669.089325299358 27.2424322137292
671.578400263749 27.1790264105822
674.076734820163 27.1128612591302
676.584363415148 27.0441433516464
679.101320623398 26.9804782412163
681.627641148229 26.9297711835411
684.163359822055 26.8932889247003
686.708511606871 26.8385120185518
689.263131594734 26.7724187182593
691.827255008246 26.6994652381438
694.400917201039 26.6378350924915
696.984153658268 26.5569470697818
699.576999997092 26.484484454474
702.179491967171 26.3993763211808
704.791665451156 26.305199445317
707.413556465187 26.1947906326984
710.045201159385 26.1054829784617
712.686635818355 26.0330946711737
715.337896861682 25.940938748173
717.999020844436 25.8551579356048
720.670044457676 25.7620029271935
723.351004528956 25.6692832119695
726.041938022828 25.5945336871818
728.74288204136 25.5030642399502
731.453873824642 25.4014733540295
734.174950751298 25.2946731299443
736.906150339008 25.204943969282
739.647510245018 25.1266368395065
742.399068266665 25.0343488155632
745.160862341893 24.9498241838507
747.932930549781 24.8866308922304
750.715311111065 24.8460124203147
753.508042388666 24.8108903766573
756.311162888217 24.7826079725979
759.124711258597 24.75303049611
761.948726292463 24.7048569436678
764.783246926784 24.6570895232772
767.628312243377 24.6084801425405
770.483961469448 24.5542543187705
773.350233978131 24.5098053873614
776.227169289033 24.4509773981515
779.114807068777 24.3976058971054
782.01318713155 24.3273123867992
784.92234943965 24.2594474200765
787.842334104041 24.1862376376973
790.773181384902 24.1162455552096
793.714931692182 24.0406600998882
796.667625586163 23.9576047881018
799.63130377801 23.8839507025104
802.606007130343 23.8000815608127
805.591776657789 23.7055517863533
808.588653527558 23.6402866006989
811.596679060002 23.5616226360084
814.615894729193 23.4913313568392
817.646342163485 23.413776912198
820.688063146098 23.3353534692776
823.741099615688 23.2511708117393
826.805493666926 23.1657081756115
829.881287551079 23.0772380615085
832.968523676594 23.0064044810688
836.06724460968 22.9377235166927
839.177493074898 22.8975086142975
842.299311955746 22.8899192918052
845.432744295255 22.8989009974799
848.577833296579 22.9062309102441
851.734622323592 22.902425747252
854.903154901485 22.8838060657832
858.083474717367 22.854589658293
861.275625620868 22.8189221448363
864.479651624742 22.8055592568537
867.695596905475 22.8070697687041
870.923505803893 22.7932663695693
874.163422825774 22.768453822171
877.415392642464 22.7312394631243
880.679460091487 22.6832349655648
883.955670177168 22.6435816114554
887.244068071255 22.6236992577467
890.544699113535 22.6186767860715
893.857608812465 22.5640448808861
897.1828428458 22.5021098711969
900.520447061216 22.4635963387596
903.870467476951 22.4019377772396
907.232950282432 22.3498843562872
910.607941838916 22.3021129940453
913.99548868013 22.2571220014085
917.395637512907 22.2324561616006
920.808435217838 22.212064639136
924.233928849912 22.1976071200429
927.672165639167 22.1629811794502
931.12319299134 22.1183338427407
934.587058488525 22.1221027962946
938.063809889823 22.1312408108437
941.553495132005 22.1270483161611
945.056162330171 22.1052989490524
948.571859778412 22.0888116562668
952.100635950479 22.0529099630057
955.64253950045 22.0336914558065
959.197619263401 22.0415382108268
962.765924256078 22.0500049450864
966.347503677575 22.0642088636332
969.942406910009 22.0970594774831
973.550683519207 22.1310770677752
977.172383255382 22.1689549908107
980.807556053824 22.1946716301637
984.456252035586 22.1883888327861
988.118521508177 22.1905250498283
991.794414966255 22.2101515730906
995.483983092322 22.2352502985413
999.187276757423 22.2697335052648
1002.90434702185 22.2832812866824
1006.63524513584 22.2900085291372
1010.3800225403 22.3084927919078
1014.13873086747 22.3364085999695
1017.9114219417 22.3528136510561
1021.69814778013 22.3551253695978
1025.49896059337 22.34722025359
1029.31391278631 22.3977825907433
1033.14305695876 22.4444216533313
1036.98644590621 22.4941920679738
1040.84413262056 22.5263445124141
1044.71617029083 22.5765340612225
1048.60261230394 22.6491346791429
1052.50351224539 22.7119498554005
1056.41892390001 22.749400888099
1060.34890125276 22.7719690030591
1064.29349848938 22.7981378539187
1068.25276999721 22.8161657530935
1072.22677036593 22.8694929986253
1076.21555438826 22.9214989688302
1080.21917706079 22.9717375943595
1084.23769358469 23.0169833112739
1088.27115936647 23.0665041010947
1092.31963001878 23.1230266882912
1096.38316136114 23.1875226133202
1100.46180942073 23.249998383441
1104.55563043316 23.3181757105163
1108.66468084322 23.3958035908358
1112.7890173057 23.4675590296183
1116.92869668616 23.5286519812328
1121.08377606168 23.5853698762608
1125.25431272169 23.6743897067703
1129.44036416873 23.7596215710024
1133.64198811927 23.8266986380531
1137.85924250447 23.8959730346349
1142.09218547102 23.9806961024102
1146.34087538191 24.0522923877968
1150.60537081725 24.0923065243318
1154.88573057506 24.1608503392906
1159.18201367212 24.233280281595
1163.49427934474 24.2960608077037
1167.8225870496 24.3597825144819
1172.16699646455 24.4371414768204
1176.52756748948 24.4965340701782
1180.90436024707 24.5180050836771
1185.2974350837 24.5476147130877
1189.70685257023 24.5905851579714
1194.13267350285 24.6399381660881
1198.5749589039 24.7261144346379
1203.03377002276 24.8191118730744
1207.50916833664 24.8850729105269
1212.00121555147 24.9545420805119
1216.50997360271 25.0169176830114
1221.03550465623 25.0609930214975
1225.57787110919 25.0907935457711
1230.13713559085 25.1326524811463
1234.71336096344 25.1505545869207
1239.30661032308 25.2196135741882
1243.9169470006 25.2880986189485
1248.54443456241 25.34916306457
1253.18913681141 25.3929563298495
1257.85111778785 25.4442318102975
1262.53044177021 25.5275237262107
1267.22717327611 25.596982958251
1271.94137706315 25.6226785979206
1276.67311812987 25.6500972125006
1281.42246171659 25.7175671087082
1286.18947330632 25.7973216360232
1290.97421862569 25.8722072582659
1295.77676364585 25.9294989070323
1300.59717458334 25.9668083970746
1305.43551790105 26.0237442428074
1310.29186030912 26.0896509749269
1315.16626876584 26.135660194885
1320.05881047861 26.1483439689839
1324.96955290485 26.1668756449188
1329.8985637529 26.2119160095106
1334.84591098301 26.2587429433525
1339.81166280824 26.3005602074983
1344.79588769541 26.3609312666129
1349.79865436604 26.4047942406411
1354.82003179729 26.4556556819853
1359.86008922295 26.5063036046882
1364.91889613434 26.5491634024795
1369.9965222813 26.5754715690516
1375.09303767316 26.6001588119836
1380.20851257966 26.6307965479161
1385.343017532 26.6666774746538
1390.49662332371 26.70339033274
1395.6694010117 26.7298086412792
1400.86142191724 26.7600916169873
1406.07275762689 26.8053741717138
1411.30347999353 26.842147853503
1416.55366113734 26.8526133500111
1421.82337344679 26.8625316797413
1427.11268957965 26.8727321943746
1432.42168246399 26.8817807134011
1437.75042529915 26.8909551945762
1443.09899155681 26.9111270623463
1448.46745498195 26.9559311364769
1453.85588959391 27.0039807629495
1459.26436968736 27.0164660610003
1464.69296983337 27.0433062355695
1470.14176488043 27.0834753410251
1475.61082995546 27.1136645725931
1481.10024046487 27.107410555342
1486.61007209556 27.1404092584255
1492.14040081604 27.1749001857239
1497.69130287738 27.2112122756478
1503.26285481435 27.2461433704824
1508.85513344643 27.2505301880696
1514.46821587884 27.2405873155462
1520.10217950369 27.2115688308284
1525.75710200096 27.2102373575072
1531.43306133963 27.1726248798978
1537.1301357787 27.1676940550371
1542.84840386835 27.1439207945564
1548.58794445092 27.104759616502
1554.34883666208 27.1475121374611
1560.1311599319 27.1384752030308
1565.93499398592 27.1163920499318
1571.76041884628 27.1077214022744
1577.60751483278 27.1177329519542
1583.47636256406 27.0943523033393
1589.36704295864 27.0386430954194
1595.27963723608 27.0271111037904
1601.21422691806 27.0713481420915
1607.17089382956 27.092252715182
1613.14972009994 27.0778314131839
1619.15078816409 27.030075195567
1625.17418076356 27.0535506674162
1631.21998094772 27.0583229329213
1637.28827207488 27.0739477574225
1643.37913781346 27.0571174968476
1649.49266214312 27.0613994503043
1655.62892935595 27.0781650098819
1661.7880240576 27.0663413325166
1667.97003116847 27.0594081195282
1674.17503592487 27.052408232913
1680.40312388019 27.026969776624
1686.6543809061 27.0095692737774
1692.9288931937 26.9732549196727
1699.22674725475 26.9484178973417
1705.54802992284 26.8963524059298
1711.89282835457 26.8556231876747
1718.26123003079 26.7955284159903
1724.65332275779 26.7959308538955
1731.06919466848 26.7735882472755
1737.50893422366 26.7435759494565
1743.9726302132 26.7155381376337
1750.46037175728 26.6820829941638
1756.97224830763 26.662307865752
1763.50834964871 26.6728228908227
1770.06876589903 26.6645887536313
1776.65358751231 26.636123560064
1783.26290527881 26.6083261017157
1789.8968103265 26.610208499949
1796.55539412237 26.6170997353113
1803.23874847367 26.6450690343534
1809.94696552921 26.6396847219537
1816.68013778055 26.6364078706324
1823.43835806337 26.666866296606
1830.22171955869 26.6557101959199
1837.03031579418 26.6515484131092
1843.86424064544 26.6559753306969
1850.72358833728 26.6513557733055
1857.60845344505 26.6539172887261
1864.51893089594 26.6509208272694
1871.45511597026 26.6227704376302
1878.41710430278 26.6463069579844
1885.40499188403 26.6431789565357
1892.41887506164 26.6296936750667
1899.45885054167 26.5876675353008
1906.52501538993 26.5904006923167
1913.61746703332 26.6021116284712
1920.73630326118 26.5643807772894
1927.88162222663 26.5606117467202
1935.05352244795 26.5657560279484
1942.25210280989 26.5894910177476
1949.47746256507 26.6227223983032
1956.72970133535 26.5865976166094
1964.00891911318 26.5820904237761
1971.315216263 26.624097970973
1978.6486935226 26.6590995989508
1986.00945200454 26.6715241193714
1993.39759319752 26.6815529028538
2000.8132189678 26.6930961399848
2008.25643156057 26.7134188565572
2015.7273336014 26.7130871804555
2023.22602809763 26.7321566364698
2030.75261843979 26.7594972511565
2038.30720840305 26.8366427850506
2045.88990214862 26.8587341381546
2053.50080422521 26.8645251277089
2061.14001957043 26.8949389570724
2068.80765351232 26.9267961273074
2076.5038117707 26.9622893752677
2084.22860045872 26.9867309401433
2091.98212608424 27.0199906998714
2099.76449555137 27.0887535155916
2107.57581616189 27.1544580628875
2115.41619561679 27.206466250072
2123.28574201767 27.2607653559056
2131.18456386831 27.2834281736837
2139.11277007613 27.3280180599624
2147.07046995368 27.3859532732528
2155.05777322019 27.44636659861
2163.07479000302 27.5330432930136
2171.12163083925 27.5703412582205
2179.19840667714 27.5947854496926
2187.30522887772 27.6456626469399
2195.44220921625 27.6975483897334
2203.60945988384 27.7526862269138
2211.80709348895 27.8182389293454
2220.03522305895 27.8525621793237
2228.29396204169 27.8807736692507
2236.58342430704 27.9425672911772
2244.90372414851 27.9974741141782
2253.25497628476 28.0309854181377
2261.63729586123 28.0792849160418
2270.0507984517 28.1027375549112
2278.49560005991 28.1655349329978
2286.97181712113 28.2232696907854
2295.4795665038 28.2370645390616
2304.0189655111 28.2574213092241
2312.59013188261 28.3111250374989
2321.19318379588 28.3571647874913
2329.82823986813 28.4080223302115
2338.49541915782 28.4383986731964
2347.19484116633 28.4852449229364
2355.9266258396 28.5736772834086
2364.69089356977 28.5908679484472
2373.48776519685 28.6101855622959
2382.3173620104 28.650939845569
2391.17980575117 28.7270873473431
2400.07521861281 28.7516003527718
2409.00372324354 28.7849793306973
2417.96544274784 28.8528889270286
2426.96050068814 28.9193631974318
2435.98902108656 28.9501057039775
2445.05112842657 28.9950758348617
2454.14694765475 29.0487402397301
2463.27660418247 29.0994433960579
2472.44022388765 29.1516953166788
2481.63793311651 29.1673107039837
2490.86985868525 29.1784362620215
2500.13612788187 29.1930158911343
2509.43686846789 29.2357373512299
2518.7722086801 29.2823142601151
2528.14227723234 29.2975482019707
2537.54720331731 29.3092863362739
2546.98711660828 29.3337688233488
2556.46214726094 29.3301830333082
2565.97242591516 29.332464226428
2575.51808369681 29.3381843800905
2585.09925221956 29.3511274721244
2594.7160635867 29.3430728919597
2604.36865039294 29.3682193705376
2614.05714572626 29.3526573074826
2623.78168316975 29.3465214122727
2633.54239680345 29.3600081243563
2643.33942120615 29.3492409484032
2653.17289145733 29.303207397654
2663.04294313896 29.3032550810533
2672.94971233738 29.298881551328
2682.89333564519 29.3373508362645
2692.87395016314 29.3337497975068
2702.89169350199 29.329868271834
2712.94670378444 29.3249760031312
2723.03911964699 29.3180923101865
2733.16908024193 29.3117218703102
2743.33672523916 29.3382664642835
2753.54219482819 29.355134895522
2763.78562972005 29.3586406657168
2774.06717114922 29.3470840121842
2784.38696087559 29.3365459462677
2794.74514118641 29.34374045406
2805.14185489824 29.3397636145632
2815.57724535896 29.3094118232867
2826.05145644968 29.2900735002277
2836.56463258679 29.2765026925878
2847.11691872391 29.2501373905403
2857.7084603539 29.2454109351085
2868.33940351088 29.2139451409141
2879.00989477221 29.1589914511104
2889.72008126055 29.1511552372161
2900.47011064586 29.1283876714441
2911.26013114745 29.1011196758611
2922.09029153602 29.0726872551629
2932.9607411357 29.0382098941925
2943.87162982615 29.0334300920483
2954.82310804455 29.0317282647626
2965.81532678776 28.9838757217821
2976.84843761435 28.9417228305269
2987.9225926467 28.9328365444269
2999.0379445731 28.9075295838715
3010.19464664985 28.8807601702761
3021.39285270338 28.8769664110429
3032.63271713238 28.8528616085633
3043.91439490991 28.8353518903755
3055.23804158553 28.8284892871919
3066.60381328749 28.7869318355143
3078.01186672482 28.7537291459449
3089.46235918954 28.716823716711
3100.95544855881 28.6838210622611
3112.4912932971 28.6618803822665
3124.07005245839 28.6463184570003
3135.69188568836 28.6083240797591
3147.35695322657 28.5814838026523
3159.0654159087 28.5586910515536
3170.81743516875 28.5553129539691
3182.61317304128 28.5201457382696
3194.45279216361 28.4950048419222
3206.3364557781 28.4749699061374
3218.26432773439 28.4917372582961
3230.23657249166 28.4642162315215
3242.25335512088 28.4229166279503
3254.3148413071 28.4005777302136
3266.42119735174 28.3987482126958
3278.57259017489 28.3577536590268
3290.76918731757 28.3434258677441
3303.01115694409 28.3411312240825
3315.29866784434 28.3136499549608
3327.63188943612 28.287775068585
3340.01099176749 28.294452655186
3352.43614551909 28.2669772530926
3364.90752200653 28.2605379086548
3377.42529318271 28.2136459346052
3389.98963164021 28.1870729955208
3402.60071061369 28.1688787273314
3415.25870398225 28.1065639861877
3427.96378627182 28.0911522891316
3440.71613265761 28.0741690398433
3453.51591896648 28.0518606393776
3466.36332167938 28.0081213510426
3479.25851793381 27.9637299511319
3492.20168552621 27.9561023274513
3505.19300291445 27.93373317949
3518.23264922029 27.9069080697656
3531.32080423182 27.8715839320872
3544.45764840598 27.8468401214908
3557.64336287101 27.8390635587234
3570.87812942896 27.8174305686542
3584.16213055823 27.7962741427694
3597.49554941602 27.7696286365883
3610.87856984091 27.7562809909014
3624.31137635539 27.7490995180649
3637.79415416837 27.7195130167381
3651.32708917776 27.7004834053182
3664.91036797302 27.682359738608
3678.54417783777 27.6583996022842
3692.2287067523 27.658153534887
3705.96414339624 27.6134947602867
3719.75067715111 27.5651075392076
3733.58849810294 27.5573006376015
3747.47779704492 27.5654391741789
3761.41876547999 27.5151099759461
3775.4115956235 27.5064392247379
3789.45648040586 27.4689256428687
3803.55361347522 27.4412233356991
3817.70318920008 27.4108159506261
3831.90540267205 27.3573803448607
3846.16044970847 27.3001880757921
3860.46852685515 27.3034362571934
3874.82983138907 27.2883453396362
3889.24456132109 27.2566682390667
3903.7129153987 27.2324237423636
3918.23509310874 27.2090282670345
3932.81129468018 27.1653537418097
3947.44172108682 27.1338232193409
3962.12657405015 27.0974499441496
3976.86605604205 27.0553910919605
3991.66037028761 27.019041135228
4006.50972076797 27.0027504458482
4021.41431222307 26.9803409399761
4036.37435015451 26.9330880077429
4051.39004082838 26.8795684411184
4066.46159127809 26.8322393975071
4081.58920930724 26.8136460349192
4096.77310349248 26.7700858415329
4112.01348318638 26.7260175428816
4127.31055852032 26.6910457430875
4142.6645404074 26.6673298042019
4158.07564054532 26.6227628043137
4173.54407141932 26.6216869114449
4189.07004630512 26.6187394761195
4204.65377927183 26.5763188205142
4220.29548518492 26.5462950081807
4235.99537970918 26.5133290254076
4251.7536793117 26.5097008272939
4267.57060126484 26.4763264089829
4283.44636364922 26.4430275155323
4299.38118535678 26.447120624892
4315.37528609372 26.4131016255437
4331.42888638358 26.3656688067924
4347.54220757028 26.3249947704612
4363.71547182114 26.3047252258185
4379.94890212999 26.255908610094
4396.24272232018 26.2221829856589
4412.59715704774 26.1373406022045
4429.01243180443 26.0528574493908
4445.48877292084 25.9867687044633
4462.02640756957 25.8987653213537
4478.62556376828 25.7992245509103
4495.28647038291 25.7325598060177
4512.0093571308 25.6077951422122
4528.79445458383 25.4874494434525
4545.64199417167 25.3251809734758
4562.5522081849 25.2296144716527
4579.52532977826 25.129095437196
4596.56159297383 25.0074973638461
4613.6612326643 24.9035160721777
4630.82448461615 24.7838932251501
4648.05158547297 24.6402640379616
4665.34277275865 24.5314464611734
4682.69828488072 24.4798696353133
4700.11836113359 24.3954760350584
4717.60324170188 24.283904160716
4735.15316766371 24.2129236661684
4752.76838099403 24.0970050776583
4770.44912456798 24.0150093623558
4788.1956421642 23.8780224623453
4806.00817846821 23.8036389680689
4823.88697907579 23.7159816453484
4841.83229049635 23.6440095533441
4859.84436015636 23.5200300702186
4877.92343640271 23.386012461393
4896.06976850618 23.2791636880328
4914.28360666486 23.187431761448
4932.5652020076 23.0817045003269
4950.91480659747 22.9731954944303
4969.33267343524 22.8706887369996
4987.81905646287 22.7921477050978
5006.374210567 22.7136508900965
5024.99839158248 22.6374555728726
5043.69185629588 22.5547639627681
5062.45486244905 22.4614287594737
5081.28766874266 22.3435263609584
5100.19053483977 22.216323369687
5119.16372136941 22.1293612891088
5138.20748993018 22.0237962453259
5157.32210309384 21.9270523652751
5176.50782440896 21.8128642404992
5195.76491840452 21.711035927049
5215.09365059358 21.5946050898743
5234.49428747691 21.4822951271305
5253.96709654673 21.3680907800113
5273.51234629033 21.2530987462288
5293.1303061938 21.1553309807936
5312.82124674575 21.0649644882752
5332.58543944101 20.9201203107823
5352.42315678444 20.7992812796416
5372.3346722946 20.6782879102798
5392.32026050759 20.5280860986428
5412.38019698081 20.394612514996
5432.51475829674 20.2755980547123
5452.72422206679 20.1890614274798
5473.00886693511 20.0504928562805
5493.36897258242 19.9502609880854
5513.80481972988 19.8568107602641
5534.31669014299 19.7386448215083
5554.9048666354 19.6811997428475
5575.56963307287 19.6091486907379
5596.31127437719 19.5806042688316
5617.13007653004 19.5559004253881
5638.02632657703 19.5399284672622
5659.00031263156 19.531395029828
5680.05232387887 19.5759506783975
5701.18265057998 19.5910912619208
5722.39158407572 19.658237402016
5743.67941679072 19.6498698585821
5765.04644223748 19.6439648648563
5786.49295502037 19.6815200966589
5808.01925083973 19.7091602364276
5829.62562649593 19.7491401082269
5851.31237989346 19.7996422836915
5873.07981004505 19.8616828009243
5894.92821707578 19.8526783012458
5916.85790222723 19.8651084855042
5938.86916786162 19.9185925032606
5960.96231746598 19.9592836726973
5983.13765565636 19.9845599676997
6005.395488182 20.0341643850429
6027.73612192954 20.0910582069447
6050.1598649273 20.1168541237613
6072.66702634946 20.1635933124322
6095.25791652038 20.1769240601209
6117.93284691885 20.2440018297742
6140.69213018238 20.2876324551269
6163.53608011154 20.3327807340488
6186.46501167426 20.3852063689492
6209.47924101016 20.405235809979
6232.57908543496 20.4557494765172
6255.7648634448 20.5357290065125
6279.03689472068 20.5953573459232
6302.39550013281 20.6316318392924
6325.84100174511 20.665111907942
6349.37372281957 20.712520941534
6372.99398782075 20.7555081452744
6396.70212242028 20.8462218244636
6420.49845350128 20.9502960455184
6444.38330916293 21.0469379750301
6468.35701872496 21.1397955493442
6492.4199127322 21.2091998790739
6516.57232295915 21.2988969740361
6540.81458241452 21.3767571176543
6565.14702534586 21.4612085237311
6589.56998724415 21.5445924245847
6614.08380484842 21.6227735526489
6638.68881615042 21.7002463435967
6663.38536039924 21.7697375863824
6688.17377810601 21.8493669813425
6713.05441104861 21.9371898294308
6738.02760227635 22.0227691421035
6763.09369611472 22.1047952799258
6788.25303817014 22.2173389674987
6813.5059753347 22.3115542990087
6838.85285579099 22.3865923580594
6864.29402901684 22.4403498922919
6889.82984579019 22.5357924376802
6915.4606581939 22.5825735865481
6941.18681962062 22.6623872530341
6967.00868477764 22.7274472475003
6992.92660969181 22.7714784017836
7018.94095171442 22.8372097734453
7045.05206952614 22.8927455968338
7071.26032314197 22.9463368468042
7097.56607391621 22.9844836996742
7123.96968454742 22.9812393240007
7150.47151908342 22.9525186368628
7177.07194292636 22.9959908424453
7203.77132283768 23.010358723657
7230.57002694323 23.0811047344668
7257.46842473831 23.141483438535
7284.46688709279 23.163246226647
7311.5657862562 23.1847914604163
7338.76549586288 23.2318666134612
7366.06639093713 23.2602119287109
7393.46884789835 23.2700082678558
7420.97324456628 23.3206807331796
7448.57996016619 23.352329119173
7476.28937533407 23.3566627228568
7504.10187212195 23.384925661068
7532.0178340031 23.413266900114
7560.03764587737 23.4374657073199
7588.16169407645 23.4605160986735
7616.39036636925 23.5078947996701
7644.72405196718 23.5428294284767
7673.16314152958 23.5999908988264
7701.70802716907 23.6277180171547
7730.35910245697 23.6947235490111
7759.11676242871 23.7505703617343
7787.98140358931 23.7799663119577
7816.95342391881 23.8438888194242
7846.03322287777 23.8838462843673
7875.22120141279 23.8859233857944
7904.51776196203 23.8864329252201
7933.92330846076 23.930740309246
7963.4382463469 23.9573304967175
7993.06298256668 23.9632549274482
8022.79792558017 23.9726353165223
8052.64348536698 23.9916953598652
8082.60007343185 23.9794197181603
8112.66810281039 23.9507196889474
8142.84798807473 23.9182664643166
8173.14014533922 23.9256801621912
8203.54499226624 23.9315547604653
8234.06294807188 23.9169084202995
8264.69443353176 23.9275627388626
8295.43987098684 23.9354993103318
8326.29968434921 23.9442748681868
8357.27429910795 23.9244480867518
8388.36414233502 23.9578798961949
8419.56964269112 23.9778484234839
8450.89123043159 24.0156092946103
8482.32933741237 24.0546094365435
8513.88439709597 24.0730169057806
8545.55684455738 24.1093522932767
8577.34711649014 24.1375870435735
8609.25565121232 24.1703946838296
8641.28288867257 24.2070232616424
8673.42927045619 24.2396808210072
8705.69523979124 24.2876471394262
8738.0812415546 24.3136084379379
8770.58772227814 24.3602082704656
8803.2151301549 24.4224266030587
8835.96391504519 24.4657173554858
8868.83452848289 24.4930111161912
8901.82742368161 24.543276371636
8934.94305554094 24.6079458036359
8968.18188065276 24.6626059865216
9001.54435730751 24.7598427169845
9035.03094550052 24.8245862806531
9068.64210693833 24.8599333585499
9102.37830504507 24.8802247148988
9136.24000496888 24.9240757837911
9170.22767358826 24.9814093074153
9204.34177951857 25.0407752689243
9238.58279311844 25.07181529646
9272.9511864963 25.1182747197973
9307.44743351684 25.1914578403748
9342.07200980759 25.2103880439907
9376.82539276547 25.2373811838554
9411.70806156333 25.273073221191
9446.72049715662 25.2891844757102
9481.86318228997 25.3043193391739
9517.13660150386 25.3090724787372
9552.54124114133 25.3349818333264
9588.07758935464 25.3216111537027
9623.74613611202 25.3013667414006
9659.54737320446 25.2468478798127
9695.48179425241 25.2217478172657
9731.54989471268 25.1665724585089
9767.75217188519 25.1214998995609
9804.08912491989 25.1023176573504
9840.5612548236 25.0807477629358
9877.16906446693 25.0689315021004
9913.91305859123 25.0450802026546
9950.79374381551 25.0176698272128
9987.81162864349 25.0004520627008
10024.9672234705 25.0078812059721
10062.2610405907 25.011495719509
10099.6935942039 25.0276851014494
10137.265400423 25.0174713744136
10174.9769772805 25.0496048779169
10212.8288447364 25.0916897784587
10250.8215246849 25.121048053378
10288.9555409616 25.1339301076111
10327.231419351 25.1257839258032
10365.6496875932 25.1808091542248
10404.210875392 25.1995563205692
10442.9155144215 25.219142942929
10481.7641383337 25.221517893479
10520.7572827658 25.2491034810224
10559.8954853477 25.2434101137355
10599.1792857094 25.2435188282358
10638.6092254881 25.2403297545018
10678.1858483363 25.2220118556961
10717.9096999286 25.2600932523221
10757.7813279699 25.2680721479342
10797.8012822023 25.278133272986
10837.9701144131 25.2898637076934
10878.2883784424 25.3024464490006
10918.7566301905 25.3139972100598
10959.3754276259 25.3159677566129
11000.1453307925 25.3346957348753
11041.0669018179 25.3511999101285
11082.1407049206 25.3571853799541
11123.3673064183 25.3655185588863
11164.7472747353 25.3616770160745
11206.2811804106 25.3305016085335
11247.9695961055 25.3287830406462
11289.8130966117 25.3335017730278
11331.8122588594 25.2988931731943
11373.9676619248 25.2605000555958
11416.2798870383 25.2822072911473
11458.7495175926 25.2445282439767
11501.3771391508 25.2253760971888
11544.1633394541 25.218038376927
11587.1087084304 25.1872594081608
11630.213838202 25.1503525027989
11673.4793230941 25.1126843968222
11716.9057596427 25.0836544639434
11760.4937466031 25.0890464296202
11804.2438849579 25.0798416674614
11848.1567779254 25.0632364059061
11892.2330309682 25.0615730424051
11936.473251801 25.0666827716262
11980.8780503993 25.0714893195067
12025.4480390078 25.0661087280961
12070.1838321489 25.1150837284656
12115.0860466309 25.1214772425059
12160.1553015568 25.1690597667867
12205.3922183327 25.1905267918587
12250.7974206764 25.2280880231176
12296.371534626 25.2962303198271
12342.1151885484 25.2966098781605
12388.0290131483 25.3319394793493
12434.1136414765 25.3220903564285
12480.3697089389 25.3486859839683
12526.7978533051 25.3852653516659
12573.3987147173 25.4206084371085
12620.1729356991 25.4065627959775
12667.1211611643 25.4014396548509
12714.244038426 25.3931389034671
12761.5422172051 25.435205527297
12809.0163496398 25.4494628151086
12856.667090294 25.4341087305247
12904.495096167 25.4323539741585
12952.5010267019 25.4499225865883
13000.6855437952 25.4738483413691
13049.0493118056 25.4777927229799
13097.5929975632 25.4761009726997
13146.317270379 25.4871825916636
13195.2228020538 25.520624180195
13244.3102668874 25.5271529779665
13293.5803416882 25.5505599877718
13343.0337057825 25.5487270530547
13392.6710410235 25.5734558298517
13442.4930318013 25.5801887333802
13492.5003650516 25.5876638373263
13542.6937302658 25.6133022911283
13593.0738195003 25.6214770624123
13643.6413273859 25.6141052645057
13694.3969511376 25.6173688650558
13745.3413905639 25.6355551225571
13796.4753480769 25.6238155910078
13847.7995287016 25.615133332123
13899.3146400859 25.5940341489092
13951.02139251 25.5813255535428
14002.9204988965 25.5477144916709
14055.0126748202 25.5309238499767
14107.2986385179 25.5443419924469
14159.7791108982 25.5009347543693
14212.4548155516 25.4722749228694
14265.3264787606 25.4803027511626
14318.3948295092 25.4700316839895
14371.6605994936 25.4603541667965
14425.1245231318 25.4983364538397
14478.7873375739 25.5067463416288
14532.6497827125 25.5184118257316
14586.7126011923 25.5461328932485
14640.9765384209 25.5822620231823
14695.442342579 25.6144428015898
14750.1107646304 25.6228733838522
14804.9825583328 25.6331597012481
14860.0584802475 25.6588611074101
14915.3392897509 25.6684761631497
14970.8257490437 25.6761321439147
15026.5186231627 25.7044353503857
15082.4186799901 25.7059631275277
15138.5266902652 25.726432712211
15194.8434275942 25.7111073416013
15251.3696684613 25.7144984930263
15308.1061922393 25.7225246072101
15365.0537812003 25.7089500409042
15422.2132205266 25.7074715670643
15479.5852983214 25.6587868555433
15537.1708056196 25.6727332844472
15594.9705363991 25.6627636242858
15652.9852875913 25.6782989330967
15711.2158590922 25.6867561323064
15769.6630537736 25.6841583266223
15828.327677494 25.6409648369348
15887.2105391099 25.6028559397321
15946.3124504865 25.5771351075675
16005.6342265097 25.5736634116919
16065.1766850963 25.5329247017595
16124.9406472063 25.5023516232856
16184.9269368535 25.4644812697987
16245.1363811172 25.4362985281069
16305.5698101534 25.3947447791116
16366.2280572065 25.3827515553132
16427.1119586206 25.3349434656022
16488.2223538509 25.3053628475215
16549.5600854758 25.2764723085943
16611.1259992079 25.2184953119303
16672.9209439061 25.1922573220901
16734.9457715869 25.1506840375354
16797.2013374366 25.1074846265887
16859.6884998228 25.0355617031294
16922.4081203063 24.9649392105128
16985.3610636531 24.8959048304985
17048.5481978459 24.8262564917799
17111.9703940967 24.7828714573407
17175.6285268585 24.7674561463889
17239.523473837 24.7117404414858
17303.6561160034 24.6196252836582
17368.027337606 24.5566730559242
17432.6380261827 24.5021711064039
17497.489072573 24.4501163377365
17562.5813709306 24.3866106741573
17627.9158187353 24.3654099148443
17693.4933168058 24.334129725726
17759.3147693119 24.2796838441292
17825.3810837868 24.2332496746405
17891.6931711401 24.236297598786
17958.2519456698 24.2330169681402
18025.0583250755 24.2374858676809
18092.1132304703 24.2247486210781
18159.4175863943 24.2052537116194
18226.9723208268 24.1724359231433
18294.7783651994 24.136738313073
18362.8366544084 24.0852311917403
18431.1481268284 24.0291865031905
18499.7137243246 23.9789955823168
18568.5343922661 23.9217688225775
18637.6110795389 23.8574201987935
18706.9447385587 23.7917962728158
18776.5363252847 23.7440744044827
18846.3867992321 23.6901625813512
18916.4971234854 23.622914244649
18986.8682647123 23.5791421606402
19057.5011931763 23.5243288204631
19128.3968827505 23.458017119509
19199.5563109307 23.4170572267761
19270.9804588494 23.3601474840703
19342.6703112886 23.3413922743385
19414.6268566943 23.2966194751731
19486.851087189 23.2653944159278
19559.3439985865 23.2149179361454
19632.1065904049 23.1563536648088
19705.1398658807 23.1017938552357
19778.4448319822 23.0360893733798
19852.0224994243 22.9880911259523
19925.8738826813 22.9446506500244
20000.0000000017 22.9446506500244
