10 13.8731575012207
10.0372009367102 13.886221882431
10.0745402643896 13.8727263214917
10.1120184978655 13.8374548778818
10.1496361538807 13.8020983818694
10.1873937510998 13.7669090094063
10.2252918101175 13.7325176008459
10.2633308534646 13.6980549104614
10.3015114056161 13.663524951677
10.3398339929981 13.6295930901692
10.3782991439948 13.595688481027
10.4169073889563 13.5617293634054
10.4556592602056 13.5283352762821
10.4945552920458 13.4953805549179
10.5335960207679 13.4623766097746
10.5727819846578 13.4295631781158
10.6121137240039 13.3975288342447
10.6515917811047 13.3654531504485
10.6912167002759 13.3333404609162
10.7309890278581 13.3017962985501
10.7709093122244 13.2703018166112
10.8109781037879 13.2387751237076
10.8511959550093 13.2078097049669
10.8915634204045 13.1772956811316
10.9320810565522 13.1467562970539
10.9727494221018 13.1163418058534
11.0135690777806 13.0864485234231
11.0545405864021 13.0565338482781
11.0956645128736 13.0266002219853
11.1369414242037 12.9975401459922
11.1783718895104 12.968567531823
11.2199564800288 12.9400233667227
11.2616957691193 12.9118223815451
11.3035903322749 12.8840354032638
11.3456407471298 12.8562500658513
11.3878475934668 12.8286945435762
11.4302114532258 12.8018863147611
11.4727329105113 12.775084264986
11.515412551601 12.7482899265721
11.5582509649534 12.7220938360494
11.6012487412161 12.6959762572841
11.6444064732342 12.6698674249367
11.6877247560581 12.6445161729277
11.7312041869517 12.6202324981852
11.774845365401 12.5965069448951
11.818648893122 12.5734722323729
11.8626153740693 12.5514861207666
11.9067454144441 12.530019543275
11.9510396227028 12.5090616750942
11.9954986095653 12.4891691420744
12.0401229880234 12.4698314657534
12.0849133733495 12.450966787695
12.1298703831044 12.4332046633522
12.1749946371469 12.4163665160572
12.2202867576412 12.3999718270531
12.2657473690664 12.3842057217282
12.3113770982243 12.3695022049392
12.3571765742489 12.3552103685645
12.4031464286144 12.3413258549006
12.4492872951442 12.3283892012019
12.4955998100196 12.315905554472
12.5420846117884 12.3038053725939
12.5887423413741 12.3280077060211
12.6355736420843 12.3323755525866
12.6825791596199 12.3371896883101
12.7297595420838 12.3426990971029
12.7771154399899 12.3494023737225
12.8246475062721 12.356555879058
12.8723563962932 12.3641586274282
12.9202427678541 12.3727446471313
12.9683072812028 12.3818406654642
13.0165505990434 12.39138881041
13.0649733865454 12.4018486971623
13.1135763113527 12.4131289437651
13.162360043593 12.4249038340322
13.2113252558868 12.4374216993004
13.260472623357 12.4511624325047
13.3098028236379 12.4654111327673
13.3593165368846 12.4801730249653
13.4090144457825 12.4959649227528
13.4588972355569 12.5123289852943
13.5089655939818 12.5292139415148
13.5592202113899 12.5470533007311
13.6096617806823 12.565730946839
13.6602909973373 12.5849381592092
13.7111085594207 12.6048985987937
13.7621151675953 12.6260374690392
13.8133115251301 12.6477145930128
13.8646983379105 12.6699323342917
13.9162763144479 12.6933347355665
13.9680461658894 12.7173156634411
14.0200086060276 12.7413728612042
14.0721643513105 12.7658299537568
14.1245141208514 12.7906005599248
14.1770586364386 12.815457543131
14.2297986225456 12.8406173294969
14.2827348063412 12.8664884252281
14.3358679176991 12.8924484428737
14.3891986892083 12.9184991871396
14.442727856183 12.9453839321191
14.496456156673 12.9724187903544
14.5503843314737 12.9995535849904
14.6045131241361 13.0270938648828
14.6588432809775 13.0549575134142
14.7133755510915 13.0829260345665
14.7681106863584 13.1112282073847
14.8230494414556 13.1403331207538
14.8781925738679 13.1696861433076
14.9335408438982 13.1992871721878
14.9890950146774 13.2297422051885
15.0448558521758 13.260502694496
15.1008241252129 13.2915199910059
15.1570006054682 13.3231459028069
15.2133860674922 13.3552767951835
15.2699812887167 13.3876723697181
15.3267870494654 13.4205322588448
15.3838041329651 13.4542235217387
15.4410333253564 13.4881858600676
15.498475415704 13.5224210906901
15.5561311960084 13.5574482859344
15.6140014612162 13.5927973943356
15.6720870092313 13.6284248271546
15.730388640926 13.6646423337169
15.7889071601517 13.7013397903694
15.8476433737505 13.7382634315859
15.9065980915658 13.7755870821927
15.9657721264536 13.8136218122985
16.0251662942941 13.8518843646314
16.0847814140026 13.8903768946889
16.1446183075405 13.9296174363383
16.2046777999274 13.9691316138115
16.2649607192518 14.0088755024148
16.3254678966828 14.0492018544559
16.3862001664817 14.0899421231409
16.447158366013 14.1308295115189
16.5083433357566 14.1719621870026
16.569755919319 14.2135946842652
16.6313969634448 14.2553213108822
16.6932673180286 14.2971407349423
16.7553678361271 14.3396486285188
16.8176993739698 14.3822841245543
16.880262790972 14.4250100136938
16.9430589497458 14.4681250351743
17.0060887161124 14.5115216556702
17.069352959114 14.5550040207242
17.1328525510256 14.598740575432
17.1965883673671 14.6429909628147
17.2605612869157 14.6873275911494
17.3247721917173 14.731744983687
17.3892219670996 14.7767806707964
17.4539115016833 14.8219237262714
17.5188416873952 14.867148075738
17.5840134194801 14.9128096776722
17.649427596513 14.9587775559439
17.7150851204118 15.0048211733652
17.7809868964498 15.0510674304289
17.8471338332678 15.097726960668
17.9135268428867 15.1444570800219
17.9801668407205 15.1912609071991
18.0470547455885 15.2386601811005
18.1141914797281 15.2861617228924
18.1815779688074 15.3337299471034
18.2492151419383 15.3816311882883
18.3171039316889 15.4297663662837
18.3852452740965 15.4779545513513
18.4536401086808 15.5262938425005
18.5222893784564 15.5746651409586
18.5911940299459 15.6226376633216
18.6603550131934 15.6698086554725
18.7297732817769 15.716307152799
18.799449792822 15.7617348792738
18.8693855070149 15.8060679274062
18.9395813886156 15.8496039385282
19.0100384054711 15.892220514548
19.0807575290291 15.9337313010731
19.151739734351 15.9742730712559
19.2229860001258 16.0140417773997
19.2944973086829 16.0526928179265
19.3662746460064 16.0902198905159
19.4383190017482 16.1270984547164
19.5106313692418 16.1628626829083
19.5832127455161 16.1974948997536
19.6560641313089 16.2312389231507
19.7291865310809 16.2640035386978
19.8025809530295 16.2957073430118
19.8762484091027 16.3264919323971
19.950189915013 16.3565560657739
20.0244064902514 16.3855552888006
20.0988991581017 16.4134862250203
20.1736689456542 16.4407231030714
20.2487168838201 16.4669019559683
20.3240440073458 16.4920084455122
20.3996513548271 16.5163214235571
20.4755399687231 16.5397223834057
20.5517108953714 16.5620424510167
20.6281651850019 16.5834143180788
20.7049038917513 16.6040132649462
20.7819280736781 16.6235253812077
20.8592387927765 16.6419485131209
20.9368371149918 16.6595937714679
21.0147241102344 16.6764658538404
21.092900852395 16.6926135238628
21.1713684193594 16.7082597306849
21.2501278930231 16.7233066741459
21.3291803593062 16.7376214103734
21.4085269081689 16.7513198049358
21.4881686336258 16.7645683151083
21.5681066337615 16.7770730438293
21.6483420107456 16.7888221562665
21.7288758708478 16.8001632348801
21.8097093244533 16.8107566539833
21.8908434860779 16.8205889616444
21.9722794743837 16.8298951129916
22.0540184121942 16.8385658642918
22.1360614265099 16.8464871119663
22.2184096485239 16.8541869330026
22.3010642136375 16.8618012068349
22.3840262614756 16.8690739251192
22.4672969359028 16.876001385774
22.5508773850389 16.8828983907299
22.6347687612749 16.8894481130247
22.7189722212887 16.8956450726606
22.8034889260611 16.9016990118959
22.8883200408921 16.9075126044651
22.9734667354164 16.9129600436936
23.0589301836202 16.9181518992497
23.1447115638567 16.9232158139851
23.230812058863 16.9279212944083
23.3172328557757 16.9322338455046
23.4039751461482 16.9364300039648
23.491040125966 16.9401932097935
23.5784289956642 16.943634060849
23.6661429601435 16.9469623392507
23.754183228787 16.9500885141571
23.8425510154766 16.9529018618423
23.9312475386102 16.9554977366579
24.0202740211181 16.9579887588036
24.1096316904802 16.9601611896547
24.1993217787425 16.9620170599752
24.2893455225345 16.9638443116259
24.3797041630861 16.9653549278791
24.4703989462445 16.9665470003862
24.5614311224917 16.9675941379764
24.6528019469616 16.9684104942997
24.7445126794573 16.9689083102744
24.8365645844686 16.9691638934527
24.9289589311891 16.9692802428314
25.0216969935341 16.9690666145909
25.1147800501579 16.9685230277036
25.2082093844715 16.9679183999169
25.3019862846603 16.9669837992414
25.3961120437021 16.9657173210233
25.4905879593843 16.9642677176539
25.5854153343225 16.9625625482766
25.6805954759781 16.9598560302349
25.7761296966763 16.9560794371998
25.8720193136242 16.9513511355418
25.9682656489293 16.9455375588696
26.0648700296171 16.9386330224974
26.1618337876502 16.9308586864194
26.2591582599459 16.921972350259
26.356844788395 16.9120768585421
26.4548947198803 16.9014129963966
26.5533094062951 16.8899039062255
26.6520902045621 16.8774642766854
26.7512384766515 16.8641509145903
26.8507555896003 16.8500232840964
26.9506429155313 16.8349629387413
27.0509018316712 16.8189715642619
27.1515337203705 16.8022631560327
27.2525399691221 16.7846223003362
27.3539219705804 16.7660484160809
27.4556811225806 16.7466811587299
27.5578188281582 16.7264519801955
27.6603364955679 16.7052900369618
27.7632355383033 16.6832541430488
27.8665173751163 16.6604024405324
27.9701834300368 16.6366598270535
28.0742351323921 16.6120988785044
28.1786739168268 16.5868665671351
28.2835012233224 16.5608118552123
28.3887184972175 16.533935325584
28.4943271892273 16.5063572857686
28.6003287554639 16.4780158145315
28.7067246574561 16.4488562150624
28.81351636217 16.418720317089
28.9207053420286 16.3876229645064
29.0282930749329 16.3554383920752
29.1362810442814 16.3221629120239
29.2446707389912 16.2879162241323
29.3534636535184 16.2525693520236
29.4626612878783 16.2161199179249
29.5722651476666 16.1790162745709
29.6822767440801 16.141338668145
29.7926975939372 16.1030160079331
29.9035292196989 16.0640986739969
30.0147731494902 16.0246274211401
30.1264309171207 15.9844978760729
30.2385040621058 15.9437075924344
30.3509941296883 15.9027976918401
30.4639026708593 15.8617346647902
30.5772312423796 15.8205124844836
30.6909814068016 15.7791889295154
30.8051547324904 15.7377281435168
30.9197527936455 15.6960961755986
31.0347771703225 15.6543329392649
31.1502294484553 15.6124683748494
31.2661112198773 15.5704231820014
31.3824240823437 15.5282056241561
31.4991696395536 15.4858963506504
31.616349501172 15.4434330512697
31.733965282852 15.4008120175091
31.852018606257 15.3580903101297
31.9705110990833 15.3152330072209
32.0894443950822 15.2722068295376
32.2088201340828 15.2290297308862
32.3286399620146 15.1857118686375
32.4489055309299 15.1422158781738
32.569618499027 15.0985354406527
32.6907805306726 15.0556812671102
32.8123932964254 15.0137261980738
32.9344584730584 14.972685267384
33.0569777435824 14.9326052889875
33.1799527972693 14.8934684531781
33.3033853296751 14.8548273516987
33.4272770426635 14.8166273712347
33.5516296444293 14.7788710773402
33.6764448495218 14.7415428632682
33.8017243788689 14.7046344054215
33.9274699598002 14.6681779522519
34.0536833260713 14.6322996810088
34.1803662178875 14.5970345372099
34.3075203819277 14.5623830892476
34.4351475713689 14.5283438303141
34.5632495459097 14.4949183465283
34.6918280717952 14.4621176049818
34.8208849218411 14.4299477998107
34.9504218754581 14.398239725011
35.0804407186764 14.3666238310013
35.2109432441705 14.3352999435444
35.3419312512837 14.3040616850457
35.4734065460531 14.2729084944046
35.6053709412345 14.2417351349606
35.7378262563273 14.2106010980705
35.8707743175993 14.1795470766053
36.0042169581128 14.1485439134792
36.1381560177486 14.1175624955932
36.2725933432325 14.0869190831117
36.40753078816 14.0566694478282
36.5429702130224 14.0267578799644
36.6789134852321 13.9976348111384
36.8153624791483 13.9693610131448
36.9523190761032 13.9419405120101
37.0897851644277 13.9154312854069
37.2277626394773 13.8898604288522
37.3662534036585 13.8660725750231
37.5052593664551 13.8441526238687
37.6447824444542 13.8241301407328
37.7848245613726 13.806017853742
37.9253876480839 13.7898274259117
38.0664736426444 13.7755671830678
38.2080844903204 13.7632474618186
38.3502221436146 13.7528582638942
38.4928885622931 13.7444229622896
38.6360857134129 13.7379627164377
38.7798155713483 13.7334852250493
38.9240801178185 13.7310037605565
39.068881341915 13.7305269262587
39.2142212401288 13.7320022510643
39.3601018163781 13.7352504332223
39.5065250820358 13.7402905777074
39.6534930559574 13.7478066264403
39.8010077645086 13.7583342924202
39.9490712415935 13.7718707541912
40.0976855286824 13.7884186321439
40.2468526748401 13.8079871869573
40.3965747367541 13.8305853003105
40.5468537787631 13.8562281993297
40.6976918728852 13.8855436295998
40.8490910988465 13.9187365854106
41.0010535441102 13.9557620940921
41.1535813039047 13.9966330421876
41.3066764812531 14.0413823190851
41.4603411870018 14.0900083502419
41.6145775398498 14.1425158958527
41.7693876663778 14.1989417639472
41.9247737010778 14.2590883350925
42.080737786382 14.3203934519724
42.2372820726929 14.3828707851883
42.3944087184125 14.4465826074982
42.5521198899724 14.5114849688543
42.7104177618635 14.577589597184
42.869304516666 14.6447381381362
43.0287823450793 14.7128850995232
43.1888534459529 14.7820307265867
43.3495200263157 14.852184547356
43.5107843014072 14.9233580315917
43.6726484947079 14.9955554819663
43.8351148379697 15.0687891271885
43.9981855712467 15.1430374724907
44.1618629429266 15.2183396772938
44.3261492097609 15.2948723897323
44.4910466368967 15.3729780834496
44.6565574979076 15.4529545260844
44.822684074825 15.534843824374
44.9894286581698 15.6186404904887
45.1567935469838 15.704345721862
45.3247810488614 15.7920082656031
45.4933934799815 15.8816426318978
45.6626331651395 15.9731890494683
45.8325024377791 16.0667409348211
46.0030036400248 16.1623257427134
46.1741391227139 16.2594079273653
46.345911245429 16.3579931126377
46.5183223765307 16.4581339223512
46.69137489319 16.5588621985733
46.8650711814213 16.659966002972
47.0394136361151 16.761221037444
47.2144046610712 16.8613278973145
47.3900466690317 16.960200190669
47.5663420817144 17.0579112917479
47.743293329846 17.1544568568241
47.9209028531959 17.2497599905204
48.0991731006096 17.3434517197694
48.2781065300423 17.4354743139216
48.4577056085935 17.5257525983679
48.63797281254 17.6142477990544
48.8189106273711 17.7010393684322
49.000521547822 17.7874750796683
49.1828080779086 17.8740921761357
49.3657727309621 17.9610750600519
49.5494180296635 18.0486062191605
49.7337465060782 18.136618107583
49.9187607016915 18.2252838563384
50.1044631674429 18.3146712873039
50.2908564637618 18.4046883938746
50.4779431606027 18.4952963526775
50.6657258374805 18.5866165794394
50.854207083506 18.6786332251218
51.043389497422 18.7711129982905
51.2332756876387 18.864356661555
51.4238682722698 18.9586783029621
51.6151698791687 19.0538331837751
51.8071831459647 19.1490940411749
51.9999107200992 19.2444183366989
52.1933552588626 19.3396795698495
52.3875194294302 19.4343202518167
52.5824059089 19.5283969964832
52.7780173843286 19.6214306067769
52.9743565527689 19.7131361824208
53.1714261213071 19.8037477463204
53.3692288070999 19.8932516168805
53.5677673374123 19.9815288987603
53.7670444496548 20.0687982304004
53.9670628914213 20.1550841740615
54.1678254205271 20.2403456831447
54.3693348050468 20.324542845159
54.5715938233525 20.4077184881311
54.7746052641521 20.4898607226639
54.9783719265278 20.5717740351529
55.1828966199745 20.6537708318028
55.3881821644389 20.7359880455633
55.594231390358 20.81895858152
55.8010471386984 20.9025511910357
56.0086322609952 20.9859979936239
56.2169896193917 21.0690605609929
56.4261220866785 21.1517968619421
56.6360325463332 21.2339574621138
56.8467238925604 21.3155683164364
57.0581990303312 21.3970558850331
57.2704608754236 21.4779334422252
57.4835123544625 21.5582254346187
57.6973564049602 21.6385075534378
57.9119959753568 21.7185100593929
58.1274340250607 21.7980843505186
58.3436735244898 21.8776397038333
58.5607174551122 21.9573303074706
58.7785688094872 22.0368558946452
58.9972305913069 22.1162395699584
59.2167058154372 22.1953927879408
59.4369975079597 22.2753337879438
59.6581087062134 22.3560756370832
59.8800424588363 22.4378564641943
60.1028018258077 22.5205457924425
60.3263898784903 22.6041700603293
60.5508096996726 22.6891982271846
60.7760643836113 22.7776121208974
61.0021570360742 22.8692824948904
61.2290907743825 22.9642349424801
61.4568687274545 23.0625559852967
61.685494035848 23.1641791078651
61.9149698518044 23.2691209207491
62.1452993392914 23.3774611260789
62.376485674047 23.4891709463271
62.6085320436233 23.6041164860861
62.8414416474305 23.7213876316126
63.0752176967808 23.8363358885534
63.3098634149326 23.9489380683421
63.5453820371355 24.0591900883779
63.7817768106743 24.1670972621452
64.0190509949139 24.2726613813921
64.2572078613447 24.3758822733218
64.4962506936269 24.4767594853205
64.7361827876367 24.5753019687075
64.9770074515108 24.6715040157323
65.2187280056928 24.7650607569318
65.4613477829786 24.8550408729969
65.7048701285624 24.94155049834
65.9492984000827 25.025147590999
66.1946359676689 25.1058929750715
66.4408862139876 25.1844344968788
66.688052534289 25.2631827110972
66.9361383364543 25.342036048864
67.1851470410421 25.4210900956397
67.4350820813359 25.5003854743533
67.6859469033913 25.5797282176494
67.9377449660834 25.6593039310061
68.190479741155 25.7405480119549
68.4441547132637 25.8234583425573
68.6987733800307 25.9078474103305
68.9543392520884 25.9939846229829
69.2108558531293 26.0810230356753
69.4683267199542 26.1682993891795
69.7267554025213 26.256026050954
69.9861454639949 26.3440095494816
70.2465004807944 26.4317520458792
70.5078240426442 26.5191046713626
70.7701197526224 26.6035064100865
71.0333912272113 26.6848842127748
71.2976420963466 26.7630204442382
71.5628760034677 26.8381467966577
71.8290966055681 26.9102484924265
72.0963075732454 26.979080637891
72.3645125907524 27.0469653997174
72.6337153560475 27.1143442838899
72.903919580846 27.1811266961702
73.1751289906711 27.2470980096181
73.4473473249052 27.311616371585
73.7205783368417 27.3746503293603
73.9948257937363 27.4369312753581
74.2700934768597 27.4987406235785
74.5463851815488 27.5602070255976
74.82370471726 27.6217625949913
75.1020559076207 27.6834043692105
75.3814425904831 27.7451293780731
75.6618686179762 27.8069198408087
75.9433378565593 27.8686049587841
76.2258541870754 27.9301092885185
76.5094215048047 27.9914282031243
76.7940437195179 28.0525873429096
77.0797247555308 28.1137423118594
77.3664685517576 28.1748920455483
77.654279061766 28.2348799159563
77.9431602538311 28.2929953008924
78.2331161109905 28.34918212138
78.524150631099 28.4033095091895
78.8162678268838 28.4552457775327
79.1094717259999 28.5050941113999
79.4037663710853 28.5509515072513
79.6991558198174 28.5927025982494
79.9956441449681 28.6301994915525
80.2932354344608 28.6634139631031
80.5919337914261 28.6924609737376
80.8917433342586 28.7172124144017
81.192668196674 28.7391931617435
81.4947125277655 28.7585773274676
81.7978804920615 28.77471343187
82.1021762695827 28.7874623380631
82.4076040558999 28.7966995935808
82.714168062192 28.8025341273903
83.0218725153037 28.8047485282689
83.3307216578039 28.8033294269712
83.6407197480444 28.7985896392899
83.9518710602185 28.792064723662
84.2641798844197 28.7849503281993
84.5776505267013 28.7773743025773
84.8922873091352 28.7693405380455
85.2080945698721 28.7605475503303
85.525076663201 28.7507667897728
85.8432379596091 28.7387848227786
86.1625828458423 28.7240428657494
86.4831157249656 28.704986597482
86.804841016424 28.6818694279114
87.1277631561029 28.6544722219348
87.4518865963899 28.6227076057898
87.7772158062356 28.5866849636199
88.103755271216 28.5463977343613
88.4315094935933 28.501684383798
88.760482992379 28.4520358711903
89.0906803033954 28.3992161261517
89.4221059793388 28.342897037236
89.7547645898416 28.2830702894589
90.088660721536 28.2197762429309
90.4237989781166 28.1529671658401
90.7601839804045 28.0826246986888
91.0978203664104 28.0089806094882
91.436712791399 27.9319728168821
91.7768659279529 27.851056349626
92.1182844660374 27.766397888725
92.4609731130645 27.6784579091719
92.8049365939585 27.5873477381692
93.1501796512209 27.4932701386713
93.4967070449956 27.3972636518845
93.8445235531347 27.2995196505826
94.1936339712644 27.2012062246857
94.5440431128511 27.1031612440608
94.8957558092676 27.005374048236
95.2487769098601 26.9080798039912
95.6031112820147 26.8124694784959
95.9587638112245 26.7190893293511
96.3157394011573 26.6266277676445
96.674042973723 26.5348602939375
97.0336794691412 26.4420119235319
97.39465384601 26.3483656465192
97.7569710813735 26.2540002781694
98.1206361707911 26.1572494004833
98.4856541284063 26.0580966396336
98.8520299870155 25.9569829787811
99.2197687981374 25.8539972666025
99.5888756320832 25.7482144912459
99.9593555780259 25.643683222597
100.331213744071 25.5417979553734
100.704455257326 25.4430382403076
101.079085263972 25.3475840351821
101.455108929334 25.2554854670487
101.832531437955 25.1666515596115
102.211357993661 25.079473296166
102.591593819639 24.9932129920378
102.973244158507 24.9074477157982
103.356314272386 24.8222849959281
103.74080944297 24.7388299587124
104.126734971605 24.6570771477435
104.514096179357 24.5770346033219
104.902898407086 24.4981636866855
105.293147015521 24.4179223878547
105.684847385335 24.3358187276716
106.078004917216 24.2518420660047
106.472625031943 24.1660749047682
106.868713170461 24.0784721834676
107.266274793956 23.9905697873943
107.665315383931 23.9041820810708
108.065840442278 23.8193304760818
108.467855491361 23.7358917294563
108.871366074083 23.6537766429398
109.27637775397 23.5730127257884
109.682896115245 23.4929015092759
110.090926762902 23.4118519545332
110.500475322789 23.3299117225988
110.911547441682 23.247313919923
111.324148787363 23.1641943680735
111.738285048698 23.0805389431289
112.153961935718 22.9975031340537
112.571185179695 22.9165491344329
112.98996053322 22.8383100947804
113.410293770289 22.7628097204274
113.832190686372 22.6901437194574
114.255657098502 22.6222185311646
114.680698845352 22.5589280360134
115.107321787315 22.4995213813567
115.535531806584 22.444360528941
115.965334807235 22.3933445770215
116.396736715309 22.346479359116
116.829743478891 22.3034495359079
117.264361068193 22.2641675678017
117.700595475639 22.2269360453872
118.138452715943 22.1894052528643
118.577938826195 22.1499216923854
119.019059865945 22.108272391595
119.461821917283 22.0648727996668
119.906231084925 22.0198139076231
120.3522934963 21.973457484302
120.800015301628 21.9263099018396
121.24940267401 21.8788778750454
121.700461809513 21.8317261297073
122.15319892725 21.7861861519581
122.607620269474 21.7422866792829
123.063732101657 21.6994053157474
123.52154071258 21.656436635766
123.981052414419 21.6119445657593
124.442273542832 21.5659544530305
124.905210457046 21.5184156504412
125.369869539945 21.4700416394415
125.836257198157 21.4231415534089
126.304379862144 21.3799002056423
126.774243986291 21.3403055158995
127.245856048992 21.3043576192072
127.719222552743 21.2720566115824
128.194350024229 21.2457733801458
128.671245014415 21.2280885408533
129.149914098635 21.2191296278359
129.630363876686 21.2194881385445
130.112600972915 21.2291948448585
130.596632036314 21.2446517346748
131.082463740608 21.2620813530905
131.570102784351 21.2812787681944
132.059555891015 21.3010292399979
132.550829809082 21.3213368606093
133.043931312143 21.3415699520342
133.538867198985 21.3617955528711
134.035644293687 21.3824272057282
134.534269445714 21.4034880835235
135.034749530014 21.4235021120048
135.537091447108 21.4371737708766
136.041302123189 21.4448756650374
136.547388510214 21.4472884880167
137.055357586005 21.4459743533344
137.56521635434 21.4423103307071
138.076971845052 21.4378260970859
138.590631114126 21.4331398565094
139.106201243796 21.4267387378892
139.623689342642 21.4186629991677
140.14310254569 21.4103163827189
140.664448014507 21.402488660182
141.187732937303 21.3962497411815
141.712964529029 21.3923797783187
142.240150031474 21.3911934247258
142.769296713371 21.3937453951419
143.30041187049 21.4000739674412
143.833502825744 21.4107458155839
144.368576929286 21.4262047122976
144.905641558614 21.4450398294868
145.444704118671 21.4676705373647
145.985772041946 21.4941746264273
146.528852788578 21.5206355279429
147.073953846458 21.5474793589651
147.621082731334 21.5754663861848
148.170246986912 21.6052229910607
148.721454184961 21.6392214300303
149.274711925419 21.6782164197311
149.830027836496 21.7225509862587
150.387409574779 21.7721409134971
150.946864825339 21.8269992658437
151.508401301835 21.8837960567753
152.072026746624 21.9340385688033
152.637748930863 21.9776662839462
153.205575654619 22.014705266631
153.775514746977 22.0435448340228
154.347574066145 22.0615613993185
154.921761499565 22.0711001240725
155.498084964022 22.0737781136738
156.076552405752 22.0708198595293
156.657171800551 22.0664481665406
157.239951153886 22.0622634437758
157.824898501005 22.0583401187885
158.412021907047 22.0549716595283
159.001329467157 22.04987142383
159.592829306591 22.0435600830962
160.186529580835 22.0372256576476
160.78243847571 22.0308723631664
161.380564207495 22.0224896211791
161.980915023028 22.009729267292
162.583499199831 21.9908808441574
163.188325046216 21.9671630374825
163.795400901405 21.9397637161335
164.40473513564 21.9086954369483
165.016336150303 21.8789580402257
165.630212378031 21.8521635817904
166.246372282828 21.8303145443829
166.864824360187 21.8156814343246
167.485577137204 21.8083954244873
168.108639172699 21.8084163664627
168.734019057329 21.8155154616425
169.36172541371 21.8297119315136
169.991766896534 21.8493025524875
170.624152192691 21.8740676181681
171.258890021386 21.9036042356072
171.89598913426 21.9374290592925
172.535458315511 21.9721048579006
173.177306382017 22.0011291166791
173.821542183453 22.0250890308454
174.468174602416 22.0449811489519
175.117212554548 22.0663221473635
175.768664988659 22.0945932359328
176.422540886846 22.1297242076182
177.078849264624 22.1691459765773
177.737599171045 22.2054845954774
178.398799688823 22.2351434814171
179.062459934462 22.2580262620006
179.728589058382 22.2742041848062
180.397196245039 22.2836970532849
181.068290713059 22.2840976669652
181.741881715363 22.2736492251251
182.417978539291 22.2548791493677
183.096590506735 22.228782542054
183.777726974264 22.1967505543719
184.461397333255 22.1631087319984
185.147611010021 22.1321030797515
185.836377465944 22.1044026440345
186.5277061976 22.0787583790851
187.221606736895 22.0533178991236
187.918088651195 22.0274182171089
188.617161543456 22.0016706918631
189.318835052359 21.9793223622159
190.023118852442 21.9604549043346
190.730022654232 21.9460583463106
191.439556204381 21.9442596529979
192.151729285799 21.9547290198537
192.86655171779 21.9771902373431
193.584033356187 22.0081121067704
194.304184093485 22.0424366063694
195.027013858983 22.0783046122645
195.752532618918 22.1184291651876
196.480750376599 22.1713225005256
197.211677172552 22.2374523231434
197.945323084652 22.3151984039053
198.681698228267 22.4014564316239
199.420812756393 22.487147036671
200.162676859797 22.5702689153294
200.907300767158 22.6429040781922
201.654694745203 22.7040196217658
202.404869098855 22.753377414648
203.157834171373 22.7906874253852
203.913600344492 22.8170298002087
204.672178038568 22.8376044648457
205.433577712722 22.8556823545975
206.197809864986 22.8721960880205
206.964885032443 22.8905810234726
207.734813791375 22.9069880649335
208.50760675741 22.9196528181489
209.283274585667 22.926406818345
210.061827970903 22.9256839758151
210.84327764766 22.9170970779187
211.627634390414 22.9010258821266
212.414909013722 22.8837679162621
213.205112372374 22.8658484632435
213.998255361539 22.849289047472
214.794348916918 22.8417320398468
215.593404014895 22.8434372626348
216.395431672684 22.8543663057102
217.200442948486 22.8711529845252
218.008448941641 22.8957766139813
218.819460792778 22.9269925628502
219.633489683968 22.9697250680948
220.450546838885 23.0278168200742
221.270643522953 23.0956896398454
222.093791043505 23.1708026389909
222.920000749938 23.2532027177883
223.749284033871 23.3428193537406
224.5816523293 23.4399073626742
225.417117112757 23.5343554681561
226.255689903467 23.6236532391591
227.097382263509 23.7065506592298
227.942205797972 23.7832360662221
228.790172155119 23.8549801109778
229.641293026544 23.9236085094689
230.495580147337 23.9927124611967
231.35304529624 24.0652391908383
232.213700295818 24.1412049142421
233.077557012612 24.2136685375451
233.944627357311 24.2790089651855
234.814923284911 24.3367136014453
235.688456794884 24.3859040587035
236.565239931339 24.4260651408763
237.44528478319 24.4559365164435
238.328603484325 24.4825555384121
239.215208213769 24.5066985609097
240.105111195857 24.5279939981906
240.998324700395 24.5452538018272
241.894861042839 24.5588625967575
242.794732584456 24.5716494636668
243.6979517325 24.5837020802365
244.60453094038 24.5994719239522
245.514482707834 24.6151085346366
246.427819581099 24.634334430859
247.344554153085 24.6552065766064
248.264699063551 24.6739083137452
249.188266999274 24.6891346734741
250.11527069423 24.7063867375121
251.045722929764 24.7338164357231
251.979636534771 24.7692588206308
252.91702438587 24.8121186160484
253.85789940758 24.8600447277505
254.802274572504 24.9119566752438
255.750162901502 24.968103116438
256.701577463874 25.0246853905266
257.656531377538 25.0768092594414
258.615037809212 25.1237958044035
259.577109974596 25.1687027090454
260.542761138553 25.2113516434412
261.512004615294 25.2513889582077
262.484853768559 25.2867752436175
263.461322011801 25.321509881178
264.441422808376 25.3572020225001
265.42516967172 25.3921126884813
266.412576165545 25.4202978357987
267.403655904018 25.443653104294
268.398422551953 25.4687000332611
269.396889825 25.4957887750175
270.39907148983 25.5188196511615
271.404981364328 25.5353013954715
272.414633317784 25.5496824890024
273.428041271082 25.5680389813732
274.445219196894 25.592203098754
275.466181119869 25.6149939286726
276.490941116832 25.6332722156425
277.519513316975 25.6427421782488
278.551911902049 25.6444835581319
279.588151106566 25.6388684085868
280.628245217989 25.6307506089722
281.672208576933 25.6260051823321
282.720055577362 25.6221962217413
283.771800666785 25.6278497234503
284.827458346459 25.6415558885887
285.887043171586 25.6644494486843
286.950569751514 25.6964724348974
288.018052749942 25.7310386058562
289.089506885116 25.7640437719626
290.164946930037 25.7908172463364
291.244387712663 25.8089275625136
292.327844116112 25.8186530509091
293.41533107887 25.8242739952191
294.506863594997 25.8280544182134
295.602456714328 25.8346101445152
296.702125542688 25.8535902208348
297.805885242097 25.8838312129761
298.913751030978 25.9114607198062
300.025738184368 25.9297926013328
301.14186203413 25.9483029878149
302.262137969162 25.9706896134534
303.386581435609 25.9920193646892
304.51520793708 26.0077172189177
305.648033034855 26.0173053087851
306.785072348107 26.0284405791376
307.926341554112 26.0438768216146
309.071856388467 26.0619485792833
310.221632645308 26.0751743720035
311.375686177524 26.0784949280843
312.534032896982 26.0708693571876
313.69668877474 26.0531310424248
314.86366984127 26.0292817822011
316.03499218668 26.0037577264019
317.210671960934 25.9751203294427
318.390725374075 25.9473512468533
319.57516869645 25.9193629315586
320.764018258932 25.8919007953381
321.957290453147 25.8672902211388
323.1550017317 25.8454093509851
324.3571686084 25.8282071463357
325.563807658489 25.8140240254959
326.774935518872 25.7927226381738
327.990568888343 25.7635689064209
329.210724527818 25.731986983975
330.435419260565 25.7028066046313
331.664669972436 25.6771202687907
332.898493612101 25.6672649776048
334.136907191279 25.6757488937552
335.379927784974 25.6917191862389
336.627572531714 25.703010595187
337.879858633779 25.7079944485126
339.136803357447 25.705511106836
340.398424033226 25.6975098508738
341.664738056097 25.6849917581308
342.935762885749 25.661130839803
344.211516046826 25.62627986603
345.492015129163 25.5898435046345
346.777277788032 25.5605202843157
348.067321744384 25.5287170418267
349.362164785094 25.4878362857308
350.661824763204 25.4313835644824
351.966319598173 25.3622640326948
353.275667276122 25.2909487638235
354.58988585008 25.2225106924432
355.908993440238 25.154411477813
357.233008234193 25.0803676464128
358.561948487204 24.999952448943
359.895832522439 24.9160239441942
361.234678731231 24.8309822998376
362.578505573331 24.7500049563466
363.927331577162 24.6782287006692
365.281175340072 24.6172796649735
366.640055528597 24.5613322975278
368.003990878711 24.5081103160673
369.373000196088 24.4596495875011
370.747102356362 24.4164504555475
372.126316305386 24.3759154249995
373.510661059493 24.340993691754
374.900155705758 24.3157862642952
376.294819402263 24.301082725997
377.694671378358 24.2874889398254
379.099730934929 24.259529123907
380.510017444665 24.208459492403
381.92555035232 24.1419042030267
383.346349174985 24.0746629012776
384.772433502359 24.002965756561
386.203822997013 23.9239084490462
387.640537394667 23.8462980315503
389.082596504459 23.7783934770045
390.530020209219 23.712305483134
391.982828465741 23.644816841355
393.441041305064 23.5694102560804
394.904678832742 23.4909218111307
396.373761229123 23.4179128321244
397.848308749629 23.3464178081837
399.328341725034 23.2736929157801
400.813880561743 23.1929393325455
402.304945742077 23.1057884366101
403.801557824551 23.026553447022
405.303737444161 22.9539052992064
406.811505312667 22.8838361806131
408.324882218878 22.8148940825637
409.843889028939 22.7456404180508
411.368546686621 22.6857152750101
412.898876213606 22.6373688661123
414.434898709779 22.5986272741348
415.976635353518 22.5628773679991
417.524107401988 22.5253639580449
419.077336191431 22.4816683317011
420.636343137464 22.4346049280652
422.20114973537 22.3865220128182
423.771777560397 22.3340763273694
425.348248268055 22.2654507503113
426.930583594415 22.1771786156494
428.518805356409 22.0740791169499
430.112935452127 21.9774137890745
431.712995861126 21.8875897056716
433.319008644725 21.8052726434219
434.930995946316 21.7262441591968
436.548979991665 21.6564827275721
438.172983089221 21.601535579044
439.803027630423 21.5640147086922
441.439136090005 21.5417291346237
443.081331026313 21.5253238420623
444.72963508161 21.5001298475998
446.384070982391 21.4718778993641
448.044661539696 21.4370933863284
449.711429649423 21.3966235077222
451.384398292646 21.3518448175578
453.063590535931 21.3111002022053
454.749029531652 21.2753199224061
456.440738518314 21.2391070377222
458.138740820871 21.1954095160816
459.843059851047 21.1397777641338
461.55371910766 21.0855882439526
463.270742176947 21.04127527625
464.994152732887 21.0127409377134
466.723974537529 20.9911860640008
468.460231441319 20.968784385777
470.202947383427 20.9335592904899
471.952146392082 20.8930874343228
473.707852584898 20.8488217064449
475.470090169211 20.8020687792903
477.238883442408 20.7524015806106
479.014256792265 20.7022798980487
480.796234697286 20.6510162202736
482.584841727032 20.6034926622797
484.38010254247 20.5567892414246
486.182041896305 20.5106180958823
487.990684633326 20.4653322188249
489.806055690746 20.4238606662246
491.628180098547 20.3959140520639
493.457082979826 20.3884334944109
495.292789551138 20.4034348002985
497.135325122848 20.4255047075081
498.984715099477 20.4296856267923
500.840984980053 20.44404235397
502.704160358464 20.466852160748
504.574266923808 20.4916895115088
506.451330460749 20.520875978625
508.335376849875 20.535875230372
510.226432068048 20.5425166790623
512.124522188771 20.546997083723
514.029673382538 20.5494327741488
515.941911917204 20.5530720406
517.86126415834 20.5602226148313
519.787756569601 20.5713690314298
521.721415713088 20.5946328642378
523.662268249716 20.6268363754301
525.610340939583 20.6684720634184
527.565660642334 20.6971376396929
529.528254317536 20.7206858994623
531.498149025047 20.742824330987
533.475371925393 20.7652688127848
535.459950280137 20.797286815684
537.451911452257 20.8413335825022
539.451282906527 20.8952233205733
541.45809220989 20.9381087723387
543.472367031842 20.9663468362995
545.49413514481 20.9784335763073
547.523424424539 20.9934386241993
549.560262850475 20.9951170541139
551.604678506148 20.9822482777915
553.656699579562 20.964092077586
555.716354363585 20.9477940811414
557.783671256334 20.9468975154353
559.858678761572 20.9595697795384
561.941405489097 20.9862823388917
564.03188015514 21.0374875313702
566.130131582757 21.0905076223107
568.236188702231 21.1427188394121
570.350080551465 21.1788460674687
572.471836276389 21.2017971990537
574.601485131357 21.2176321724796
576.739056479551 21.2265586093269
578.88457979339 21.2467937212847
581.038084654929 21.2843665853301
583.199600756274 21.329580561043
585.369157899988 21.3644087385067
587.5467859995 21.3952937935593
589.732515079524 21.4431374918805
591.926375276465 21.5006824033966
594.128396838839 21.5546145041963
596.338610127691 21.5973222148168
598.557045617011 21.6275517297884
600.783733894154 21.6604916694939
603.018705660264 21.7036769968696
605.261991730696 21.7635715048344
607.513623035441 21.8196261206779
609.773630619552 21.868862349082
612.042045643573 21.9134005014923
614.318899383969 21.9513853430585
616.604223233554 21.9705427000969
618.898048701927 21.9741611125088
621.200407415909 21.9618889975296
623.51133111997 21.9404565886615
625.830851676678 21.9271374889654
628.159001067128 21.9316043789062
630.49581139139 21.9282398728758
632.841314868951 21.9334201936617
635.195543839153 21.9380588279729
637.558530761648 21.9326801344426
639.930308216838 21.9238376014474
642.310908906328 21.9100151304242
644.700365653376 21.8997536252724
647.098711403346 21.8822382312996
649.505979224161 21.8607826430511
651.922202306761 21.8379686041752
654.347413965559 21.813672989422
656.781647638899 21.7744202610853
659.224936889521 21.7301193488942
661.677315405021 21.6910762250323
664.138816998315 21.6751479240117
666.609475608108 21.6659222449103
669.089325299358 21.6534139244751
671.578400263749 21.6340868407169
674.076734820163 21.6111467817003
676.584363415148 21.5844840135876
679.101320623398 21.5674953408222
681.627641148229 21.5616512083947
684.163359822055 21.5583858893745
686.708511606871 21.5618342605741
689.263131594734 21.5495471552053
691.827255008246 21.538152763451
694.400917201039 21.5238457987867
696.984153658268 21.4951988792429
699.576999997092 21.4583915632235
702.179491967171 21.4092657523385
704.791665451156 21.3442082996531
707.413556465187 21.2612901569796
710.045201159385 21.1783817803668
712.686635818355 21.100834176759
715.337896861682 21.0298079084154
717.999020844436 20.9718781081013
720.670044457676 20.9206256797696
723.351004528956 20.8847142423008
726.041938022828 20.8666037854054
728.74288204136 20.8407397839847
731.453873824642 20.7916713080896
734.174950751298 20.7180130386772
736.906150339008 20.635667052074
739.647510245018 20.5442318052329
742.399068266665 20.4299594194266
745.160862341893 20.3176909639735
747.932930549781 20.2196824725308
750.715311111065 20.1447263620961
753.508042388666 20.0908739925725
756.311162888217 20.0400408503568
759.124711258597 19.9807696907224
761.948726292463 19.908670531841
764.783246926784 19.8364433857014
767.628312243377 19.7531256555067
770.483961469448 19.6678672620672
773.350233978131 19.584752644493
776.227169289033 19.5057660125453
779.114807068777 19.4215793627117
782.01318713155 19.3316553911439
784.92234943965 19.2404045623886
787.842334104041 19.1501850041217
790.773181384902 19.0661395639364
793.714931692182 18.9708490760845
796.667625586163 18.8706524680256
799.63130377801 18.7828020988941
802.606007130343 18.6992324081025
805.591776657789 18.6123224410304
808.588653527558 18.5309612021613
811.596679060002 18.4533214730754
814.615894729193 18.3951799605963
817.646342163485 18.3480532911516
820.688063146098 18.3124139329078
823.741099615688 18.2603223340264
826.805493666926 18.1929431900941
829.881287551079 18.100452390055
832.968523676594 17.9909717706227
836.06724460968 17.8610713079661
839.177493074898 17.7224386932206
842.299311955746 17.5918580959684
845.432744295255 17.4851416008818
848.577833296579 17.3896270880266
851.734622323592 17.3034094872176
854.903154901485 17.21478032429
858.083474717367 17.1280923937226
861.275625620868 17.0294306715229
864.479651624742 16.9291770697692
867.695596905475 16.8354078615688
870.923505803893 16.7363229282768
874.163422825774 16.6508586974687
877.415392642464 16.5807364321346
880.679460091487 16.5208413591779
883.955670177168 16.4740660414205
887.244068071255 16.4600372804934
890.544699113535 16.449882281991
893.857608812465 16.4150294903251
897.1828428458 16.3843404565145
900.520447061216 16.3590698206987
903.870467476951 16.317606168987
907.232950282432 16.2740462145811
910.607941838916 16.2247738347127
913.99548868013 16.1791877205574
917.395637512907 16.1444243943825
920.808435217838 16.1247386279054
924.233928849912 16.1156483197262
927.672165639167 16.1044254776593
931.12319299134 16.0899104970939
934.587058488525 16.0884570042088
938.063809889823 16.0724159555834
941.553495132005 16.0291151638742
945.056162330171 15.9658172827571
948.571859778412 15.9065300432497
952.100635950479 15.8510619939178
955.64253950045 15.8111351396554
959.197619263401 15.7870045560047
962.765924256078 15.7774591603983
966.347503677575 15.7767667829241
969.942406910009 15.7789860316143
973.550683519207 15.7871227953061
977.172383255382 15.7973510095958
980.807556053824 15.8202600472929
984.456252035586 15.8373452272904
988.118521508177 15.8640374499663
991.794414966255 15.8861998390729
995.483983092322 15.910607168277
999.187276757423 15.9389028859891
1002.90434702185 15.9444188910376
1006.63524513584 15.9465665766868
1010.3800225403 15.9622078977869
1014.13873086747 15.9842195391463
1017.9114219417 16.0030631219046
1021.69814778013 16.0136700342147
1025.49896059337 16.0227989923837
1029.31391278631 16.0519996480538
1033.14305695876 16.071931789903
1036.98644590621 16.1013068825623
1040.84413262056 16.1231863250419
1044.71617029083 16.1734922211361
1048.60261230394 16.236107994667
1052.50351224539 16.2934127546961
1056.41892390001 16.3450543445728
1060.34890125276 16.3896277305196
1064.29349848938 16.434000354309
1068.25276999721 16.4663197313209
1072.22677036593 16.5033813914539
1076.21555438826 16.5220297750559
1080.21917706079 16.5494260043178
1084.23769358469 16.6073802609597
1088.27115936647 16.6690719582471
1092.31963001878 16.7436820694196
1096.38316136114 16.8342739059154
1100.46180942073 16.9317878647264
1104.55563043316 17.0194466079088
1108.66468084322 17.1113625752458
1112.7890173057 17.1721318273935
1116.92869668616 17.2038077219658
1121.08377606168 17.2309859291153
1125.25431272169 17.26440655965
1129.44036416873 17.3012926057704
1133.64198811927 17.3151112858305
1137.85924250447 17.341087277214
1142.09218547102 17.3808405548147
1146.34087538191 17.4288275673454
1150.60537081725 17.4505922995358
1154.88573057506 17.4963511181539
1159.18201367212 17.5406246696804
1163.49427934474 17.5728302468484
1167.8225870496 17.5849360169379
1172.16699646455 17.6125889130065
1176.52756748948 17.6436880566752
1180.90436024707 17.6780047591294
1185.2974350837 17.74281809214
1189.70685257023 17.8213262034284
1194.13267350285 17.8990532768874
1198.5749589039 17.9770985840217
1203.03377002276 18.0456269273825
1207.50916833664 18.0817585687191
1212.00121555147 18.1056384766927
1216.50997360271 18.1483742153645
1221.03550465623 18.1923559369036
1225.57787110919 18.2452620326438
1230.13713559085 18.2979665067902
1234.71336096344 18.3433797966356
1239.30661032308 18.4032550683781
1243.9169470006 18.4680379251863
1248.54443456241 18.5309448317086
1253.18913681141 18.5667919553125
1257.85111778785 18.6060434382492
1262.53044177021 18.6678242497057
1267.22717327611 18.7142562873963
1271.94137706315 18.7228488391119
1276.67311812987 18.7529623975087
1281.42246171659 18.8132225858048
1286.18947330632 18.8927881771097
1290.97421862569 18.9504734901122
1295.77676364585 18.9898644877241
1300.59717458334 19.0118732953529
1305.43551790105 19.0484616953627
1310.29186030912 19.0771331209124
1315.16626876584 19.1003208506579
1320.05881047861 19.119104280331
1324.96955290485 19.164775369502
1329.8985637529 19.2179470598745
1334.84591098301 19.2812876833097
1339.81166280824 19.3333341983307
1344.79588769541 19.3992479813738
1349.79865436604 19.4595635869585
1354.82003179729 19.5332388291673
1359.86008922295 19.5879667216977
1364.91889613434 19.6247974636669
1369.9965222813 19.6624179236081
1375.09303767316 19.7115326937662
1380.20851257966 19.7371940705684
1385.343017532 19.7400817870835
1390.49662332371 19.7588386560508
1395.6694010117 19.759149549437
1400.86142191724 19.7881944984726
1406.07275762689 19.8258800819079
1411.30347999353 19.869730092798
1416.55366113734 19.9082771466397
1421.82337344679 19.9426727972117
1427.11268957965 19.9815808720426
1432.42168246399 20.0206664017957
1437.75042529915 20.0494597511897
1443.09899155681 20.0760039913331
1448.46745498195 20.1060315545328
1453.85588959391 20.121425664796
1459.26436968736 20.1249961624971
1464.69296983337 20.1443728569415
1470.14176488043 20.1853202914185
1475.61082995546 20.2370547314646
1481.10024046487 20.2781355496794
1486.61007209556 20.3444324065361
1492.14040081604 20.3563442442372
1497.69130287738 20.3622341184928
1503.26285481435 20.3630943471778
1508.85513344643 20.3656808002929
1514.46821587884 20.3848436700883
1520.10217950369 20.4262276432923
1525.75710200096 20.488773488178
1531.43306133963 20.525529576211
1537.1301357787 20.5809231336228
1542.84840386835 20.6153145559475
1548.58794445092 20.642572819823
1554.34883666208 20.6871067752936
1560.1311599319 20.6930786463418
1565.93499398592 20.6573026084467
1571.76041884628 20.6322078744763
1577.60751483278 20.6327514621423
1583.47636256406 20.6130215053907
1589.36704295864 20.5671064217747
1595.27963723608 20.5741023712029
1601.21422691806 20.6217784361948
1607.17089382956 20.6528358219666
1613.14972009994 20.6565398797823
1619.15078816409 20.6392289257727
1625.17418076356 20.6593741917518
1631.21998094772 20.6789665628285
1637.28827207488 20.7029779050705
1643.37913781346 20.6923370580653
1649.49266214312 20.7137183666973
1655.62892935595 20.7534485942185
1661.7880240576 20.7821542619364
1667.97003116847 20.8004722163028
1674.17503592487 20.7960453125334
1680.40312388019 20.7864760818934
1686.6543809061 20.7794971889946
1692.9288931937 20.7594928161113
1699.22674725475 20.753431377241
1705.54802992284 20.7479078736881
1711.89282835457 20.7743625757708
1718.26123003079 20.7865600577565
1724.65332275779 20.8173065158134
1731.06919466848 20.8101272797439
1737.50893422366 20.8242874688344
1743.9726302132 20.8394545898966
1750.46037175728 20.8207606088422
1756.97224830763 20.8035546449723
1763.50834964871 20.7953357102409
1770.06876589903 20.7873742815666
1776.65358751231 20.7523382756603
1783.26290527881 20.7140695639614
1789.8968103265 20.6891347488202
1796.55539412237 20.6844444456292
1803.23874847367 20.6745624853015
1809.94696552921 20.6588345883453
1816.68013778055 20.665981252464
1823.43835806337 20.6951007853541
1830.22171955869 20.6970958293329
1837.03031579418 20.6899986089436
1843.86424064544 20.6871376109334
1850.72358833728 20.6954478679699
1857.60845344505 20.7090222750884
1864.51893089594 20.6780642570277
1871.45511597026 20.6162338876867
1878.41710430278 20.6276187734236
1885.40499188403 20.6304054111336
1892.41887506164 20.6304966776602
1899.45885054167 20.5896664346734
1906.52501538993 20.5763321092827
1913.61746703332 20.5308644092483
1920.73630326118 20.4693643806614
1927.88162222663 20.4366377459529
1935.05352244795 20.4054754416638
1942.25210280989 20.3829078037984
1949.47746256507 20.3662888836746
1956.72970133535 20.3257658049065
1964.00891911318 20.3081131391496
1971.315216263 20.3455849780433
1978.6486935226 20.3714790662296
1986.00945200454 20.3911457983718
1993.39759319752 20.4040737845396
2000.8132189678 20.45443525731
2008.25643156057 20.4546184530423
2015.7273336014 20.4523696337193
2023.22602809763 20.4414902401301
2030.75261843979 20.436809777875
2038.30720840305 20.4694727014029
2045.88990214862 20.4719581284897
2053.50080422521 20.4466285243798
2061.14001957043 20.4417248522807
2068.80765351232 20.466550951633
2076.5038117707 20.4929024328421
2084.22860045872 20.4941364439648
2091.98212608424 20.460716469773
2099.76449555137 20.4415054531127
2107.57581616189 20.443298314283
2115.41619561679 20.439798383686
2123.28574201767 20.4580668843198
2131.18456386831 20.4535388983406
2139.11277007613 20.4706801874128
2147.07046995368 20.4777011107937
2155.05777322019 20.4423832013745
2163.07479000302 20.4428612653187
2171.12163083925 20.4146250248673
2179.19840667714 20.391008609542
2187.30522887772 20.3750247535358
2195.44220921625 20.3686008711842
2203.60945988384 20.3715877015742
2211.80709348895 20.3666019654703
2220.03522305895 20.3752194838288
2228.29396204169 20.39233785069
2236.58342430704 20.4178674398463
2244.90372414851 20.4329450987218
2253.25497628476 20.4443266814763
2261.63729586123 20.4694540453135
2270.0507984517 20.4915447845864
2278.49560005991 20.521472911775
2286.97181712113 20.5349176624791
2295.4795665038 20.5331993166886
2304.0189655111 20.5339317255467
2312.59013188261 20.5596104714246
2321.19318379588 20.5800286997547
2329.82823986813 20.600873757406
2338.49541915782 20.5865842521548
2347.19484116633 20.610754123116
2355.9266258396 20.6673508220387
2364.69089356977 20.6714839820452
2373.48776519685 20.6745147609573
2382.3173620104 20.6855182388949
2391.17980575117 20.7409994124453
2400.07521861281 20.7553139585951
2409.00372324354 20.787941237787
2417.96544274784 20.8258060076703
2426.96050068814 20.8536701268407
2435.98902108656 20.8548259724507
2445.05112842657 20.8535330989437
2454.14694765475 20.8806552142845
2463.27660418247 20.8916816625284
2472.44022388765 20.9223746866531
2481.63793311651 20.9131107394026
2490.86985868525 20.9205036048536
2500.13612788187 20.9045125821043
2509.43686846789 20.9258630130534
2518.7722086801 20.9025020802104
2528.14227723234 20.8951435533971
2537.54720331731 20.8953935689005
2546.98711660828 20.9174805606695
2556.46214726094 20.9329871952602
2565.97242591516 20.9111404532064
2575.51808369681 20.9189472480016
2585.09925221956 20.934518630755
2594.7160635867 20.9317131045004
2604.36865039294 20.9160804780071
2614.05714572626 20.8851718303894
2623.78168316975 20.8506223725618
2633.54239680345 20.8683107770047
2643.33942120615 20.8533705821672
2653.17289145733 20.8407783551322
2663.04294313896 20.841840741267
2672.94971233738 20.829790121288
2682.89333564519 20.8408851450497
2692.87395016314 20.834016850258
2702.89169350199 20.8354685200397
2712.94670378444 20.8603361221247
2723.03911964699 20.8530083269121
2733.16908024193 20.8630312794719
2743.33672523916 20.8755378794198
2753.54219482819 20.8768463081658
2763.78562972005 20.8881358937405
2774.06717114922 20.9031506950859
2784.38696087559 20.9464797889186
2794.74514118641 20.9667605756386
2805.14185489824 20.9409293933317
2815.57724535896 20.9188288672659
2826.05145644968 20.9083691213683
2836.56463258679 20.8986912367977
2847.11691872391 20.8730831742982
2857.7084603539 20.8578777825367
2868.33940351088 20.8404539537655
2879.00989477221 20.8076881118545
2889.72008126055 20.7867333944631
2900.47011064586 20.7641336720175
2911.26013114745 20.7381779902004
2922.09029153602 20.7147580067192
2932.9607411357 20.6665533272726
2943.87162982615 20.627792357773
2954.82310804455 20.627648801138
2965.81532678776 20.5771660753374
2976.84843761435 20.5338133799411
2987.9225926467 20.5119915299153
2999.0379445731 20.482944176878
3010.19464664985 20.4491766367883
3021.39285270338 20.4237327028513
3032.63271713238 20.4035646239291
3043.91439490991 20.3896024372526
3055.23804158553 20.3609351995063
3066.60381328749 20.3313445582059
3078.01186672482 20.3214970463581
3089.46235918954 20.2832299718339
3100.95544855881 20.2764969561166
3112.4912932971 20.267282464201
3124.07005245839 20.2642288249865
3135.69188568836 20.2541847305286
3147.35695322657 20.2443713547821
3159.0654159087 20.2090111194165
3170.81743516875 20.2041377598182
3182.61317304128 20.1946240342563
3194.45279216361 20.1656591673931
3206.3364557781 20.1313685948439
3218.26432773439 20.1146031500168
3230.23657249166 20.1184196466593
3242.25335512088 20.0888349170147
3254.3148413071 20.0840092105058
3266.42119735174 20.0736693641426
3278.57259017489 20.0582904579841
3290.76918731757 20.0547199540862
3303.01115694409 20.0498638444191
3315.29866784434 20.0392073521343
3327.63188943612 20.0235938645338
3340.01099176749 20.0148048308408
3352.43614551909 19.9937209449729
3364.90752200653 19.9865779664628
3377.42529318271 19.9814128872809
3389.98963164021 19.9642774232603
3402.60071061369 19.9348700442952
3415.25870398225 19.901815636191
3427.96378627182 19.8852768995689
3440.71613265761 19.853380255523
3453.51591896648 19.8631724935913
3466.36332167938 19.853511748517
3479.25851793381 19.8338413649439
3492.20168552621 19.8322943977779
3505.19300291445 19.7983897274028
3518.23264922029 19.7743778537463
3531.32080423182 19.7687015580256
3544.45764840598 19.7864893309095
3557.64336287101 19.7861385107258
3570.87812942896 19.780124684444
3584.16213055823 19.7689876395009
3597.49554941602 19.7588482328539
3610.87856984091 19.7682608910353
3624.31137635539 19.7674788587817
3637.79415416837 19.7558193511353
3651.32708917776 19.7569503734743
3664.91036797302 19.7558460261903
3678.54417783777 19.7664317994698
3692.2287067523 19.7492581077888
3705.96414339624 19.7615470385168
3719.75067715111 19.7400456335255
3733.58849810294 19.7317563585577
3747.47779704492 19.7489967131113
3761.41876547999 19.7273750361556
3775.4115956235 19.7285995461151
3789.45648040586 19.7016087778445
3803.55361347522 19.6791288019804
3817.70318920008 19.6670187554042
3831.90540267205 19.6372149013319
3846.16044970847 19.6239586395683
3860.46852685515 19.6389942447522
3874.82983138907 19.6579971279199
3889.24456132109 19.6390953948552
3903.7129153987 19.6280441019286
3918.23509310874 19.6125450286754
3932.81129468018 19.596326791463
3947.44172108682 19.561639667369
3962.12657405015 19.5370920625394
3976.86605604205 19.5173795990505
3991.66037028761 19.4906254358073
4006.50972076797 19.4609890877728
4021.41431222307 19.458698268488
4036.37435015451 19.4474180403826
4051.39004082838 19.4161073773139
4066.46159127809 19.3708441230766
4081.58920930724 19.342151484629
4096.77310349248 19.3178327850121
4112.01348318638 19.3018819872791
4127.31055852032 19.2850284368119
4142.6645404074 19.2576160615775
4158.07564054532 19.2695712709882
4173.54407141932 19.2972698917564
4189.07004630512 19.3059444188393
4204.65377927183 19.3042697937945
4220.29548518492 19.2941970126061
4235.99537970918 19.279594630975
4251.7536793117 19.2816581429421
4267.57060126484 19.2759609939738
4283.44636364922 19.2960815099018
4299.38118535678 19.2890301467597
4315.37528609372 19.2933062967503
4331.42888638358 19.306459380773
4347.54220757028 19.3022325576104
4363.71547182114 19.2883889448381
4379.94890212999 19.2581253389167
4396.24272232018 19.2613220031974
4412.59715704774 19.2549076123076
4429.01243180443 19.2362458061982
4445.48877292084 19.2140903358652
4462.02640756957 19.1584529460549
4478.62556376828 19.1413783797237
4495.28647038291 19.1363144378122
4512.0093571308 19.1155013041103
4528.79445458383 19.0945662803802
4545.64199417167 19.0426238143161
4562.5522081849 19.0186977921843
4579.52532977826 19.000307148936
4596.56159297383 18.9859408622263
4613.6612326643 18.9685132416736
4630.82448461615 18.9261193990625
4648.05158547297 18.9357317918268
4665.34277275865 18.9240226750194
4682.69828488072 18.9179439311779
4700.11836113359 18.9084584050244
4717.60324170188 18.8814755019859
4735.15316766371 18.8858375170613
4752.76838099403 18.87888915225
4770.44912456798 18.9014700642634
4788.1956421642 18.9035835077575
4806.00817846821 18.914827269737
4823.88697907579 18.9070893318762
4841.83229049635 18.9207647488774
4859.84436015636 18.9067609464119
4877.92343640271 18.8737393253215
4896.06976850618 18.8892650128465
4914.28360666486 18.8794708706792
4932.5652020076 18.8640443812195
4950.91480659747 18.8570481231356
4969.33267343524 18.8527812767972
4987.81905646287 18.8505060807963
5006.374210567 18.8728524167147
5024.99839158248 18.8819197910691
5043.69185629588 18.9028472473135
5062.45486244905 18.9034442833116
5081.28766874266 18.8819236550278
5100.19053483977 18.876480140686
5119.16372136941 18.8833504169647
5138.20748993018 18.8891181856315
5157.32210309384 18.8728753514797
5176.50782440896 18.8705635061264
5195.76491840452 18.8690242941508
5215.09365059358 18.8797416136842
5234.49428747691 18.8545491280631
5253.96709654673 18.8175033336162
5273.51234629033 18.8181573519953
5293.1303061938 18.840085910867
5312.82124674575 18.865184730097
5332.58543944101 18.8508968423826
5352.42315678444 18.8334504780766
5372.3346722946 18.8281951131598
5392.32026050759 18.7823563812351
5412.38019698081 18.7484267313286
5432.51475829674 18.7420995330394
5452.72422206679 18.700065381964
5473.00886693511 18.6537799703869
5493.36897258242 18.6503525062635
5513.80481972988 18.661306135523
5534.31669014299 18.6232627837714
5554.9048666354 18.6013944565151
5575.56963307287 18.5515732596664
5596.31127437719 18.5436095020203
5617.13007653004 18.5334356808967
5638.02632657703 18.5182934101107
5659.00031263156 18.5063134241166
5680.05232387887 18.5080261008393
5701.18265057998 18.5020046508516
5722.39158407572 18.5193996286288
5743.67941679072 18.5171203325112
5765.04644223748 18.5142955821779
5786.49295502037 18.5159053645873
5808.01925083973 18.5286501685439
5829.62562649593 18.5166911050024
5851.31237989346 18.5005780157085
5873.07981004505 18.4917524948991
5894.92821707578 18.4789161714854
5916.85790222723 18.5105285530444
5938.86916786162 18.5334720605
5960.96231746598 18.5329399129293
5983.13765565636 18.5117588421293
6005.395488182 18.4987526054438
6027.73612192954 18.4837609718507
6050.1598649273 18.4562626094703
6072.66702634946 18.4586543707964
6095.25791652038 18.4369448762702
6117.93284691885 18.4183899753654
6140.69213018238 18.3888550214696
6163.53608011154 18.3928222564896
6186.46501167426 18.384841787268
6209.47924101016 18.3668287592911
6232.57908543496 18.3513507950879
6255.7648634448 18.3683299774506
6279.03689472068 18.3656959776193
6302.39550013281 18.3342189892115
6325.84100174511 18.3161601337701
6349.37372281957 18.3073231778914
6372.99398782075 18.2724077571943
6396.70212242028 18.2875346971753
6420.49845350128 18.2998694951063
6444.38330916293 18.3397731830023
6468.35701872496 18.3537673313698
6492.4199127322 18.335809714452
6516.57232295915 18.3381080766728
6540.81458241452 18.3439864040813
6565.14702534586 18.3238582634789
6589.56998724415 18.3249547841095
6614.08380484842 18.2945673302837
6638.68881615042 18.2796727125244
6663.38536039924 18.2574500754048
6688.17377810601 18.2508621348508
6713.05441104861 18.2370871652125
6738.02760227635 18.2271386106447
6763.09369611472 18.2133465109176
6788.25303817014 18.2199251211282
6813.5059753347 18.2650870234801
6838.85285579099 18.2423516855744
6864.29402901684 18.2553539658646
6889.82984579019 18.2670019999311
6915.4606581939 18.2608795127055
6941.18681962062 18.2604007756628
6967.00868477764 18.2373486494455
6992.92660969181 18.2129346332857
7018.94095171442 18.2398300417858
7045.05206952614 18.2589033746802
7071.26032314197 18.2686042625558
7097.56607391621 18.2625329935288
7123.96968454742 18.2296906039218
7150.47151908342 18.1919252772659
7177.07194292636 18.1940936439509
7203.77132283768 18.1843929876595
7230.57002694323 18.1998864329007
7257.46842473831 18.2145709006789
7284.46688709279 18.1982935963275
7311.5657862562 18.1714345327706
7338.76549586288 18.1869410733651
7366.06639093713 18.19374847031
7393.46884789835 18.2021751390137
7420.97324456628 18.2017916432882
7448.57996016619 18.1687318304502
7476.28937533407 18.1365835314224
7504.10187212195 18.1142140869093
7532.0178340031 18.1060295785078
7560.03764587737 18.1047592148834
7588.16169407645 18.1039295748285
7616.39036636925 18.1252307643263
7644.72405196718 18.1221695020837
7673.16314152958 18.1308288900224
7701.70802716907 18.1475372607188
7730.35910245697 18.1907863164807
7759.11676242871 18.1847705910864
7787.98140358931 18.1879520370358
7816.95342391881 18.2154977908744
7846.03322287777 18.2255401364692
7875.22120141279 18.1891632053018
7904.51776196203 18.181255428872
7933.92330846076 18.1953525393041
7963.4382463469 18.1885433727151
7993.06298256668 18.161687856123
8022.79792558017 18.1763667906189
8052.64348536698 18.1701641226562
8082.60007343185 18.1573143109089
8112.66810281039 18.1253126944642
8142.84798807473 18.1004353856861
8173.14014533922 18.1076564702805
8203.54499226624 18.0773753232
8234.06294807188 18.0389535348438
8264.69443353176 18.0221480417261
8295.43987098684 17.9936604265915
8326.29968434921 18.0270861278323
8357.27429910795 18.0222206295964
8388.36414233502 18.012483632901
8419.56964269112 17.9949855811368
8450.89123043159 17.9950561515091
8482.32933741237 18.002746466674
8513.88439709597 17.9873411067084
8545.55684455738 17.9695337770493
8577.34711649014 17.9472465661361
8609.25565121232 17.9483127524568
8641.28288867257 17.9650038037106
8673.42927045619 17.9728812151335
8705.69523979124 17.9670162332849
8738.0812415546 17.9420528497108
8770.58772227814 17.9435329360746
8803.2151301549 17.9679165758654
8835.96391504519 17.9778709131129
8868.83452848289 17.9586413047668
8901.82742368161 17.9662361865442
8934.94305554094 17.9748877686698
8968.18188065276 17.9934826684157
9001.54435730751 18.004400243986
9035.03094550052 18.0036449500926
9068.64210693833 17.9985066179205
9102.37830504507 17.9646490014141
9136.24000496888 17.9467278738724
9170.22767358826 17.9420757561132
9204.34177951857 17.9488449062304
9238.58279311844 17.9575175696239
9272.9511864963 17.958015454285
9307.44743351684 17.9871940911796
9342.07200980759 17.9933490299271
9376.82539276547 18.0076293984901
9411.70806156333 18.0083275111578
9446.72049715662 18.0258997839039
9481.86318228997 18.0308494428752
9517.13660150386 18.0319309198739
9552.54124114133 18.0501308125988
9588.07758935464 18.0451737906447
9623.74613611202 18.0569324277705
9659.54737320446 18.0387365860566
9695.48179425241 18.0269675411115
9731.54989471268 17.9793833874704
9767.75217188519 17.946807917066
9804.08912491989 17.9560488169994
9840.5612548236 17.935079728734
9877.16906446693 17.903991675219
9913.91305859123 17.8966045434515
9950.79374381551 17.8693048058576
9987.81162864349 17.85837365517
10024.9672234705 17.8630275347297
10062.2610405907 17.8597201399679
10099.6935942039 17.8484342062012
10137.265400423 17.8097803514659
10174.9769772805 17.8003976115409
10212.8288447364 17.7765886011867
10250.8215246849 17.7635516077204
10288.9555409616 17.7466999793874
10327.231419351 17.7213192157916
10365.6496875932 17.7344265019915
10404.210875392 17.7349300376426
10442.9155144215 17.7454315641646
10481.7641383337 17.7180344963088
10520.7572827658 17.697345431341
10559.8954853477 17.6709156187799
10599.1792857094 17.6513483137749
10638.6092254881 17.6276055280944
10678.1858483363 17.5925483846017
10717.9096999286 17.5944213652431
10757.7813279699 17.6012954283334
10797.8012822023 17.5793383341919
10837.9701144131 17.574205276428
10878.2883784424 17.5615328222306
10918.7566301905 17.5405408017193
10959.3754276259 17.5330638801319
11000.1453307925 17.5322628055958
11041.0669018179 17.5461443226113
11082.1407049206 17.5380000408139
11123.3673064183 17.5040187696153
11164.7472747353 17.4991720985101
11206.2811804106 17.4764213942489
11247.9695961055 17.4763317110954
11289.8130966117 17.4745979466221
11331.8122588594 17.4744281778527
11373.9676619248 17.4591598913884
11416.2798870383 17.4661292394513
11458.7495175926 17.4400160889162
11501.3771391508 17.4407748811462
11544.1633394541 17.4324053358044
11587.1087084304 17.4094101944474
11630.213838202 17.3702373767563
11673.4793230941 17.3570328273901
11716.9057596427 17.3100889641283
11760.4937466031 17.2969170805189
11804.2438849579 17.2543985939577
11848.1567779254 17.2252104874665
11892.2330309682 17.2033502490517
11936.473251801 17.1820661467109
11980.8780503993 17.1672781829444
12025.4480390078 17.1278993491039
12070.1838321489 17.1197813521752
12115.0860466309 17.0930919488047
12160.1553015568 17.086530682384
12205.3922183327 17.081647911688
12250.7974206764 17.0702420361398
12296.371534626 17.065278488521
12342.1151885484 17.0115871966332
12388.0290131483 17.0222758587536
12434.1136414765 17.0262088642746
12480.3697089389 17.024505630239
12526.7978533051 17.0215187073428
12573.3987147173 17.0233172056856
12620.1729356991 17.0011958545775
12667.1211611643 16.9716682034711
12714.244038426 16.943803847551
12761.5422172051 16.9793242794943
12809.0163496398 16.9664097516317
12856.667090294 16.9430770519723
12904.495096167 16.9258365706735
12952.5010267019 16.946697238442
13000.6855437952 16.9498958585606
13049.0493118056 16.939851663895
13097.5929975632 16.9301376335654
13146.317270379 16.9299831393939
13195.2228020538 16.9173278614763
13244.3102668874 16.9108143223617
13293.5803416882 16.9169710321619
13343.0337057825 16.8842891004477
13392.6710410235 16.8885287774992
13442.4930318013 16.8723621796783
13492.5003650516 16.8359984931155
13542.6937302658 16.830228653219
13593.0738195003 16.809576197908
13643.6413273859 16.7761442086423
13694.3969511376 16.7383954518507
13745.3413905639 16.7123510526707
13796.4753480769 16.6573336294753
13847.7995287016 16.6244432307325
13899.3146400859 16.5834101792717
13951.02139251 16.5602798872098
14002.9204988965 16.5347673469209
14055.0126748202 16.501735700226
14107.2986385179 16.4794045302933
14159.7791108982 16.4219362384314
14212.4548155516 16.3937474699638
14265.3264787606 16.3902910745444
14318.3948295092 16.3662221563142
14371.6605994936 16.3260650309529
14425.1245231318 16.3221493115947
14478.7873375739 16.295240432808
14532.6497827125 16.3024462709145
14586.7126011923 16.2886219763388
14640.9765384209 16.2772960713006
14695.442342579 16.2588615553402
14750.1107646304 16.2274739253513
14804.9825583328 16.1893806044911
14860.0584802475 16.1727581366097
14915.3392897509 16.1623514000605
14970.8257490437 16.1350614716137
15026.5186231627 16.1306685966386
15082.4186799901 16.0952245484118
15138.5266902652 16.0688187938112
15194.8434275942 16.0249369267774
15251.3696684613 15.9861434195686
15308.1061922393 15.9546967952807
15365.0537812003 15.8895339723349
15422.2132205266 15.8698450963346
15479.5852983214 15.8188141529028
15537.1708056196 15.7975616796996
15594.9705363991 15.7296630906961
15652.9852875913 15.6831150567251
15711.2158590922 15.638404820134
15769.6630537736 15.5992050386218
15828.327677494 15.5157257714199
15887.2105391099 15.4593957890401
15946.3124504865 15.4330854635902
16005.6342265097 15.3883003775658
16065.1766850963 15.3179074191819
16124.9406472063 15.2663418844883
16184.9269368535 15.1896540927182
16245.1363811172 15.1031994890341
16305.5698101534 15.0153203291235
16366.2280572065 14.958023503501
16427.1119586206 14.8819676759761
16488.2223538509 14.80241910171
16549.5600854758 14.7027576300053
16611.1259992079 14.6089911657215
16672.9209439061 14.530414809373
16734.9457715869 14.436453296424
16797.2013374366 14.3656823609888
16859.6884998228 14.2749142163557
16922.4081203063 14.1934233785848
16985.3610636531 14.1332438131428
17048.5481978459 14.0347099577803
17111.9703940967 13.9469665980059
17175.6285268585 13.8726286541945
17239.523473837 13.781192719352
17303.6561160034 13.6751596754769
17368.027337606 13.592807777621
17432.6380261827 13.5029744526107
17497.489072573 13.3951534617115
17562.5813709306 13.2727110862923
17627.9158187353 13.1935226915037
17693.4933168058 13.0926039952412
17759.3147693119 12.9918484033082
17825.3810837868 12.8787449188944
17891.6931711401 12.8315106776547
17958.2519456698 12.7767648758106
18025.0583250755 12.7328855368596
18092.1132304703 12.6871900903875
18159.4175863943 12.6455585933085
18226.9723208268 12.5878584860354
18294.7783651994 12.5103865758207
18362.8366544084 12.4548095291968
18431.1481268284 12.3964770104022
18499.7137243246 12.327516751704
18568.5343922661 12.2650811437829
18637.6110795389 12.2096330727057
18706.9447385587 12.1476226208278
18776.5363252847 12.0804098058726
18846.3867992321 12.0149239493428
18916.4971234854 11.9279424657939
18986.8682647123 11.8539075512746
19057.5011931763 11.7942263336742
19128.3968827505 11.7186151855818
19199.5563109307 11.6568654055013
19270.9804588494 11.5798101531785
19342.6703112886 11.539842140176
19414.6268566943 11.4540015415206
19486.851087189 11.3899578486713
19559.3439985865 11.3059146103235
19632.1065904049 11.2274627097007
19705.1398658807 11.1445158981006
19778.4448319822 11.0561433852193
19852.0224994243 10.9897097458724
19925.8738826813 10.9282922744751
20000.0000000017 10.9282922744751
