36.9393112981711 0
48.2781065300423 5.18204174359189
50.6657258374805 4.54320291401494
53.1714261213071 3.60186531349725
55.8010471386984 2.53743778936824
58.5607174551122 1.2376403601498
61.4568687274545 -0.334119211632787
64.4962506936269 -2.299106790064
67.6859469033913 -4.0567539365016
71.0333912272113 -5.71763456448646
74.5463851815488 -6.95015446320132
78.2331161109905 -7.84708829709443
82.1021762695827 -8.25022583987598
86.1625828458423 -8.13673281491126
90.4237989781166 -7.58363568761832
94.8957558092676 -6.59466057779156
99.5888756320832 -5.54102479869572
104.514096179357 -4.50309837981638
109.682896115245 -3.7412135146347
115.107321787315 -3.06981269437373
120.800015301628 -2.79683973483632
126.774243986291 -2.50768052265377
133.043931312143 -2.59904381499798
139.623689342642 -2.90454869049334
146.528852788578 -3.08749711795966
153.775514746977 -3.66608669002535
161.380564207495 -3.91020877659286
169.36172541371 -3.95277268095355
177.737599171045 -4.01036466615257
186.5277061976 -4.13396606612815
195.752532618918 -4.0505632528221
205.433577712722 -4.18461858584954
215.593404014895 -4.4845545563564
226.255689903467 -4.73712349208906
237.44528478319 -5.17417191283051
249.188266999274 -5.61863516478857
261.512004615294 -6.31372874976348
274.445219196894 -6.22686616401845
288.018052749942 -6.99690970524266
302.262137969162 -7.09054546012116
317.210671960934 -7.19324209771574
332.898493612101 -6.80405775645915
349.362164785094 -6.58136648929178
366.640055528597 -5.33012550771041
384.772433502359 -4.68526396421824
403.801557824551 -3.95265169010394
423.771777560397 -3.28787277039713
444.72963508161 -2.72313217009587
466.723974537529 -2.49413910949275
489.806055690746 -2.18292213843072
514.029673382538 -2.0135050975491
539.451282906527 -1.88683766112308
566.130131582757 -1.70530490788732
594.128396838839 -1.72570782028377
623.51133111997 -1.63465760439818
654.347413965559 -1.55712289909318
686.708511606871 -1.44287578632118
720.670044457676 -1.16488622968418
756.311162888217 -0.695469589995179
793.714931692182 0.288105026021819
832.968523676594 1.23373384431282
874.163422825774 2.22325876403682
917.395637512907 3.02787428872282
962.765924256078 3.27357966604782
1010.3800225403 2.83742444229882
1060.34890125276 2.08729307729682
1112.7890173057 1.10717004191682
1167.8225870496 0.127882486432818
1225.57787110919 -0.697333483408182
1286.18947330632 -1.37409090583718
1349.79865436604 -1.83931967860318
1416.55366113734 -2.10470315516318
1486.61007209556 -2.33895891434318
1560.1311599319 -2.50718326980418
1637.28827207488 -2.62751773650518
1718.26123003079 -2.67551103824318
1803.23874847367 -2.72825726156018
1892.41887506164 -2.78587698383318
1986.00945200454 -2.92763697436218
2084.22860045872 -3.08335138194918
2187.30522887772 -3.25321681718218
2295.4795665038 -3.52087556708018
2409.00372324354 -3.75868670170618
2528.14227723234 -3.87532263090318
2653.17289145733 -4.02195076654318
2784.38696087559 -4.07279649532418
2922.09029153602 -3.95891421748918
3066.60381328749 -3.80504801799618
3218.26432773439 -3.54302959272518
3377.42529318271 -3.23207768493918
3544.45764840598 -2.86399292814918
3719.75067715111 -2.58473944867718
3903.7129153987 -2.28274503282018
4096.77310349248 -2.04958744936218
4299.38118535678 -1.94941561398918
4512.0093571308 -1.71466147313318
4735.15316766371 -1.38193532980418
4969.33267343524 -1.27795636989418
5215.09365059358 -1.05867866480418
5473.00886693511 -0.622891560588182
5743.67941679072 -0.36666515966318
6027.73612192954 -0.31074449246418
6325.84100174511 -0.053060279919182
6638.68881615042 -0.00171934767418104
6967.00868477764 -0.174470373379182
7311.5657862562 -0.301015676543179
7673.16314152958 -0.244579328511181
8052.64348536698 -0.235616913840181
8450.89123043159 -0.143387134023181
8868.83452848289 -0.180007047446181
9307.44743351684 -0.355342871675179
9767.75217188519 -0.59984516820518
10250.8215246849 -0.783695044173181
10757.7813279699 -0.90125925624618
11289.8130966117 -0.982418428853182
11848.1567779254 -1.00103587403618
12434.1136414765 -1.04032903371718
13049.0493118056 -1.23058985588018
13694.3969511376 -1.34313075782818
14371.6605994936 -1.43082760845018
15082.4186799901 -1.33655434502518
15828.327677494 -0.995650235015179
16611.1259992079 -0.366846969974182
17432.6380261827 0.772920770450818
18294.7783651994 1.73044127419482
19199.5563109307 2.42811752607182
