10 4.76416311071049
10.0372009367102 4.76828366103275
10.0745402643896 4.77237101668991
10.1120184978655 4.77642524049063
10.1496361538807 4.78044454478717
10.1873937510998 4.78442849459125
10.2252918101175 4.78837592935511
10.2633308534646 4.79228607803308
10.3015114056161 4.79615778325763
10.3398339929981 4.79999030088401
10.3782991439948 4.80378240734293
10.4169073889563 4.80753315861373
10.4556592602056 4.8112421322881
10.4945552920458 4.81490769085609
10.5335960207679 4.81852923303611
10.5727819846578 4.82210599635929
10.6121137240039 4.82563671410896
10.6515917811047 4.82912093463503
10.6912167002759 4.83255701913034
10.7309890278581 4.83594469485648
10.7709093122244 4.83928317447453
10.8109781037879 4.84257163119996
10.8511959550093 4.8458088724951
10.8915634204045 4.84899391879267
10.9320810565522 4.8521262198369
10.9727494221018 4.85520475932753
11.0135690777806 4.85822928264436
11.0545405864021 4.86119881333361
11.0956645128736 4.86411234550014
11.1369414242037 4.86696924024842
11.1783718895104 4.86976868812817
11.2199564800288 4.87251035359009
11.2616957691193 4.87519294112223
11.3035903322749 4.87781597097593
11.3456407471298 4.88037890298156
11.3878475934668 4.8828805767993
11.4302114532258 4.88532070451572
11.4727329105113 4.8876987407219
11.515412551601 4.89001350210633
11.5582509649534 4.89226496514173
11.6012487412161 4.89445203511872
11.6444064732342 4.89657410338314
11.6877247560581 4.89863051199327
11.7312041869517 4.90062113656125
11.774845365401 4.90254477759602
11.818648893122 4.90440111752949
11.8626153740693 4.90618951302508
11.9067454144441 4.90790926165981
11.9510396227028 4.90956004332811
11.9954986095653 4.91114109104986
12.0401229880234 4.91265192546902
12.0849133733495 4.91409237736475
12.1298703831044 4.91546119011947
12.1749946371469 4.91675865496409
12.2202867576412 4.91798383925689
12.2657473690664 4.91913655982475
12.3113770982243 4.92021583142473
12.3571765742489 4.92122162924951
12.4031464286144 4.92215336331126
12.4492872951442 4.92301064626813
12.4955998100196 4.92379313472637
12.5420846117884 4.92450023163298
12.5887423413741 4.9251320580033
12.6355736420843 4.92568756441616
12.6825791596199 4.92616683883772
12.7297595420838 4.92656927893232
12.7771154399899 4.92689450010491
12.8246475062721 4.92714247108787
12.8723563962932 4.92731232513346
12.9202427678541 4.92740432516243
12.9683072812028 4.92741790778
13.0165505990434 4.9273529746702
13.0649733865454 4.92720880375849
13.1135763113527 4.9269856193405
13.162360043593 4.92668289621546
13.2113252558868 4.92630049491451
13.260472623357 4.92583818981314
13.3098028236379 4.92529589241416
13.3593165368846 4.92467329786901
13.4090144457825 4.92397032081257
13.4588972355569 4.92318689267471
13.5089655939818 4.9223227516585
13.5592202113899 4.92137805970052
13.6096617806823 4.92035266925393
13.6602909973373 4.9192465224855
13.7111085594207 4.91805983226372
13.7621151675953 4.91679250690121
13.8133115251301 4.9154442175649
13.8646983379105 4.91401539130588
13.9162763144479 4.91250557949341
13.9680461658894 4.91091530487062
14.0200086060276 4.90924451628957
14.0721643513105 4.90749334839479
14.1245141208514 4.90566176490763
14.1770586364386 4.90376442758717
14.2297986225456 4.90178708781462
14.2827348063412 4.89972997600682
14.3358679176991 4.89759313047045
14.3891986892083 4.89537666217992
14.442727856183 4.89308104425208
14.496456156673 4.89070606222107
14.5503843314737 4.88825221774665
14.6045131241361 4.88571935835165
14.6588432809775 4.88310788367725
14.7133755510915 4.88041824933053
14.7681106863584 4.87765043171543
14.8230494414556 4.87480487128575
14.8781925738679 4.87188164168183
14.9335408438982 4.86888106151187
14.9890950146774 4.8658033854556
15.0448558521758 4.86264885141776
15.1008241252129 4.85941799884617
15.1570006054682 4.8561110336787
15.2133860674922 4.85272831027758
15.2699812887167 4.84927006525131
15.3267870494654 4.84573661800072
15.3838041329651 4.84212822495249
15.4410333253564 4.83844526669773
15.498475415704 4.8346883092144
15.5561311960084 4.83085756638094
15.6140014612162 4.82695350847335
15.6720870092313 4.82297626062011
15.730388640926 4.81892640272335
15.7889071601517 4.8148044212141
15.8476433737505 4.81061052235998
15.9065980915658 4.80634521215628
15.9657721264536 4.80200876481778
16.0251662942941 4.79760176296179
16.0847814140026 4.79312460234257
16.1446183075405 4.78857761300792
16.2046777999274 4.78396150490775
16.2649607192518 4.77927658793488
16.3254678966828 4.77452331358042
16.3862001664817 4.76970195861338
16.447158366013 4.76481340842164
16.5083433357566 4.75985794281969
16.569755919319 4.7548360426874
16.6313969634448 4.74974813960932
16.6932673180286 4.74459481130629
16.7553678361271 4.73937665247722
16.8176993739698 4.73409406866564
16.880262790972 4.72874759249124
16.9430589497458 4.72333797289598
17.0060887161124 4.71786557374085
17.069352959114 4.71233115578805
17.1328525510256 4.70673502213905
17.1965883673671 4.70107799939739
17.2605612869157 4.69536063767781
17.3247721917173 4.68958364596361
17.3892219670996 4.68374729701646
17.4539115016833 4.677852674332
17.5188416873952 4.67190024740161
17.5840134194801 4.66589073752742
17.649427596513 4.65982497045127
17.7150851204118 4.65370317793129
17.7809868964498 4.64752641078316
17.8471338332678 4.64129499374398
17.9135268428867 4.63501007103901
17.9801668407205 4.62867207527835
18.0470547455885 4.62228178075272
18.1141914797281 4.61584012358668
18.1815779688074 4.60934758032447
18.2492151419383 4.60280516994907
18.3171039316889 4.59621369070293
18.3852452740965 4.58957369569626
18.4536401086808 4.5828862137172
18.5222893784564 4.5761518742342
18.5911940299459 4.56937162072549
18.6603550131934 4.56254622560355
18.7297732817769 4.55567658672321
18.799449792822 4.54876351965879
18.8693855070149 4.54180790260583
18.9395813886156 4.53481069102347
19.0100384054711 4.52777251626302
19.0807575290291 4.52069434429711
19.151739734351 4.51357723615769
19.2229860001258 4.50642189310406
19.2944973086829 4.4992293971746
19.3662746460064 4.49200062238189
19.4383190017482 4.48473614615197
19.5106313692418 4.47743700516121
19.5832127455161 4.47010435641601
19.6560641313089 4.46273883244859
19.7291865310809 4.45534147497134
19.8025809530295 4.44791336439112
19.8762484091027 4.44045532549291
19.950189915013 4.43296832480099
20.0244064902514 4.42632549071704
20.0988991581017 4.41960538893001
20.1736689456542 4.41280856780969
20.2487168838201 4.40593560451155
20.3240440073458 4.39898700324124
20.3996513548271 4.39196368715816
20.4755399687231 4.38486591444507
20.5517108953714 4.37769438051614
20.6281651850019 4.37044959257055
20.7049038917513 4.36313256740041
20.7819280736781 4.3557437462535
20.8592387927765 4.34828369625573
20.9368371149918 4.34075335285983
21.0147241102344 4.33315354529071
21.092900852395 4.32548449404638
21.1713684193594 4.31774736838658
21.2501278930231 4.30994263892728
21.3291803593062 4.30207131511473
21.4085269081689 4.29413418557684
21.4881686336258 4.28613168167314
21.5681066337615 4.27806475430378
21.6483420107456 4.26993373079388
21.7288758708478 4.26173996568129
21.8097093244533 4.25348397759907
21.8908434860779 4.24516698626077
21.9722794743837 4.23678927470439
22.0540184121942 4.22835199528782
22.1360614265099 4.21985567563279
22.2184096485239 4.21130134864988
22.3010642136375 4.20268992087331
22.3840262614756 4.19402216997998
22.4672969359028 4.18529887432698
22.5508773850389 4.17652084721058
22.6347687612749 4.16768893278849
22.7189722212887 4.1588042763905
22.8034889260611 4.149867330666
22.8883200408921 4.140879256024
22.9734667354164 4.13184082694222
23.0589301836202 4.12275291494925
23.1447115638567 4.11361619669991
23.230812058863 4.10443204583653
23.3172328557757 4.09520084934703
23.4039751461482 4.08592382255639
23.491040125966 4.07660152266541
23.5784289956642 4.06723494734297
23.6661429601435 4.05782507814329
23.754183228787 4.0483728301317
23.8425510154766 4.03887857366813
23.9312475386102 4.02934376174872
24.0202740211181 4.01976912417939
24.1096316904802 4.01015527220351
24.1993217787425 4.00050334166651
24.2893455225345 3.99081411253449
24.3797041630861 3.98108847916997
24.4703989462445 3.97132688458763
24.5614311224917 3.96153010933086
24.6528019469616 3.95169930663894
24.7445126794573 3.94183513771246
24.8365645844686 3.93193826173706
24.9289589311891 3.92200917908086
25.0216969935341 3.91204878870066
25.1147800501579 3.90205756540943
25.2082093844715 3.89203606648176
25.3019862846603 3.88198506017924
25.3961120437021 3.87190475302391
25.4905879593843 3.86179593813407
25.5854153343225 3.85165883715988
25.6805954759781 3.8414939785869
25.7761296966763 3.83130201661641
25.8720193136242 3.8210827633602
25.9682656489293 3.81083666034673
26.0648700296171 3.80056433001067
26.1618337876502 3.7902658043168
26.2591582599459 3.7799414688512
26.356844788395 3.76959169061386
26.4548947198803 3.75921666660523
26.5533094062951 3.74881657976268
26.6520902045621 3.73839175358317
26.7512384766515 3.72794233761141
26.8507555896003 3.71746867105972
26.9506429155313 3.70697108054707
27.0509018316712 3.69644976778478
27.1515337203705 3.68590500438686
27.2525399691221 3.67533713333976
27.3539219705804 3.66474609324656
27.4556811225806 3.65413220765128
27.5578188281582 3.64349569029832
27.6603364955679 3.63283664881779
27.7632355383033 3.62215549397403
27.8665173751163 3.61145247068607
27.9701834300368 3.60072785516772
28.0742351323921 3.58998178930227
28.1786739168268 3.57921442412633
28.2835012233224 3.56841338289019
28.3887184972175 3.5575785276603
28.4943271892273 3.5467096950295
28.6003287554639 3.53580713250658
28.7067246574561 3.52487068108862
28.81351636217 3.51390011003876
28.9207053420286 3.50289557021114
29.0282930749329 3.49185689742466
29.1362810442814 3.48078441222084
29.2446707389912 3.46967811177408
29.3534636535184 3.4585378052105
29.4626612878783 3.44736383862996
29.5722651476666 3.4361561252438
29.6822767440801 3.42491433627839
29.7926975939372 3.4136393253168
29.9035292196989 3.40233073426695
30.0147731494902 3.3909891048342
30.1264309171207 3.37961428289126
30.2385040621058 3.36820635544591
30.3509941296883 3.35676563290535
30.4639026708593 3.34529216360686
30.5772312423796 3.33378625284504
30.6909814068016 3.32224797286014
30.8051547324904 3.31067777569838
30.9197527936455 3.29907570944857
31.0347771703225 3.28744184901807
31.1502294484553 3.27577652891681
31.2661112198773 3.26407972861251
31.3824240823437 3.25235191789473
31.4991696395536 3.24059303598225
31.616349501172 3.22880302367536
31.733965282852 3.21698226678644
31.852018606257 3.20513084388037
31.9705110990833 3.19324881837921
32.0894443950822 3.18133612177083
32.2088201340828 3.16939327960094
32.3286399620146 3.15742013049436
32.4489055309299 3.14541675375738
32.569618499027 3.13338307425971
32.6907805306726 3.12131968147929
32.8123932964254 3.10922606013846
32.9344584730584 3.09710244180017
33.0569777435824 3.08494876250976
33.1799527972693 3.07276517330364
33.3033853296751 3.06055181748063
33.4272770426635 3.04830851729422
33.5516296444293 3.03603549011424
33.6764448495218 3.0237331035311
33.8017243788689 3.01140114662122
33.9274699598002 2.99903977896986
34.0536833260713 2.98664912506563
34.1803662178875 2.97422938845211
34.3075203819277 2.9617805755429
34.4351475713689 2.94930265911102
34.5632495459097 2.93679558584019
34.6918280717952 2.92425979864264
34.8208849218411 2.91169534545379
34.9504218754581 2.89910198412929
35.0804407186764 2.88647973106105
35.2109432441705 2.87382885324504
35.3419312512837 2.86114927736907
35.4734065460531 2.8484411674181
35.6053709412345 2.83570482173408
35.7378262563273 2.82294008676669
35.8707743175993 2.81014740273223
36.0042169581128 2.79732700328179
36.1381560177486 2.78447892268411
36.2725933432325 2.77160352371643
36.40753078816 2.75870096943408
36.5429702130224 2.74577153510279
36.6789134852321 2.73281560728483
36.8153624791483 2.71983368756789
36.9523190761032 2.70682585073954
37.0897851644277 2.69379282659414
37.2277626394773 2.68073497195775
37.3662534036585 2.66765272900339
37.5052593664551 2.65454674093238
37.6447824444542 2.64141754494073
37.7848245613726 2.62826570728918
37.9253876480839 2.61509203779747
38.0664736426444 2.60189721051151
38.2080844903204 2.58868176284846
38.3502221436146 2.57544663279208
38.4928885622931 2.5621921022169
38.6360857134129 2.54891909156168
38.7798155713483 2.53562815779082
38.9240801178185 2.52232054727373
39.068881341915 2.50899655975159
39.2142212401288 2.49565747882647
39.3601018163781 2.4823038124468
39.5065250820358 2.46893644762207
39.6534930559574 2.45555629911077
39.8010077645086 2.44216391563879
39.9490712415935 2.42876035986971
40.0976855286824 2.4153466379815
40.2468526748401 2.40192339288764
40.3965747367541 2.38849147216591
40.5468537787631 2.37505193848234
40.6976918728852 2.36160552171076
40.8490910988465 2.34815327457116
41.0010535441102 2.33469608140539
41.1535813039047 2.32123540486417
41.3066764812531 2.30777185358486
41.4603411870018 2.29430656309598
41.6145775398498 2.28084056414678
41.7693876663778 2.26737493821742
41.9247737010778 2.25391074799314
42.080737786382 2.24044907941881
42.2372820726929 2.2269909627306
42.3944087184125 2.2135370879571
42.5521198899724 2.20008902395023
42.7104177618635 2.18664744811697
42.869304516666 2.17321370164208
43.0287823450793 2.15978866691645
43.1888534459529 2.14637352783672
43.3495200263157 2.13296946540948
43.5107843014072 2.11957743105901
43.6726484947079 2.10619831120506
43.8351148379697 2.09283353422846
43.9981855712467 2.07948367616445
44.1618629429266 2.06615010238149
44.3261492097609 2.05283388553603
44.4910466368967 2.03953617698283
44.6565574979076 2.02625798513678
44.822684074825 2.01300032702954
44.9894286581698 1.99976443100346
45.1567935469838 1.98655108299205
45.3247810488614 1.97336105049809
45.4933934799815 1.960195651399
45.6626331651395 1.94705565686171
45.8325024377791 1.93394224756241
46.0030036400248 1.92085618374814
46.1741391227139 1.90779905314247
46.345911245429 1.89477154499407
46.5183223765307 1.88177495096968
46.69137489319 1.86881026931715
46.8650711814213 1.85587891790747
47.0394136361151 1.84298172142856
47.2144046610712 1.83011982077347
47.3900466690317 1.81729415197888
47.5663420817144 1.80450585866126
47.743293329846 1.7917557523569
47.9209028531959 1.77904470100563
48.0991731006096 1.76637384272551
48.2781065300423 1.75374407920062
48.4577056085935 1.74115609555897
48.63797281254 1.7286105211556
48.8189106273711 1.71610830815978
49.000521547822 1.70365056683667
49.1828080779086 1.69123772732967
49.3657727309621 1.67887044886492
49.5494180296635 1.6665493869494
49.7337465060782 1.65427558822156
49.9187607016915 1.64204967576618
50.1044631674429 1.62987232838903
50.2908564637618 1.61774455245815
50.4779431606027 1.6056668717223
50.6657258374805 1.59364028110288
50.854207083506 1.58166555437591
51.043389497422 1.56974348963399
51.2332756876387 1.55787497472264
51.4238682722698 1.54606080011655
51.6151698791687 1.53430224242736
51.8071831459647 1.52260056253494
51.9999107200992 1.51095665693822
52.1933552588626 1.49937173019814
52.3875194294302 1.48784725721984
52.5824059089 1.47638441122647
52.7780173843286 1.46498449444925
52.9743565527689 1.45364868008613
53.1714261213071 1.44237837261071
53.3692288070999 1.43117505536329
53.5677673374123 1.42003974730982
53.7670444496548 1.40897390250588
53.9670628914213 1.39797860645921
54.1678254205271 1.38705545472609
54.3693348050468 1.37620546850109
54.5715938233525 1.3654299804001
54.7746052641521 1.35473017402814
54.9783719265278 1.34410716707596
55.1828966199745 1.33356206836481
55.3881821644389 1.32309599299749
55.594231390358 1.31270949226254
55.8010471386984 1.30240372052392
56.0086322609952 1.2921793409085
56.2169896193917 1.28203736808343
56.4261220866785 1.2719783673104
56.6360325463332 1.26200324285493
56.8467238925604 1.25211258986515
57.0581990303312 1.24230699338244
57.2704608754236 1.23258729332526
57.4835123544625 1.22295415020356
57.6973564049602 1.21340821088237
57.9119959753568 1.20394997923997
58.1274340250607 1.19457995874535
58.3436735244898 1.18529862191632
58.5607174551122 1.17610629656731
58.7785688094872 1.16700348618509
58.9972305913069 1.15799046334855
59.2167058154372 1.14906793461505
59.4369975079597 1.14023571114449
59.6581087062134 1.13149441386169
59.8800424588363 1.12284402714845
60.1028018258077 1.11428521368028
60.3263898784903 1.10581833420141
60.5508096996726 1.09744379547494
60.7760643836113 1.08916213666094
61.0021570360742 1.08097373568709
61.2290907743825 1.07287939418404
61.4568687274545 1.06487933412149
61.685494035848 1.0569742809729
61.9149698518044 1.04916472001574
62.1452993392914 1.0414513217097
62.376485674047 1.03383466929185
62.6085320436233 1.02631527000028
62.8414416474305 1.01889386532719
63.0752176967808 1.01157101272777
63.3098634149326 1.00434707996303
63.5453820371355 0.997222451529691
63.7817768106743 0.990197622613723
64.0190509949139 0.983273274971316
64.2572078613447 0.976449860862587
64.4962506936269 0.969727669034786
64.7361827876367 0.963106970206399
64.9770074515108 0.956588122356791
65.2187280056928 0.950171381695966
65.4613477829786 0.943856605432507
65.7048701285624 0.937644081019449
65.9492984000827 0.931533715093746
66.1946359676689 0.92552528034851
66.4408862139876 0.919618517337313
66.688052534289 0.913813237730237
66.9361383364543 0.908109182774839
67.1851470410421 0.902505752796531
67.4350820813359 0.897002725899374
67.6859469033913 0.891599898876258
67.9377449660834 0.886297081963467
68.190479741155 0.881093340088865
68.4441547132637 0.875989017469419
68.6987733800307 0.870983542151355
68.9543392520884 0.866076740766497
69.2108558531293 0.861268686406336
69.4683267199542 0.856558868338857
69.7267554025213 0.851947288343117
69.9861454639949 0.847434003703433
70.2465004807944 0.843019027140075
70.5078240426442 0.838702059153506
70.7701197526224 0.834483173760736
71.0333912272113 0.83036212858929
71.2976420963466 0.826338884625215
71.5628760034677 0.8224130986263
71.8290966055681 0.818584734022753
72.0963075732454 0.814853381297582
72.3645125907524 0.811218732760486
72.6337153560475 0.807680424223158
72.903919580846 0.804237859245958
73.1751289906711 0.800890594540503
73.4473473249052 0.797637747620412
73.7205783368417 0.794478459008554
73.9948257937363 0.79141199898521
74.2700934768597 0.788437156494365
74.5463851815488 0.785552761003744
74.82370471726 0.782757512686428
75.1020559076207 0.780050216403147
75.3814425904831 0.777429510640397
75.6618686179762 0.774893571887346
75.9433378565593 0.772440835750918
76.2258541870754 0.770069719730983
76.5094215048047 0.767778327798966
76.7940437195179 0.765564872836019
77.0797247555308 0.763427384163915
77.3664685517576 0.761364116888557
77.654279061766 0.75937288771286
77.9431602538311 0.757451793459056
78.2331161109905 0.755598935708186
78.524150631099 0.753812164082562
78.8162678268838 0.752090153945428
79.1094717259999 0.750430719041529
79.4037663710853 0.748832330816616
79.6991558198174 0.747293075354814
79.9956441449681 0.745811410925628
80.2932354344608 0.744385492197662
80.5919337914261 0.74301443358809
80.8917433342586 0.741696035327494
81.192668196674 0.740428907309004
81.4947125277655 0.739211522367861
81.7978804920615 0.738042534311128
82.1021762695827 0.736919992907371
82.4076040558999 0.735842404964253
82.714168062192 0.734808238322239
83.0218725153037 0.733815826527338
83.3307216578039 0.732863558118363
83.6407197480444 0.73194961497936
83.9518710602185 0.731072332007152
84.2641798844197 0.730229871205578
84.5776505267013 0.729420825850425
84.8922873091352 0.72864304560758
85.2080945698721 0.727894585434103
85.525076663201 0.727173446461756
85.8432379596091 0.726477259081494
86.1625828458423 0.725803940636981
86.4831157249656 0.725150959344296
86.804841016424 0.724515951676694
87.1277631561029 0.723896618778052
87.4518865963899 0.723290450429007
87.7772158062356 0.722694853399513
88.103755271216 0.722107683858564
88.4315094935933 0.721526395780147
88.760482992379 0.72094838897972
89.0906803033954 0.720371447736452
89.4221059793388 0.719793165899131
89.7547645898416 0.719211419826224
90.088660721536 0.718624258510038
90.4237989781166 0.718029719508062
90.7601839804045 0.717425881096186
91.0978203664104 0.716810821042993
91.436712791399 0.716182411200591
91.7768659279529 0.715539259951088
92.1182844660374 0.714879175053963
92.4609731130645 0.714200555373129
92.8049365939585 0.713501615920726
93.1501796512209 0.712780785212754
93.4967070449956 0.712036305481882
93.8445235531347 0.711266355204977
94.1936339712644 0.710469560325316
94.5440431128511 0.709644390484391
94.8957558092676 0.708789369922541
95.2487769098601 0.707902976147978
95.6031112820147 0.706984082183573
95.9587638112245 0.706031012014462
96.3157394011573 0.705042384182555
96.674042973723 0.704016858939784
97.0336794691412 0.702953363908787
97.39465384601 0.701850682935539
97.7569710813735 0.700707866220607
98.1206361707911 0.699523711341011
98.4856541284063 0.698297422528367
98.8520299870155 0.697028355058499
99.2197687981374 0.695715557116391
99.5888756320832 0.694358390871714
99.9593555780259 0.692956151796445
100.331213744071 0.691508341879655
100.704455257326 0.690014414130999
101.079085263972 0.688474112731925
101.455108929334 0.686887008175995
101.832531437955 0.685252971450347
102.211357993661 0.683571802454269
102.591593819639 0.681843307275439
102.973244158507 0.68006738367463
103.356314272386 0.678243519859448
103.74080944297 0.676371931145898
104.126734971605 0.674452280278658
104.514096179357 0.672484436673389
104.902898407086 0.670468361781853
105.293147015521 0.668403930535713
105.684847385335 0.666291569634693
106.078004917216 0.664131200434143
106.472625031943 0.66192274570431
106.868713170461 0.659666270036705
107.266274793956 0.657362482506327
107.665315383931 0.655011398607315
108.065840442278 0.652613338847096
108.467855491361 0.650168823640034
108.871366074083 0.647678419404897
109.27637775397 0.645142523300945
109.682896115245 0.642561963159169
110.090926762902 0.639937765311283
110.500475322789 0.637270383301002
110.911547441682 0.634561096102201
111.324148787363 0.631810585725225
111.738285048698 0.629019615177217
112.153961935718 0.626189433424924
112.571185179695 0.623320737461697
112.98996053322 0.620414761303889
113.410293770289 0.617472169371879
113.832190686372 0.614493592364002
114.255657098502 0.611479739021722
114.680698845352 0.608431154367802
115.107321787315 0.605348174502272
115.535531806584 0.602231390436843
115.965334807235 0.599081091494269
116.396736715309 0.595898120123821
116.829743478891 0.592682659776603
117.264361068193 0.589435198572171
117.700595475639 0.586156726943963
118.138452715943 0.582847455059281
118.577938826195 0.579508192302412
119.019059865945 0.576139628303067
119.461821917283 0.572742461373127
119.906231084925 0.569317288362315
120.3522934963 0.5658648491722
120.800015301628 0.562385979007673
121.24940267401 0.558881032238437
121.700461809513 0.555350834148174
122.15319892725 0.551796038622179
122.607620269474 0.548217470455293
123.063732101657 0.544615708432882
123.52154071258 0.540991477640831
123.981052414419 0.53734513327714
124.442273542832 0.53367741044375
124.905210457046 0.529988690494709
125.369869539945 0.526279354445985
125.836257198157 0.522549503625905
126.304379862144 0.518799550809203
126.774243986291 0.51502984982896
127.245856048992 0.511240797008844
127.719222552743 0.507432553428734
128.194350024229 0.50360502397946
128.671245014415 0.499758629499466
129.149914098635 0.495893645011618
129.630363876686 0.492010525989652
130.112600972915 0.488109481782527
130.596632036314 0.484191362378078
131.082463740608 0.480256482941885
131.570102784351 0.476305587141296
132.059555891015 0.47233922037545
132.550829809082 0.468358228350689
133.043931312143 0.464363571374649
133.538867198985 0.460355928752671
134.035644293687 0.456336131519611
134.534269445714 0.452305102766861
135.034749530014 0.448263906638869
135.537091447108 0.4442130892783
136.041302123189 0.440153371410084
136.547388510214 0.436085838121035
137.055357586005 0.43201116187186
137.56521635434 0.427930096422614
138.076971845052 0.423843623729689
138.590631114126 0.419752183299551
139.106201243796 0.415656533157098
139.623689342642 0.411557485668696
140.14310254569 0.407454848254043
140.664448014507 0.403349109596165
141.187732937303 0.399240452472825
141.712964529029 0.395128912574757
142.240150031474 0.391014913286202
142.769296713371 0.386898398012739
143.30041187049 0.382779922285366
143.833502825744 0.378659445322483
144.368576929286 0.374537839319888
144.905641558614 0.370415471688751
145.444704118671 0.366292945994121
145.985772041946 0.362170780106084
146.528852788578 0.358049289333002
147.073953846458 0.353929259328937
147.621082731334 0.349811208247272
148.170246986912 0.345695456948258
148.721454184961 0.34158280351716
149.274711925419 0.337473640100781
149.830027836496 0.333368763845786
150.387409574779 0.329268592370314
150.946864825339 0.325174255275727
151.508401301835 0.321086372911028
152.072026746624 0.317005281708573
152.637748930863 0.312931925157814
153.205575654619 0.308866761463912
153.775514746977 0.304810431542865
154.347574066145 0.300763728314839
154.921761499565 0.296727772009604
155.498084964022 0.292703058382783
156.076552405752 0.288690271970383
156.657171800551 0.284690182778986
157.239951153886 0.280703251200993
157.824898501005 0.276729848272925
158.412021907047 0.272769895194584
159.001329467157 0.268824005588444
159.592829306591 0.264891794878705
160.186529580835 0.260973105240527
160.78243847571 0.257067931272632
161.380564207495 0.253175895093387
161.980915023028 0.249296995691018
162.583499199831 0.245431116967138
163.188325046216 0.241577864355745
163.795400901405 0.237737199888593
164.40473513564 0.233908174130257
165.016336150303 0.230090337473428
165.630212378031 0.226283473248484
166.246372282828 0.222487114302929
166.864824360187 0.21870095153965
167.485577137204 0.214924739341411
168.108639172699 0.211158675565751
168.734019057329 0.207402413904858
169.36172541371 0.203656011596803
169.991766896534 0.199919677930045
170.624152192691 0.19619335488824
171.258890021386 0.192477236631531
171.89598913426 0.188771856010191
172.535458315511 0.185077532300563
173.177306382017 0.181394731530676
173.821542183453 0.17772390859295
174.468174602416 0.174065017099129
175.117212554548 0.170418809254367
175.768664988659 0.166785212925973
176.422540886846 0.163164491217238
177.078849264624 0.159556613375645
177.737599171045 0.155961425440389
178.398799688823 0.152379265113831
179.062459934462 0.148810054962662
179.728589058382 0.145253702689545
180.397196245039 0.141710325131786
181.068290713059 0.138179895069191
181.741881715363 0.134662198476943
182.417978539291 0.131157241480481
183.096590506735 0.12766491805098
183.777726974264 0.124184909963143
184.461397333255 0.120717127611896
185.147611010021 0.117261761347234
185.836377465944 0.113818547562773
186.5277061976 0.11038757356452
187.221606736895 0.106968573612943
187.918088651195 0.103561348598618
188.617161543456 0.100165386089921
189.318835052359 0.0967805600958913
190.023118852442 0.0934067726388657
190.730022654232 0.0900438263683663
191.439556204381 0.0866918482661916
192.151729285799 0.0833512853380833
192.86655171779 0.0800225832635517
193.584033356187 0.0767058171765198
194.304184093485 0.0734015725023438
195.027013858983 0.0701100186638115
195.752532618918 0.0668315531739045
196.480750376599 0.0635659589601802
197.211677172552 0.0603131234652263
197.945323084652 0.0570734358650276
198.681698228267 0.0538470257245693
199.420812756393 0.0506348721643191
200.162676859797 0.0474377337739007
200.907300767158 0.0442562694905666
201.654694745203 0.0410914124924995
202.404869098855 0.0379436645802276
203.157834171373 0.0348138302345466
203.913600344492 0.031702132041751
204.672178038568 0.0286089259887223
205.433577712722 0.0255343807589981
206.197809864986 0.0224789333063091
206.964885032443 0.0194429629484301
207.734813791375 0.0164268022302991
208.50760675741 0.0134308443919071
209.283274585667 0.0104550875070002
210.061827970903 0.00749970818445078
210.84327764766 0.0045645245060113
211.627634390414 0.00164944997587746
212.414909013722 -0.00124584506927761
213.205112372374 -0.00412169455742362
213.998255361539 -0.00697884011303884
214.794348916918 -0.0098177523658638
215.593404014895 -0.0126388015495609
216.395431672684 -0.0154422820648037
217.200442948486 -0.0182287659091429
218.008448941641 -0.0209984783526878
218.819460792778 -0.0237520323995488
219.633489683968 -0.0264899249707549
220.450546838885 -0.0292126204286269
221.270643522953 -0.0319205215116884
222.093791043505 -0.0346138448059703
222.920000749938 -0.0372927854724088
223.749284033871 -0.0399571588493375
224.5816523293 -0.042606407555529
225.417117112757 -0.0452401952811776
226.255689903467 -0.0478579293222916
227.097382263509 -0.0504585074138166
227.942205797972 -0.0530411969877669
228.790172155119 -0.0556047739067171
229.641293026544 -0.0581483441039152
230.495580147337 -0.060670737410466
231.35304529624 -0.0631711541842073
232.213700295818 -0.0656490921550503
233.077557012612 -0.0681028739408527
233.944627357311 -0.0705315547573484
234.814923284911 -0.0729341781205113
235.688456794884 -0.0753095387284963
236.565239931339 -0.0776565885685185
237.44528478319 -0.0799742343279899
238.328603484325 -0.0822618787810319
239.215208213769 -0.0845186782502401
240.105111195857 -0.0867444817580134
240.998324700395 -0.0889391835862607
241.894861042839 -0.0911034251533733
242.794732584456 -0.0932371834984602
243.6979517325 -0.0953411761591472
244.60453094038 -0.0974159551604545
245.514482707834 -0.0994623378353081
246.427819581099 -0.101481229229889
247.344554153085 -0.103473092602158
248.264699063551 -0.105438790177663
249.188266999274 -0.107378414707656
250.11527069423 -0.10929291306445
251.045722929764 -0.111182352848312
251.979636534771 -0.113046714853277
252.91702438587 -0.114886426513626
253.85789940758 -0.116701678112901
254.802274572504 -0.11849208166628
255.750162901502 -0.120257251148403
256.701577463874 -0.121996837280024
257.656531377538 -0.123710053232224
258.615037809212 -0.125396637729193
259.577109974596 -0.12705578039522
260.542761138553 -0.128687128808608
261.512004615294 -0.130290310768446
262.484853768559 -0.131865083189487
263.461322011801 -0.133411129108575
264.441422808376 -0.134928115201629
265.42516967172 -0.136415565767346
266.412576165545 -0.137873308328838
267.403655904018 -0.139300515642756
268.398422551953 -0.140696593480108
269.396889825 -0.142061467797604
270.39907148983 -0.143395260690647
271.404981364328 -0.144698055316325
272.414633317784 -0.145970672780082
273.428041271082 -0.147214105652224
274.445219196894 -0.148428985234099
275.466181119869 -0.149616447076052
276.490941116832 -0.15077739068582
277.519513316975 -0.151913089857051
278.551911902049 -0.153024199948452
279.588151106566 -0.154111293571245
280.628245217989 -0.155174981859118
281.672208576933 -0.156215571590317
282.720055577362 -0.157234149945873
283.771800666785 -0.158231569209049
284.827458346459 -0.159208874714493
285.887043171586 -0.160167011167148
286.950569751514 -0.16110714507024
288.018052749942 -0.16203035963416
289.089506885116 -0.162937621876382
290.164946930037 -0.16382948322445
291.244387712663 -0.164706289047938
292.327844116112 -0.165568408766839
293.41533107887 -0.166416178971431
294.506863594997 -0.16724990122824
295.602456714328 -0.168069904576828
296.702125542688 -0.168876464663735
297.805885242097 -0.169669556328865
298.913751030978 -0.170449559408824
300.025738184368 -0.171216553324127
301.14186203413 -0.171970440483197
302.262137969162 -0.172710772447895
303.386581435609 -0.173437271833809
304.51520793708 -0.174149162378678
305.648033034855 -0.17484638177577
306.785072348107 -0.175528620609493
307.926341554112 -0.176195569718884
309.071856388467 -0.176847052946642
310.221632645308 -0.177482294353654
311.375686177524 -0.177097996534313
312.534032896982 -0.176545677582693
313.69668877474 -0.175821032375999
314.86366984127 -0.174920134909012
316.03499218668 -0.173840685800857
317.210671960934 -0.172583464081441
318.390725374075 -0.171143486856103
319.57516869645 -0.16953438323585
320.764018258932 -0.167742494023467
321.957290453147 -0.165768050296195
323.1550017317 -0.163605117199699
324.3571686084 -0.16124286069265
325.563807658489 -0.158676320269657
326.774935518872 -0.155904834434259
327.990568888343 -0.152938512180122
329.210724527818 -0.149764518966543
330.435419260565 -0.146396017092558
331.664669972436 -0.142819848821234
332.898493612101 -0.139061645127291
334.136907191279 -0.135116333582324
335.379927784974 -0.130977476479714
336.627572531714 -0.126662366580687
337.879858633779 -0.122145067770888
339.136803357447 -0.11741590347415
340.398424033226 -0.112456682158075
341.664738056097 -0.107296634666166
342.935762885749 -0.101906462781758
344.211516046826 -0.0963095912308779
345.492015129163 -0.0905442709223352
346.777277788032 -0.0845828131256156
348.067321744384 -0.0784636042107623
349.362164785094 -0.072193689262905
350.661824763204 -0.0657804147485493
351.966319598173 -0.0592452613739299
353.275667276122 -0.0525810586923372
354.58988585008 -0.0458260014185032
355.908993440238 -0.0389834250675318
357.233008234193 -0.0320803146959308
358.561948487204 -0.0251445666446698
359.895832522439 -0.0181422959908039
361.234678731231 -0.0110886163920339
362.578505573331 -0.00396529608030549
363.927331577162 0.00323793546796641
365.281175340072 0.0104922756232081
366.640055528597 0.0178301519558963
368.003990878711 0.0252450398682579
369.373000196088 0.032758774404493
370.747102356362 0.0403812611152628
372.126316305386 0.0480844712452936
373.510661059493 0.055904715530286
374.900155705758 0.0638018025305524
376.294819402263 0.0717704704097096
377.694671378358 0.0797945280327466
379.099730934929 0.087901013557305
380.510017444665 0.096088558780126
381.92555035232 0.10437707163022
383.346349174985 0.11276228440364
384.772433502359 0.121147473602926
386.203822997013 0.129553991584206
387.640537394667 0.137912126003121
389.082596504459 0.146247538428161
390.530020209219 0.154473314047082
391.982828465741 0.162527045211802
393.441041305064 0.170452688017151
394.904678832742 0.17822454512051
396.373761229123 0.185886669303808
397.848308749629 0.193341426409216
399.328341725034 0.200708150227829
400.813880561743 0.207939907781123
402.304945742077 0.215011404002802
403.801557824551 0.221987694169269
405.303737444161 0.228821162271839
406.811505312667 0.235505015784149
408.324882218878 0.242011539165266
409.843889028939 0.248408292013078
411.368546686621 0.254749903473922
412.898876213606 0.261008774634855
414.434898709779 0.267286338149267
415.976635353518 0.273490967495626
417.524107401988 0.279730683978661
419.077336191431 0.286004636042602
420.636343137464 0.29233963501724
422.20114973537 0.298713299166771
423.771777560397 0.305106511565284
425.348248268055 0.311443954869284
426.930583594415 0.317778116232881
428.518805356409 0.324012802460728
430.112935452127 0.330124301375115
431.712995861126 0.336052789341923
433.319008644725 0.341744070214337
434.930995946316 0.347198172735101
436.548979991665 0.352317764735005
438.172983089221 0.357205181830683
439.803027630423 0.361715639885995
441.439136090005 0.365909285184181
443.081331026313 0.369830111339108
444.72963508161 0.37343653389708
446.384070982391 0.376820953181137
448.044661539696 0.380085959037322
449.711429649423 0.3832512128122
451.384398292646 0.386410693182592
453.063590535931 0.389745811376583
454.749029531652 0.393116756413544
456.440738518314 0.39671327472847
458.138740820871 0.400391049462392
459.843059851047 0.404273158858318
461.55371910766 0.408264251370839
463.270742176947 0.412461963806186
464.994152732887 0.416910786354616
466.723974537529 0.421545182455977
468.460231441319 0.426414265983465
470.202947383427 0.43145629152703
471.952146392082 0.436811690345171
473.707852584898 0.442422477794889
475.470090169211 0.448332125697265
477.238883442408 0.454386161766168
479.014256792265 0.46049048949173
480.796234697286 0.4665163721648
482.584841727032 0.472280592626444
484.38010254247 0.477751438409363
486.182041896305 0.482850033029085
487.990684633326 0.487528281047581
489.806055690746 0.491822411303029
491.628180098547 0.495724460615694
493.457082979826 0.499320390834293
495.292789551138 0.502602905043773
497.135325122848 0.505828041295344
498.984715099477 0.508919087302211
500.840984980053 0.511980008101798
502.704160358464 0.514971348487199
504.574266923808 0.518127260396014
506.451330460749 0.521375817606041
508.335376849875 0.524995626377983
510.226432068048 0.5289125086284
512.124522188771 0.533246828743807
514.029673382538 0.538086125342307
515.941911917204 0.543240113007984
517.86126415834 0.548800528862282
519.787756569601 0.554614067043122
521.721415713088 0.560608206462033
523.662268249716 0.566668539710193
525.610340939583 0.572795795410899
527.565660642334 0.579031877848891
529.528254317536 0.585335350196715
531.498149025047 0.591668967239225
533.475371925393 0.59819819952258
535.459950280137 0.60484646677147
537.451911452257 0.611533102519808
539.451282906527 0.617846107859517
541.45809220989 0.623832295460976
543.472367031842 0.629313709235993
545.49413514481 0.634248570687071
547.523424424539 0.638587416387905
549.560262850475 0.642451361699656
551.604678506148 0.64569808125447
553.656699579562 0.648528537619753
555.716354363585 0.651109056970592
557.783671256334 0.653649081313834
559.858678761572 0.655931485117673
561.941405489097 0.658174537143037
564.03188015514 0.660245630869509
566.130131582757 0.662144772481626
568.236188702231 0.663565601166573
570.350080551465 0.664543125407165
572.471836276389 0.664940910292849
574.601485131357 0.664791798508408
576.739056479551 0.664210149247351
578.88457979339 0.663279295750718
581.038084654929 0.661901415021591
583.199600756274 0.659855545294367
585.369157899988 0.65708764855163
587.5467859995 0.653692362274431
589.732515079524 0.649624935539116
591.926375276465 0.645011052684953
594.128396838839 0.639703328728799
596.338610127691 0.63374132311114
598.557045617011 0.627127235603944
600.783733894154 0.620146599887428
603.018705660264 0.612552815929806
605.261991730696 0.604259353398099
607.513623035441 0.595200960110981
609.773630619552 0.585520158658771
612.042045643573 0.575213711478958
614.318899383969 0.56417097528994
616.604223233554 0.552877009017781
618.898048701927 0.541392891183766
621.200407415909 0.529562821830243
623.51133111997 0.515305143137583
625.830851676678 0.501090084935889
628.159001067128 0.486994031435561
630.49581139139 0.473181577771193
632.841314868951 0.459511704349161
635.195543839153 0.445899326356085
637.558530761648 0.432041446338742
639.930308216838 0.417938264432704
642.310908906328 0.403384415824712
644.700365653376 0.388394582639338
647.098711403346 0.372947748727428
649.505979224161 0.357144704928166
651.922202306761 0.341053765505623
654.347413965559 0.324735640092332
656.781647638899 0.308117368938385
659.224936889521 0.291417764467266
661.677315405021 0.274520766225687
664.138816998315 0.257433024941319
666.609475608108 0.240157211178367
669.089325299358 0.222552428020837
671.578400263749 0.204483918547739
674.076734820163 0.185855586149309
676.584363415148 0.166753131599847
679.101320623398 0.147192891348916
681.627641148229 0.127246395694557
684.163359822055 0.107201453940335
686.708511606871 0.0871449149375296
689.263131594734 0.0672630360109832
691.827255008246 0.047689316863301
694.400917201039 0.0283251579503752
696.984153658268 0.00966540025210705
699.576999997092 -0.00832300411575915
702.179491967171 -0.0256045891439394
704.791665451156 -0.042299243156859
707.413556465187 -0.0583661508874682
710.045201159385 -0.0737243525394691
712.686635818355 -0.0884391668903781
715.337896861682 -0.102484615253592
717.999020844436 -0.115847258018644
720.670044457676 -0.128700803733234
723.351004528956 -0.141024194158347
726.041938022828 -0.15328758927829
728.74288204136 -0.165660938278609
731.453873824642 -0.17808102793014
734.174950751298 -0.190515099285466
736.906150339008 -0.20302480846953
739.647510245018 -0.215257360855278
742.399068266665 -0.227484453430106
745.160862341893 -0.23963556375096
747.932930549781 -0.251696776170444
750.715311111065 -0.263665759488722
753.508042388666 -0.275687126582894
756.311162888217 -0.287941193232718
759.124711258597 -0.300406912572585
761.948726292463 -0.313041452072212
764.783246926784 -0.325726053339548
767.628312243377 -0.338286415438765
770.483961469448 -0.350530525708728
773.350233978131 -0.362348984991928
776.227169289033 -0.373889586066711
779.114807068777 -0.385092205815022
782.01318713155 -0.395528058236827
784.92234943965 -0.405398550444652
787.842334104041 -0.414824225629934
790.773181384902 -0.423931194239414
793.714931692182 -0.43266277599166
796.667625586163 -0.44134450759205
799.63130377801 -0.449822979135356
802.606007130343 -0.458056734923694
805.591776657789 -0.465946118607953
808.588653527558 -0.473569721426894
811.596679060002 -0.481067233429723
814.615894729193 -0.488357154482042
817.646342163485 -0.496044086874892
820.688063146098 -0.504192706424745
823.741099615688 -0.512815233783699
826.805493666926 -0.521968871087737
829.881287551079 -0.531445161968326
832.968523676594 -0.541557872246343
836.06724460968 -0.552045427207942
839.177493074898 -0.562922093075914
842.299311955746 -0.57413740506987
845.432744295255 -0.58521390338236
848.577833296579 -0.596452421091302
851.734622323592 -0.607899963290769
854.903154901485 -0.619111300926113
858.083474717367 -0.6303108722531
861.275625620868 -0.64154012711174
864.479651624742 -0.652511442243245
867.695596905475 -0.663127457360498
870.923505803893 -0.673346259025088
874.163422825774 -0.683088456165721
877.415392642464 -0.692655091965395
880.679460091487 -0.70206170143051
883.955670177168 -0.711507510334562
887.244068071255 -0.721094951936593
890.544699113535 -0.731005314763929
893.857608812465 -0.741262692354906
897.1828428458 -0.752034926117315
900.520447061216 -0.763204615833665
903.870467476951 -0.774638506433585
907.232950282432 -0.786308817183293
910.607941838916 -0.798168004823795
913.99548868013 -0.810004014475168
917.395637512907 -0.822083923860855
920.808435217838 -0.834466217915613
924.233928849912 -0.847167682381039
927.672165639167 -0.860188931086847
931.12319299134 -0.873779071903634
934.587058488525 -0.887853441073973
938.063809889823 -0.902262314555764
941.553495132005 -0.917166940413523
945.056162330171 -0.932528510957641
948.571859778412 -0.948169616618512
952.100635950479 -0.963787685929529
955.64253950045 -0.979349324909125
959.197619263401 -0.994631287145045
962.765924256078 -1.00953976610249
966.347503677575 -1.02418570464315
969.942406910009 -1.03849731378905
973.550683519207 -1.05232908852217
977.172383255382 -1.06599771281493
980.807556053824 -1.0794378038046
984.456252035586 -1.09279864116288
988.118521508177 -1.10628906650465
991.794414966255 -1.120125345179
995.483983092322 -1.13419830396314
999.187276757423 -1.1486834685773
1002.90434702185 -1.16354581164297
1006.63524513584 -1.1788014166415
1010.3800225403 -1.19430937344483
1014.13873086747 -1.21018608328069
1017.9114219417 -1.22633241700447
1021.69814778013 -1.24298861517
1025.49896059337 -1.26022725266269
1029.31391278631 -1.27793879465117
1033.14305695876 -1.29558084370152
1036.98644590621 -1.31312568506189
1040.84413262056 -1.33059094714
1044.71617029083 -1.34775698145592
1048.60261230394 -1.36476470336922
1052.50351224539 -1.38153215694843
1056.41892390001 -1.39822191375481
1060.34890125276 -1.41477918940452
1064.29349848938 -1.43138527536866
1068.25276999721 -1.44790618978485
1072.22677036593 -1.46414069790268
1076.21555438826 -1.48023095949063
1080.21917706079 -1.49596481376697
1084.23769358469 -1.51087424911426
1088.27115936647 -1.52517995255432
1092.31963001878 -1.53881951204404
1096.38316136114 -1.5521243750114
1100.46180942073 -1.56518455215249
1104.55563043316 -1.57798421387689
1108.66468084322 -1.59067961163541
1112.7890173057 -1.60344479895159
1116.92869668616 -1.61599073264339
1121.08377606168 -1.62821635938793
1125.25431272169 -1.64030552331375
1129.44036416873 -1.65193523480875
1133.64198811927 -1.66285625537825
1137.85924250447 -1.67321218703126
1142.09218547102 -1.6834971455428
1146.34087538191 -1.69351976501307
1150.60537081725 -1.70364979539826
1154.88573057506 -1.713434014002
1159.18201367212 -1.72275038528785
1163.49427934474 -1.73119909969009
1167.8225870496 -1.73892743294071
1172.16699646455 -1.74589377780411
1176.52756748948 -1.75230412830419
1180.90436024707 -1.75828916735388
1185.2974350837 -1.76357852757978
1189.70685257023 -1.76823192671053
1194.13267350285 -1.77249189007272
1198.5749589039 -1.77652405219441
1203.03377002276 -1.78005087301359
1207.50916833664 -1.7833533521472
1212.00121555147 -1.78636923334126
1216.50997360271 -1.78893145431237
1221.03550465623 -1.79083651200418
1225.57787110919 -1.79218590736336
1230.13713559085 -1.79347230315208
1234.71336096344 -1.79483176902265
1239.30661032308 -1.79613938892725
1243.9169470006 -1.79761091841621
1248.54443456241 -1.79901769424338
1253.18913681141 -1.80024968502898
1257.85111778785 -1.80114588920822
1262.53044177021 -1.80165463416358
1267.22717327611 -1.80182363703284
1271.94137706315 -1.80136889133621
1276.67311812987 -1.800413489519
1281.42246171659 -1.79911877018292
1286.18947330632 -1.79771703636543
1290.97421862569 -1.79632390627395
1295.77676364585 -1.79487944701914
1300.59717458334 -1.79332281311628
1305.43551790105 -1.79126912255377
1310.29186030912 -1.7891587809756
1315.16626876584 -1.78708587002141
1320.05881047861 -1.78491891980132
1324.96955290485 -1.78276624282183
1329.8985637529 -1.78072615254961
1334.84591098301 -1.77848244039946
1339.81166280824 -1.77634849764585
1344.79588769541 -1.77427330315681
1349.79865436604 -1.77219340636583
1354.82003179729 -1.77000232455894
1359.86008922295 -1.76758172793567
1364.91889613434 -1.76531917642124
1369.9965222813 -1.76290939548302
1375.09303767316 -1.76055689886192
1380.20851257966 -1.75847208689785
1385.343017532 -1.75654829281286
1390.49662332371 -1.75489874591587
1395.6694010117 -1.75357415884873
1400.86142191724 -1.75250649132316
1406.07275762689 -1.75160503609596
1411.30347999353 -1.7506567988712
1416.55366113734 -1.74953888458812
1421.82337344679 -1.74853227287732
1427.11268957965 -1.7479517322975
1432.42168246399 -1.74781511160604
1437.75042529915 -1.74797645967861
1443.09899155681 -1.74852974319358
1448.46745498195 -1.74903931035339
1453.85588959391 -1.74932962212863
1459.26436968736 -1.74972921517095
1464.69296983337 -1.75012859793852
1470.14176488043 -1.75068777866686
1475.61082995546 -1.751850508939
1481.10024046487 -1.75324590038978
1486.61007209556 -1.75487128882166
1492.14040081604 -1.7569779084797
1497.69130287738 -1.75930285505153
1503.26285481435 -1.76151832316225
1508.85513344643 -1.76382992944772
1514.46821587884 -1.76651386382043
1520.10217950369 -1.76930135556069
1525.75710200096 -1.77213841579786
1531.43306133963 -1.77493146477995
1537.1301357787 -1.77797485522195
1542.84840386835 -1.78116856261289
1548.58794445092 -1.78424215672882
1554.34883666208 -1.78735555204676
1560.1311599319 -1.79031016551523
1565.93499398592 -1.79353012377243
1571.76041884628 -1.79701398633891
1577.60751483278 -1.80076352597141
1583.47636256406 -1.80462241020556
1589.36704295864 -1.80879601791876
1595.27963723608 -1.8130291735571
1601.21422691806 -1.8177419692594
1607.17089382956 -1.82326285614404
1613.14972009994 -1.82931213608007
1619.15078816409 -1.83503679984231
1625.17418076356 -1.84042741426393
1631.21998094772 -1.84531777162741
1637.28827207488 -1.85012885015175
1643.37913781346 -1.85495801491643
1649.49266214312 -1.85992680060267
1655.62892935595 -1.86492515953937
1661.7880240576 -1.86981330220867
1667.97003116847 -1.87473024393928
1674.17503592487 -1.87973110244037
1680.40312388019 -1.88461488781174
1686.6543809061 -1.88949542157453
1692.9288931937 -1.89430660494923
1699.22674725475 -1.89910843680353
1705.54802992284 -1.90403976458063
1711.89282835457 -1.90901818328362
1718.26123003079 -1.91364881880154
1724.65332275779 -1.91852476266195
1731.06919466848 -1.92358454119252
1737.50893422366 -1.92863797205625
1743.9726302132 -1.93386436317041
1750.46037175728 -1.93914682361594
1756.97224830763 -1.94454604942999
1763.50834964871 -1.94984943982848
1770.06876589903 -1.95523005860259
1776.65358751231 -1.96064741536677
1783.26290527881 -1.96640218346581
1789.8968103265 -1.9724017864136
1796.55539412237 -1.97824799669992
1803.23874847367 -1.98425818503564
1809.94696552921 -1.99014016838051
1816.68013778055 -1.9962058506912
1823.43835806337 -2.00228752189896
1830.22171955869 -2.00831509739583
1837.03031579418 -2.01422425679173
1843.86424064544 -2.02012211124754
1850.72358833728 -2.02635282823485
1857.60845344505 -2.03220811988033
1864.51893089594 -2.03810461536002
1871.45511597026 -2.044063042906
1878.41710430278 -2.04992668132615
1885.40499188403 -2.05583414874681
1892.41887506164 -2.06184226927482
1899.45885054167 -2.06801767008405
1906.52501538993 -2.07396482553315
1913.61746703332 -2.07983861871878
1920.73630326118 -2.0855791378299
1927.88162222663 -2.09147773238717
1935.05352244795 -2.09762121146392
1942.25210280989 -2.10397194801942
1949.47746256507 -2.11054241150786
1956.72970133535 -2.11710445630796
1964.00891911318 -2.12382029059281
1971.315216263 -2.130488243111
1978.6486935226 -2.13671700179032
1986.00945200454 -2.14285098976945
1993.39759319752 -2.14893680866185
2000.8132189678 -2.1547977897242
2008.25643156057 -2.1609048478669
2015.7273336014 -2.16680704097743
2023.22602809763 -2.17251828942023
2030.75261843979 -2.17818107333102
2038.30720840305 -2.18380836226114
2045.88990214862 -2.18952340618313
2053.50080422521 -2.19544999564397
2061.14001957043 -2.20145140996931
2068.80765351232 -2.20732876229025
2076.5038117707 -2.21328725257911
2084.22860045872 -2.21942305558467
2091.98212608424 -2.22555189758881
2099.76449555137 -2.23181548004736
2107.57581616189 -2.23811802326251
2115.41619561679 -2.24426630650873
2123.28574201767 -2.25041877644076
2131.18456386831 -2.25673250307869
2139.11277007613 -2.26320304874294
2147.07046995368 -2.2695939026309
2155.05777322019 -2.2757045197274
2163.07479000302 -2.28251211995512
2171.12163083925 -2.28960185757143
2179.19840667714 -2.29681324602275
2187.30522887772 -2.30419722831708
2195.44220921625 -2.31162662262839
2203.60945988384 -2.31915705991729
2211.80709348895 -2.32685105155422
2220.03522305895 -2.3345588264925
2228.29396204169 -2.34228857093434
2236.58342430704 -2.35023325291558
2244.90372414851 -2.35798820592338
2253.25497628476 -2.36566545514553
2261.63729586123 -2.37364738076041
2270.0507984517 -2.38152388340393
2278.49560005991 -2.38922767828117
2286.97181712113 -2.39663537425666
2295.4795665038 -2.40389388898726
2304.0189655111 -2.41138788529117
2312.59013188261 -2.41911463099293
2321.19318379588 -2.42729768322702
2329.82823986813 -2.43524281801713
2338.49541915782 -2.4434687472568
2347.19484116633 -2.45134088778287
2355.9266258396 -2.45922920367586
2364.69089356977 -2.46707402832905
2373.48776519685 -2.4747859741039
2382.3173620104 -2.48237095433031
2391.17980575117 -2.4900427324583
2400.07521861281 -2.49769496319757
2409.00372324354 -2.50573721204783
2417.96544274784 -2.51403397490101
2426.96050068814 -2.52239656823749
2435.98902108656 -2.53095623441435
2445.05112842657 -2.53961229438357
2454.14694765475 -2.54830745743745
2463.27660418247 -2.55685945488442
2472.44022388765 -2.56531737836688
2481.63793311651 -2.57371279360705
2490.86985868525 -2.58243878754619
2500.13612788187 -2.59114006473768
2509.43686846789 -2.59966486730174
2518.7722086801 -2.60825182743409
2528.14227723234 -2.61664210221217
2537.54720331731 -2.62519219450277
2546.98711660828 -2.63368428705822
2556.46214726094 -2.64179493936596
2565.97242591516 -2.64972258496207
2575.51808369681 -2.65731328767612
2585.09925221956 -2.66456628212838
2594.7160635867 -2.67171258562857
2604.36865039294 -2.67937043690601
2614.05714572626 -2.68683673762883
2623.78168316975 -2.69406403761117
2633.54239680345 -2.70090810554299
2643.33942120615 -2.70755749772065
2653.17289145733 -2.71386390640393
2663.04294313896 -2.72003797269278
2672.94971233738 -2.72607847090803
2682.89333564519 -2.73202828172642
2692.87395016314 -2.73763022617485
2702.89169350199 -2.74347223571601
2712.94670378444 -2.74963908187682
2723.03911964699 -2.75533282951618
2733.16908024193 -2.76110562289087
2743.33672523916 -2.7666704878284
2753.54219482819 -2.77194154872577
2763.78562972005 -2.77680874811273
2774.06717114922 -2.78131279628961
2784.38696087559 -2.78553775502418
2794.74514118641 -2.78965811688153
2805.14185489824 -2.79360979929684
2815.57724535896 -2.79733267288299
2826.05145644968 -2.80101508113474
2836.56463258679 -2.80463552996589
2847.11691872391 -2.80813464067076
2857.7084603539 -2.81122116609472
2868.33940351088 -2.81405175014302
2879.00989477221 -2.8162840022057
2889.72008126055 -2.81841716146687
2900.47011064586 -2.81982699843295
2911.26013114745 -2.82059517652406
2922.09029153602 -2.82103001252756
2932.9607411357 -2.82111819682334
2943.87162982615 -2.82049703842494
2954.82310804455 -2.81956647525833
2965.81532678776 -2.81824348612765
2976.84843761435 -2.81637948385015
2987.9225926467 -2.81430724899296
2999.0379445731 -2.8121624596094
3010.19464664985 -2.80987136066846
3021.39285270338 -2.80751634340756
3032.63271713238 -2.80448953574221
3043.91439490991 -2.80094996320236
3055.23804158553 -2.79733333663368
3066.60381328749 -2.7931539772148
3078.01186672482 -2.7888024060007
3089.46235918954 -2.78444569198035
3100.95544855881 -2.7802549962685
3112.4912932971 -2.775999056998
3124.07005245839 -2.77151708521961
3135.69188568836 -2.76664461770434
3147.35695322657 -2.76143847648057
3159.0654159087 -2.75632601911958
3170.81743516875 -2.75104510040618
3182.61317304128 -2.74564812795133
3194.45279216361 -2.7400406983583
3206.3364557781 -2.73436854407976
3218.26432773439 -2.72878351036696
3230.23657249166 -2.72301045191719
3242.25335512088 -2.71745949673345
3254.3148413071 -2.71179548385915
3266.42119735174 -2.70603837098705
3278.57259017489 -2.70003118868844
3290.76918731757 -2.69364907139794
3303.01115694409 -2.68726303906954
3315.29866784434 -2.68067113611182
3327.63188943612 -2.67365369574206
3340.01099176749 -2.66664859704185
3352.43614551909 -2.65943192814734
3364.90752200653 -2.65212922461626
3377.42529318271 -2.64442853356238
3389.98963164021 -2.6366802435355
3402.60071061369 -2.62859301608501
3415.25870398225 -2.61967873290873
3427.96378627182 -2.61064906125839
3440.71613265761 -2.60138453267641
3453.51591896648 -2.59188694734372
3466.36332167938 -2.58233040259892
3479.25851793381 -2.57273424438758
3492.20168552621 -2.56303707346005
3505.19300291445 -2.5534440104883
3518.23264922029 -2.54350979489929
3531.32080423182 -2.53323669099225
3544.45764840598 -2.52271521233596
3557.64336287101 -2.51184081755368
3570.87812942896 -2.5008370146978
3584.16213055823 -2.48960218035242
3597.49554941602 -2.47844696349836
3610.87856984091 -2.467365641923
3624.31137635539 -2.45658383490726
3637.79415416837 -2.44596858505155
3651.32708917776 -2.43514931507529
3664.91036797302 -2.42440036438754
3678.54417783777 -2.41354334351502
3692.2287067523 -2.40253784466839
3705.96414339624 -2.39134401754192
3719.75067715111 -2.38060482341338
3733.58849810294 -2.37005168241045
3747.47779704492 -2.35967846829953
3761.41876547999 -2.34933022698408
3775.4115956235 -2.33918384624045
3789.45648040586 -2.32860885487092
3803.55361347522 -2.31805917714931
3817.70318920008 -2.30770666200765
3831.90540267205 -2.29739632222324
3846.16044970847 -2.28703668832722
3860.46852685515 -2.27683097197131
3874.82983138907 -2.26676060324959
3889.24456132109 -2.25660282343398
3903.7129153987 -2.24619183929115
3918.23509310874 -2.2360413967049
3932.81129468018 -2.22623421695171
3947.44172108682 -2.21644607176498
3962.12657405015 -2.20672554416024
3976.86605604205 -2.19707379279192
3991.66037028761 -2.18737583278514
4006.50972076797 -2.17790848174749
4021.41431222307 -2.16839728043578
4036.37435015451 -2.15883317875873
4051.39004082838 -2.14922274771284
4066.46159127809 -2.13955765536756
4081.58920930724 -2.13014754089219
4096.77310349248 -2.12036619999118
4112.01348318638 -2.11074200583221
4127.31055852032 -2.10095786305046
4142.6645404074 -2.09150278370359
4158.07564054532 -2.08171603342106
4173.54407141932 -2.07228355467159
4189.07004630512 -2.06300086425103
4204.65377927183 -2.05357131895882
4220.29548518492 -2.04424344792098
4235.99537970918 -2.03519692975901
4251.7536793117 -2.02605774051384
4267.57060126484 -2.01701333625283
4283.44636364922 -2.00805150873336
4299.38118535678 -1.9994273083623
4315.37528609372 -1.99099979506697
4331.42888638358 -1.98262673742664
4347.54220757028 -1.9744205728351
4363.71547182114 -1.96622312666839
4379.94890212999 -1.95805602550389
4396.24272232018 -1.94979861461777
4412.59715704774 -1.94161666676345
4429.01243180443 -1.9333796013136
4445.48877292084 -1.92540732962523
4462.02640756957 -1.91751903699779
4478.62556376828 -1.90999586555196
4495.28647038291 -1.90233289141048
4512.0093571308 -1.8950380510367
4528.79445458383 -1.88763944914218
4545.64199417167 -1.88037544664306
4562.5522081849 -1.87286589251126
4579.52532977826 -1.86535501069089
4596.56159297383 -1.85810680673773
4613.6612326643 -1.85113277096339
4630.82448461615 -1.84431952973754
4648.05158547297 -1.83747840924069
4665.34277275865 -1.83070980328745
4682.69828488072 -1.82392666039088
4700.11836113359 -1.81722526065746
4717.60324170188 -1.81058275663992
4735.15316766371 -1.80381728460323
4752.76838099403 -1.79735209603331
4770.44912456798 -1.79074504277954
4788.1956421642 -1.78445107180721
4806.00817846821 -1.77794197616809
4823.88697907579 -1.77156707060576
4841.83229049635 -1.76518814767582
4859.84436015636 -1.7589680021411
4877.92343640271 -1.7527852805395
4896.06976850618 -1.74638690663035
4914.28360666486 -1.7400445899645
4932.5652020076 -1.73358350861507
4950.91480659747 -1.72702757598211
4969.33267343524 -1.72047175362596
4987.81905646287 -1.71389917867957
5006.374210567 -1.70735528220458
5024.99839158248 -1.70068446998431
5043.69185629588 -1.69444271838125
5062.45486244905 -1.68829349962475
5081.28766874266 -1.68219112701089
5100.19053483977 -1.67643384447081
5119.16372136941 -1.67081825332191
5138.20748993018 -1.66486419397883
5157.32210309384 -1.65920879004144
5176.50782440896 -1.65381204897321
5195.76491840452 -1.64852298410496
5215.09365059358 -1.64312700377344
5234.49428747691 -1.63814229493996
5253.96709654673 -1.63347165900768
5273.51234629033 -1.62884566943527
5293.1303061938 -1.62453620021549
5312.82124674575 -1.62038031201934
5332.58543944101 -1.61622837522412
5352.42315678444 -1.6122242654385
5372.3346722946 -1.60853123888643
5392.32026050759 -1.60478768631132
5412.38019698081 -1.60104217361189
5432.51475829674 -1.59733043549898
5452.72422206679 -1.59387662097338
5473.00886693511 -1.59025519999598
5493.36897258242 -1.58673259835034
5513.80481972988 -1.58356543627433
5534.31669014299 -1.58113059762268
5554.9048666354 -1.57880052241067
5575.56963307287 -1.57683211105883
5596.31127437719 -1.57485529155741
5617.13007653004 -1.57318651036396
5638.02632657703 -1.57177648442253
5659.00031263156 -1.57041962040941
5680.05232387887 -1.56916697832604
5701.18265057998 -1.568279299996
5722.39158407572 -1.56738958560223
5743.67941679072 -1.5669701709598
5765.04644223748 -1.56681333814069
5786.49295502037 -1.56707790393993
5808.01925083973 -1.56739696008141
5829.62562649593 -1.56808896094138
5851.31237989346 -1.56899366579643
5873.07981004505 -1.57038170321694
5894.92821707578 -1.57171944032742
5916.85790222723 -1.57295091621393
5938.86916786162 -1.57434229602273
5960.96231746598 -1.57615895136987
5983.13765565636 -1.57834593390533
6005.395488182 -1.58058756670157
6027.73612192954 -1.58277069394311
6050.1598649273 -1.5854308202338
6072.66702634946 -1.58840546470795
6095.25791652038 -1.59164466843411
6117.93284691885 -1.59493438599079
6140.69213018238 -1.59843082588649
6163.53608011154 -1.60218144031025
6186.46501167426 -1.60628493731839
6209.47924101016 -1.61070559212343
6232.57908543496 -1.61527906624223
6255.7648634448 -1.61995266071239
6279.03689472068 -1.62523592038586
6302.39550013281 -1.63066356867335
6325.84100174511 -1.63632046762592
6349.37372281957 -1.64212280819897
6372.99398782075 -1.6484063853244
6396.70212242028 -1.65486961417987
6420.49845350128 -1.66110839499895
6444.38330916293 -1.66742882209841
6468.35701872496 -1.67404033315071
6492.4199127322 -1.6813158572797
6516.57232295915 -1.68841072208521
6540.81458241452 -1.69548604184627
6565.14702534586 -1.7027613137699
6589.56998724415 -1.71002752850714
6614.08380484842 -1.7172605038445
6638.68881615042 -1.72444847532064
6663.38536039924 -1.73147798108362
6688.17377810601 -1.73857910783573
6713.05441104861 -1.74558871103017
6738.02760227635 -1.7526769180062
6763.09369611472 -1.75976986917179
6788.25303817014 -1.76708192269768
6813.5059753347 -1.77415206677479
6838.85285579099 -1.78141034538474
6864.29402901684 -1.78841447396018
6889.82984579019 -1.79527108634406
6915.4606581939 -1.80234627687558
6941.18681962062 -1.80941991463011
6967.00868477764 -1.81659579444435
6992.92660969181 -1.82403759849283
7018.94095171442 -1.83147779216617
7045.05206952614 -1.83896370246921
7071.26032314197 -1.84670947009123
7097.56607391621 -1.8546062987245
7123.96968454742 -1.86304776129764
7150.47151908342 -1.87136126218569
7177.07194292636 -1.87971094511322
7203.77132283768 -1.8881593580129
7230.57002694323 -1.89647427307649
7257.46842473831 -1.90472156448417
7284.46688709279 -1.91342548365725
7311.5657862562 -1.92226852373948
7338.76549586288 -1.93128668161761
7366.06639093713 -1.94057666101182
7393.46884789835 -1.94980865797261
7420.97324456628 -1.95886775025268
7448.57996016619 -1.96815605826925
7476.28937533407 -1.97764667492397
7504.10187212195 -1.98702302546341
7532.0178340031 -1.99624381483644
7560.03764587737 -2.00593768474681
7588.16169407645 -2.01580183776216
7616.39036636925 -2.02547456837617
7644.72405196718 -2.03516826624155
7673.16314152958 -2.0450406380475
7701.70802716907 -2.05513638337969
7730.35910245697 -2.0650368972096
7759.11676242871 -2.07545517145422
7787.98140358931 -2.08608616429541
7816.95342391881 -2.09659248598746
7846.03322287777 -2.10714275947368
7875.22120141279 -2.11742243043604
7904.51776196203 -2.12738612328788
7933.92330846076 -2.13718323463355
7963.4382463469 -2.14708229087953
7993.06298256668 -2.15684405787287
8022.79792558017 -2.16642349222633
8052.64348536698 -2.17584239113581
8082.60007343185 -2.18526979194492
8112.66810281039 -2.19460422052341
8142.84798807473 -2.20399403402911
8173.14014533922 -2.21339274546834
8203.54499226624 -2.22271928085236
8234.06294807188 -2.23197621450374
8264.69443353176 -2.24154835151051
8295.43987098684 -2.25118908200058
8326.29968434921 -2.26098850504916
8357.27429910795 -2.2713563281874
8388.36414233502 -2.2822726225909
8419.56964269112 -2.29332461726628
8450.89123043159 -2.30445347857783
8482.32933741237 -2.31585156811901
8513.88439709597 -2.32749922891526
8545.55684455738 -2.33922242961122
8577.34711649014 -2.35124862046207
8609.25565121232 -2.36299723810753
8641.28288867257 -2.37510524141078
8673.42927045619 -2.38728961230614
8705.69523979124 -2.39978810586953
8738.0812415546 -2.41251671139556
8770.58772227814 -2.42489786198429
8803.2151301549 -2.43739175340898
8835.96391504519 -2.45023354320981
8868.83452848289 -2.46323888298838
8901.82742368161 -2.47592608415228
8934.94305554094 -2.48873098621168
8968.18188065276 -2.50144647265246
9001.54435730751 -2.51456061383624
9035.03094550052 -2.5275869245351
9068.64210693833 -2.54032708311995
9102.37830504507 -2.55347079527062
9136.24000496888 -2.56677740066954
9170.22767358826 -2.57975151410496
9204.34177951857 -2.5926757989741
9238.58279311844 -2.60546350478418
9272.9511864963 -2.61842827168326
9307.44743351684 -2.63153286173008
9342.07200980759 -2.64457840535086
9376.82539276547 -2.65786375563001
9411.70806156333 -2.6714748907807
9446.72049715662 -2.68531978397379
9481.86318228997 -2.6992285553133
9517.13660150386 -2.71326074421059
9552.54124114133 -2.72752281554412
9588.07758935464 -2.74204911573574
9623.74613611202 -2.75662607150871
9659.54737320446 -2.77122591205508
9695.48179425241 -2.78606626905588
9731.54989471268 -2.80109507221113
9767.75217188519 -2.81637141821618
9804.08912491989 -2.83175214519531
9840.5612548236 -2.84739680043378
9877.16906446693 -2.86317341037807
9913.91305859123 -2.87904697574866
9950.79374381551 -2.89523215069316
9987.81162864349 -2.91179913151174
10024.9672234705 -2.92869035490217
10062.2610405907 -2.94543858361714
10099.6935942039 -2.96255144944588
10137.265400423 -2.97995245849491
10174.9769772805 -2.99737650121917
10212.8288447364 -3.01510122117511
10250.8215246849 -3.03338546112982
10288.9555409616 -3.05155790974369
10327.231419351 -3.07013261701926
10365.6496875932 -3.08906585925629
10404.210875392 -3.10801668259901
10442.9155144215 -3.12699695159337
10481.7641383337 -3.14606023638909
10520.7572827658 -3.16545097535882
10559.8954853477 -3.18463514404391
10599.1792857094 -3.20371021875869
10638.6092254881 -3.22337978311655
10678.1858483363 -3.24297148145771
10717.9096999286 -3.26275026986833
10757.7813279699 -3.28267036213306
10797.8012822023 -3.30294384531399
10837.9701144131 -3.32361428857906
10878.2883784424 -3.34446747347923
10918.7566301905 -3.36551847312214
10959.3754276259 -3.386698236435
11000.1453307925 -3.40772521294399
11041.0669018179 -3.42868843851965
11082.1407049206 -3.44952172669789
11123.3673064183 -3.47021131752906
11164.7472747353 -3.49119980138021
11206.2811804106 -3.5122927460321
11247.9695961055 -3.53349884128836
11289.8130966117 -3.55478457464203
11331.8122588594 -3.57619492583564
11373.9676619248 -3.59762596829775
11416.2798870383 -3.61966990012101
11458.7495175926 -3.64196463696811
11501.3771391508 -3.66441469443542
11544.1633394541 -3.68698170825819
11587.1087084304 -3.70956748562847
11630.213838202 -3.73293418275384
11673.4793230941 -3.7561458291322
11716.9057596427 -3.78004819233006
11760.4937466031 -3.80449073640346
11804.2438849579 -3.82930884463851
11848.1567779254 -3.85394882152069
11892.2330309682 -3.87865588588383
11936.473251801 -3.90334762840349
11980.8780503993 -3.92821356255349
12025.4480390078 -3.95297100016407
12070.1838321489 -3.97763281373182
12115.0860466309 -4.00207436655318
12160.1553015568 -4.02676999917785
12205.3922183327 -4.05136866879818
12250.7974206764 -4.07599177279246
12296.371534626 -4.10034252142455
12342.1151885484 -4.1246720337274
12388.0290131483 -4.14905257936785
12434.1136414765 -4.17337598811885
12480.3697089389 -4.19802443575768
12526.7978533051 -4.22230583580699
12573.3987147173 -4.24672265689454
12620.1729356991 -4.27086833606996
12667.1211611643 -4.29486537737872
12714.244038426 -4.31859884278543
12761.5422172051 -4.34191719677368
12809.0163496398 -4.36537083229886
12856.667090294 -4.38869185839021
12904.495096167 -4.41189631599002
12952.5010267019 -4.43480731107878
13000.6855437952 -4.45757417111002
13049.0493118056 -4.4800602773405
13097.5929975632 -4.50273632161826
13146.317270379 -4.52536454466108
13195.2228020538 -4.54812641911008
13244.3102668874 -4.57082457773108
13293.5803416882 -4.59374438450793
13343.0337057825 -4.61709433282057
13392.6710410235 -4.64040698747913
13442.4930318013 -4.66395337301361
13492.5003650516 -4.68760279116613
13542.6937302658 -4.71143658744053
13593.0738195003 -4.73560774918419
13643.6413273859 -4.76016454359613
13694.3969511376 -4.7851359881553
13745.3413905639 -4.81058656020469
13796.4753480769 -4.83622089444318
13847.7995287016 -4.86207718765856
13899.3146400859 -4.88812052302835
13951.02139251 -4.91435156823508
14002.9204988965 -4.94084247795075
14055.0126748202 -4.96752204512353
14107.2986385179 -4.9943576850594
14159.7791108982 -5.02090404149521
14212.4548155516 -5.03396551978714
14265.3264787606 -5.0470918686996
14318.3948295092 -5.06006002273806
14371.6605994936 -5.07293766973614
14425.1245231318 -5.08582307188565
14478.7873375739 -5.09895600787213
14532.6497827125 -5.11202643600291
14586.7126011923 -5.12514967389329
14640.9765384209 -5.13801290078411
14695.442342579 -5.15095376963576
14750.1107646304 -5.1637021737416
14804.9825583328 -5.17654327111792
14860.0584802475 -5.18917575160968
14915.3392897509 -5.2018717108701
14970.8257490437 -5.21454398340327
15026.5186231627 -5.2271933741677
15082.4186799901 -5.2395989501734
15138.5266902652 -5.25178788255867
15194.8434275942 -5.2638590135454
15251.3696684613 -5.27579646970885
15308.1061922393 -5.28758404967095
15365.0537812003 -5.29896700172326
15422.2132205266 -5.3102214576597
15479.5852983214 -5.32125737230316
15537.1708056196 -5.3323554479898
15594.9705363991 -5.34345571989221
15652.9852875913 -5.35455830085006
15711.2158590922 -5.36575301235635
15769.6630537736 -5.37736665011328
15828.327677494 -5.38951399191762
15887.2105391099 -5.40206709779072
15946.3124504865 -5.41470703017795
16005.6342265097 -5.42789538355566
16065.1766850963 -5.44180663331574
16124.9406472063 -5.45604811401356
16184.9269368535 -5.4705179090958
16245.1363811172 -5.48492938897628
16305.5698101534 -5.49974904554797
16366.2280572065 -5.51485506643212
16427.1119586206 -5.53021403870075
16488.2223538509 -5.5459168698705
16549.5600854758 -5.56149354145384
16611.1259992079 -5.57657453617434
16672.9209439061 -5.5916924583359
16734.9457715869 -5.60639469158844
16797.2013374366 -5.62091381192972
16859.6884998228 -5.63537768007439
16922.4081203063 -5.64938884009409
16985.3610636531 -5.66333772045751
17048.5481978459 -5.67702295645245
17111.9703940967 -5.69070841802642
17175.6285268585 -5.7043043327759
17239.523473837 -5.71769508094177
17303.6561160034 -5.73094521896248
17368.027337606 -5.74407445658883
17432.6380261827 -5.75724152969526
17497.489072573 -5.77044412280547
17562.5813709306 -5.78363820346292
17627.9158187353 -5.7967984691913
17693.4933168058 -5.81008772227396
17759.3147693119 -5.82374109311044
17825.3810837868 -5.8372834268365
17891.6931711401 -5.85092534937514
17958.2519456698 -5.86442250297119
18025.0583250755 -5.87830195320274
18092.1132304703 -5.89253025919739
18159.4175863943 -5.90680535898985
18226.9723208268 -5.92107139679084
18294.7783651994 -5.93567531750428
18362.8366544084 -5.95030581373701
18431.1481268284 -5.9652438886963
18499.7137243246 -5.98002035694447
18568.5343922661 -5.9948121690737
18637.6110795389 -6.00942291599069
18706.9447385587 -6.02439641592032
18776.5363252847 -6.03926618066863
18846.3867992321 -6.05393968241124
18916.4971234854 -6.06871996284518
18986.8682647123 -6.08368978463835
19057.5011931763 -6.09885482978727
19128.3968827505 -6.11407811176791
19199.5563109307 -6.12994479587371
19270.9804588494 -6.14589737061679
19342.6703112886 -6.16215602772162
19414.6268566943 -6.17889558875904
19486.851087189 -6.1959119106175
19559.3439985865 -6.2135028984149
19632.1065904049 -6.23131310411753
19705.1398658807 -6.24939937387347
19778.4448319822 -6.26815043624494
19852.0224994243 -6.28694572140507
19925.8738826813 -6.30549625973151
20000.0000000017 -6.3240914855392
